P,n,Paper,Min Time,Time opt,mtsa
1300,200,438656.5940940702,362659.5668254727,310517.78696051025,1.4126617299055266
3000,200,173557.8424834818,208179.8005563504,134557.70768288776,1.2898394709019991
1300,300,658090.1808711905,628977.9405801815,483215.02526882704,1.361899250763312
1300,200,464438.09498119116,454687.64677304093,330346.13588998973,1.4059135086594627
4800,300,188758.68079819865,202820.5393874657,142348.1066563424,1.3260357670502843
1300,300,623088.6828765788,610389.3700447091,458799.8988825153,1.358083740633371
3000,200,187319.87406345864,250101.1580929883,143149.99221899555,1.3085566485878013
1300,200,421555.4648906797,436527.2099770297,312445.4495467209,1.3492130082299159
2500,200,213308.4494844011,232667.40689104225,161469.24921946533,1.3210468898290169
1300,300,657334.7900494377,679080.0961341719,486217.37497475295,1.3519360349546745
1300,200,410473.07392335264,510604.57860073075,316054.13421005325,1.2987429351281559
3000,200,202249.50756586864,286564.50785461947,137411.27820326833,1.471855223314982
100,1000,29530018.779637273,20469245.767581187,20469245.76758122,1.4426529983047212
4800,300,201876.51650822908,203713.9175341577,148288.0517849619,1.361380867023446
1300,200,383114.1561983236,409584.9401004463,273642.7223519802,1.4000524220247044
700,500,2040260.6199472267,1676606.0149182887,1459274.090875474,1.3981339302222495
1300,300,647521.2948499607,616052.5546487378,457852.23697846854,1.4142582312651488
2400,700,777127.9574721336,994305.4403693418,593850.6040508824,1.3086253548805813
3000,200,198935.53552186312,328221.53016192914,154226.969212619,1.2898881209784288
1300,200,424194.9484958532,385372.3243968306,297390.01999757544,1.4263926829128684
2500,200,224665.141360074,311746.82333838154,171779.99066279465,1.3078656046797281
1300,200,430278.2669407161,370418.536062712,303757.44794077554,1.4165192322283688
4800,300,178600.48310753022,198797.96339854694,143441.4983667211,1.2451102724186693
2800,400,358892.445460674,479443.20996646956,282331.9138886223,1.271172077281544
1300,300,641246.572095983,657514.5025062382,465626.2485945465,1.3771701531679788
3000,200,164544.9801963077,264225.37395972677,118578.51301919142,1.3876458390878692
1300,200,455169.47191967873,466218.6447612187,333319.8687405632,1.365563576031395
900,700,2181701.0326674273,1917861.06370504,1583601.610802353,1.3776830092778445
2200,500,599568.8852149469,770164.599872594,464314.4834603781,1.2912991228414064
1300,300,564734.9574150798,594249.953508296,420342.9528305193,1.3435099925245537
1300,200,430527.21209931286,390739.2967439861,308543.94010232337,1.3953513783370233
4900,500,304936.3214325815,311591.3269331227,218726.61253679788,1.3941436659029316
2000,500,664352.7849019445,792966.9823280725,510745.9318064159,1.3007500276159791
3000,200,174588.74562186355,230292.65752965902,128869.00866561601,1.3547768189548135
100,1000,28177133.83929449,19653548.592599373,19653548.59259939,1.433691921157927
4800,300,198194.18964797343,201301.56412231745,130823.99861272547,1.5149681384887341
1300,200,433581.6305156413,451349.306293562,327232.96399141336,1.3249937452114957
2500,200,235853.52612866703,318058.16045885975,162471.63376429485,1.4516597184640285
1300,300,623384.5326386206,598660.2415555916,460517.85052717576,1.3536598677445486
3000,200,169561.49723638748,204415.53760647346,131628.22744100273,1.288184916965374
700,500,2010812.2852643244,1624348.305424291,1426432.1914882888,1.4096795468183554
2400,700,744098.1120469598,1015471.5337282451,589168.1382145174,1.2629639381076512
3000,200,216799.44212781376,265955.08210364403,144438.60978757738,1.5009798449781249
1300,300,623414.6548529776,631174.1476395878,466600.8433842369,1.336076999628583
1000,500,1389323.1702176011,1274440.3815047697,1021491.8636128318,1.360092253014935
4800,300,177398.06307337384,205533.12501680828,131967.49793690105,1.3442557133135535
2500,200,216398.93343882993,364473.3108552237,164348.1497892277,1.3167104936462992
3000,200,169357.6907252147,223795.30547943315,133702.37404434013,1.266676765732298
1300,300,644524.0382407212,571313.0570879196,464993.4318710452,1.3860927790899733
1000,500,1395672.5813902016,1202878.0059748744,998502.5340418022,1.3977656879254068
2800,400,348629.48643346055,469834.6474527573,271886.6711003905,1.2822603072908043
3000,200,188518.9473567374,248778.65902580947,141800.9510629458,1.329461797989305
1300,300,654375.4699933698,607100.6027994725,475953.27999912517,1.3748733278917051
700,500,1966262.2137960598,1545735.4481968551,1395654.3892945878,1.4088460788561536
100,1000,28411028.367393024,19736139.002300244,19736139.002300236,1.4395433860737268
4800,300,178291.5307545363,187088.29209931789,144863.04739585196,1.2307592167886532
2500,200,192281.38321353076,291285.29793584417,142294.2156230297,1.3512944456078848
1000,500,1352893.2462869885,1217416.7971922036,976958.0725062113,1.384801747751961
2600,300,315718.0987621796,398339.1315231289,241607.51263441352,1.306739576595476
2000,500,675224.3228803,760116.051897269,499251.2670209011,1.3524739294292705
2400,700,748416.304889486,960223.5191678145,589456.5261617136,1.2696717597866798
4800,300,183337.4545204786,188151.60345402808,124723.58451777676,1.4699501720490373
2200,500,600850.9285315952,708073.4760632126,453864.78820081917,1.3238544697716004
1000,500,1401846.702050616,1372375.7273551605,1042775.6535030619,1.3443416111042719
2300,900,996934.6045258247,1194621.3349711017,782882.8820201715,1.2734147436629455
2600,300,290924.5826909634,385245.3421685734,229399.94944125766,1.268198111636726
900,700,2171334.8407339626,1901590.7252224348,1571115.0352387133,1.3820342826800411
2500,200,220041.8926137677,247534.54585294786,154642.8103987392,1.4229041236795945
2700,500,485453.6011049343,637798.4383970295,378330.3198566043,1.2831474920882155
5000,800,442734.6704045692,473239.0353712311,326730.40757505194,1.3550458118988218
4900,500,286702.3861529647,296012.4692179531,204121.41780085766,1.4045678755409865
700,500,2064269.8255251225,1781423.1565254799,1489679.505004374,1.3857140536541523
100,1000,27733354.42194632,19325414.539858285,19325414.53985831,1.4350716443751719
4800,300,176383.92874105801,179631.54030427287,126371.0617498975,1.3957620225597343
1000,500,1354934.38461547,1237481.2039270743,992944.4342876563,1.3645621424803163
2600,300,311832.2163385528,418136.2934496651,243108.68748737648,1.2826864377470872
2800,400,356860.19718906825,507841.0669680183,282421.2474404159,1.2635741836823278
2400,700,725859.6194625646,940926.4371642616,574171.2069099577,1.2641867281519654
4800,300,168721.14786980237,188251.65688880015,125935.7211317414,1.3397401972495406
2500,200,209463.3245486955,240989.7360334685,157953.87292920327,1.3261043915180184
2600,300,321248.8513371898,418416.46455078473,228926.11848923427,1.4032861495107085
1000,500,1350225.3963213,1229593.5124348898,985140.6742640273,1.3705914612956347
2700,500,490929.564980771,669941.9008936264,369815.7533488156,1.3274977080755104
100,1000,29015809.529353715,20175707.012997024,20175707.012997027,1.4381557737065653
700,500,1980887.8797782874,1630752.600979188,1418492.0489823662,1.3964744329722447
4800,300,174432.51648185338,191744.63768326739,128904.0133330964,1.3531969406655195
2000,500,650897.1031099083,760739.8603147988,488479.0362531057,1.3324975174014337
2600,300,312896.81131741713,422888.1606462402,232813.12429727326,1.3439826996947433
2500,200,232106.5187707949,317907.80649596266,173326.33174509287,1.3391301623584162
1000,500,1412465.4873125886,1258065.2355824667,1033020.7141330796,1.3673157449683306
3500,1000,717219.2748609022,946237.5518897095,584835.5933594635,1.2263605071315664
2200,500,597349.4310062797,679425.2521787608,444071.851139187,1.3451639176720758
2700,500,474384.468119219,573861.7961556473,361836.3231504487,1.3110471165217255
2600,300,274842.2642915393,369002.80736756016,210171.47641525965,1.3077048749874234
1000,500,1417556.8209639445,1261904.844149571,1023582.3568774845,1.384897669874175
2400,700,757675.2299996325,1013855.2488309602,599905.3815716716,1.2629912204065
900,700,2174985.163311916,1909769.050926564,1571884.0697645696,1.383680390397796
2600,300,299029.5588842099,391425.95234344876,230258.92526358788,1.2986665274403464
700,500,1977301.3731085546,1600792.7163993556,1407343.8203771817,1.4049881375672781
4700,500,299965.4555607354,316475.5634352788,218726.61253679788,1.3714172778599136
2800,400,366850.09458086215,491838.40718456754,278835.52028445917,1.3156505104034568
100,1000,28946700.928588815,20151936.22572745,20151936.225727454,1.4364228133886863
2500,200,207309.46163975637,262048.4610104752,160442.84885320815,1.2921078323000064
1000,500,1344127.8344696085,1226519.6508121705,981697.1745407823,1.3691878405358187
2600,300,309211.6878772233,400269.1751131153,233300.42169211846,1.3253798927345417
4900,500,269235.6959743909,285921.372191022,199379.1984706554,1.35037003879829
2700,500,488091.9011054744,732166.4775781069,386213.205001134,1.263788743587991
2000,500,659246.4690290873,866653.4661309913,521387.8267515309,1.2644070981412716
1000,500,1344719.0561457581,1374744.2872376665,1006641.9379944293,1.3358464468755322
2600,300,288728.44316916296,382721.560570198,232496.7159355226,1.2418603076063874
2500,200,233884.01896105742,303558.7126741313,170161.14127553493,1.3744854859802489
2400,700,753528.5406545994,985422.6403714528,597259.2808863652,1.2616439204365684
4700,500,301832.38602339197,306603.0168336483,212447.34766846854,1.4207397236816148
700,500,2064214.7644714073,1674319.1360355162,1475743.877332971,1.3987622081156432
2600,300,304398.7621732601,414911.5285387462,237976.63999956258,1.2791119421377644
2200,500,610451.4786678106,859643.9678200582,473988.93341048266,1.2879023868246076
2800,400,384273.1245702535,573668.2229699091,296599.36092424154,1.2955966033534572
100,1000,28899441.519126184,20095710.61325609,20095710.613256123,1.438090051916984
2000,400,523001.41885216447,601167.029386497,395264.67944407125,1.323167604016001
2700,500,463190.5420436456,641530.9608911729,367757.19788431714,1.259500955272528
900,700,2130485.202475826,1846614.1877227766,1531123.218426554,1.391452481966279
2000,400,493105.25526455976,591037.6469762924,380641.3395405467,1.2954590162481108
2300,900,1045957.0385170697,1314164.8738923448,805022.1751518529,1.2992897224474205
4700,500,292554.7426450011,308657.7563284952,207863.41968217265,1.4074373600334449
2400,700,762807.3195531169,1037684.3183233988,603773.7134498603,1.2633993540304456
2300,600,670384.6474034922,826286.7442003997,528751.7238017203,1.267862812027226
3300,400,302254.54401152505,443233.39698502934,239554.35117822498,1.2617368147350079
700,500,2045664.0012706723,1644114.291637217,1462260.5098249777,1.3989737037455274
2000,500,635219.8346370591,816837.4938488367,496472.21714382817,1.279467033002243
2700,500,475504.6219589364,620219.4975485766,364866.91639408417,1.3032275621431104
2000,400,514987.7009623816,594170.6974596194,395389.7464165822,1.302481173651355
5000,800,409204.2772755667,438164.04842606635,328528.93501543667,1.2455654088926424
100,1000,29291525.355594814,20347364.98928941,20347364.989289388,1.4395733978828966
2800,400,370127.8968495472,473343.31576134363,292922.6202600885,1.263568844635172
4700,500,307024.415388527,321260.8500022999,237834.46181356232,1.2909164342600714
2000,400,502954.8248454404,614175.5215342375,390369.72839824285,1.2884063190789778
2700,500,476532.3459408998,636441.6329342946,382600.2644937332,1.2455097138300728
2200,500,578252.0628988398,790062.9901368452,451338.37922166195,1.2811940874517296
4900,500,300846.8156909811,332980.8845157056,237834.46181356232,1.2649420668347633
2300,600,671127.6165572895,890883.1402101065,531801.8067322284,1.2619882220430554
700,500,1951642.7178099323,1636224.3396349999,1402424.5350582604,1.391620489389724
2000,400,536803.6442160396,672774.8342784467,415239.10529393813,1.2927579251863783
2400,700,678841.6421349825,921815.7510612122,547602.8264813148,1.2396605884906728
100,1000,29678295.827480182,20614053.172200803,20614053.17220079,1.4397118111397438
900,700,2222872.532647524,1962993.4465372704,1599747.6841911243,1.3895144556945982
4700,500,283205.1681213428,279065.4205057538,211264.77325269283,1.3405224342943458
2000,400,543278.1722952868,593192.259402779,410091.66836412385,1.3247725184528878
3300,400,295111.67763984937,402798.8691233508,230691.72093366468,1.2792469380585558
2700,500,482833.3486535648,649228.5555199803,379104.57662129053,1.2736151933504485
2000,500,643821.7124251974,788683.9540314063,492570.33713201364,1.3070655374293212
2300,600,653057.6271459085,880882.5614276362,503520.656761757,1.2969827918200099
2800,400,356719.06423900614,482518.3772607892,273004.03869257367,1.3066439088130226
2000,400,507063.91953560733,590537.2757988978,382205.65416960313,1.3266782267710737
2400,700,711829.7880453416,835410.7468630781,564757.1137902455,1.260417568303035
2700,500,469237.55168335245,664965.339409754,363591.54612621566,1.290562326552178
700,500,2010396.6420510495,1758283.1044014352,1438059.9114206133,1.3979922714520587
100,1000,27517316.208061043,19128267.139689445,19128267.139689453,1.43856816757672
4700,500,279187.1316334602,302579.5455789119,209604.39877958025,1.3319717203409125
2000,400,495505.61604224227,638181.7034325246,387797.1048427521,1.27774449539319
2200,500,572854.6115976779,725905.0704542573,447791.21557455783,1.2792895252816698
3500,1000,691089.1549143527,1042397.860298971,561529.9597885539,1.2307253475390427
2300,600,699801.7507015539,1047088.1386205215,545088.8282696613,1.2838306610007322
4000,300,214207.49078112977,270022.2442406814,157044.8832123688,1.3639889845469277
2700,500,498720.9919246492,817145.6692444226,372830.34740534413,1.3376620100681766
2000,400,533813.0972016369,606511.8531171253,399634.6843569554,1.3357526713693166
4500,200,112577.29682804857,123277.32841084724,89705.13845525852,1.2549704372196895
2000,500,658562.1522620055,822609.5374501881,516510.3570665398,1.275022162192898
3300,400,295734.2102935901,421933.8123968184,239630.14934338318,1.2341277218410918
2400,700,735188.3324691217,885660.4805880154,573320.0148554335,1.282335019569314
4700,500,278103.9834558139,293956.5550306904,219791.64130491056,1.2653073693098653
2800,400,350075.4797186207,518007.8926185851,276997.9320305372,1.2638198312615099
4000,300,215575.9142040707,270289.6496971026,149109.9671368175,1.4457512019050118
2000,400,547581.0654278066,672458.9881080231,417457.6958599797,1.3117043256317684
2300,600,702629.4724025204,876787.6824779363,545320.4403206304,1.2884708154152398
900,700,2198833.560127967,1883040.8998893301,1592691.4156969741,1.3805772659142137
4900,500,266330.7703946625,278526.62013444246,205105.55517118043,1.298505884798604
2300,900,994597.3621215001,1306310.0161804338,790336.3514128729,1.2584482041645595
4000,300,202238.48355140325,253222.62371703755,158020.6468667947,1.2798231595766245
2500,300,346857.85910217237,414284.0587516775,251271.81313979006,1.3804089474580459
4500,200,151706.0623631188,161945.75159461063,115155.9162563489,1.317397032605824
5000,800,428112.78348828014,453037.5830259409,327438.69034349575,1.3074593690781422
4700,500,285657.6042872705,302233.9025721051,217783.4801866988,1.3116587357424236
2100,800,1021298.0401966333,1212990.955124308,777929.5418453617,1.312841311790225
2500,300,308757.25569239736,418001.0779783422,238575.94741890798,1.2941675765422413
2200,500,592767.0321639611,736684.3174663114,469554.87006049074,1.2624020534332814
4000,300,212402.8167595993,267328.9047410768,148801.97701800228,1.4274193193945435
2300,600,694451.2238293987,844992.5934892399,534799.9799706156,1.298525149285823
3300,400,294639.97325709875,445606.6976779706,236587.71418075322,1.245373092501302
2500,300,325750.07379997737,426842.0287358821,252833.03498687153,1.2883999664715178
2800,400,370649.0097581257,469856.6550043902,285453.34596925386,1.298457401154612
4000,300,209436.70348313794,256768.32286459533,151328.5307932276,1.3839868951698753
2000,500,683651.5612898485,763601.589935384,511791.17843874224,1.3358017685560337
4500,200,168277.860371486,167581.95220307095,137320.72161632078,1.225436761406342
4700,500,283214.8498801867,308168.55733591097,208871.73926399625,1.3559270913248205
2500,300,318489.0546770757,442975.4634657574,238083.16322880363,1.3377218714580001
2300,600,681711.08428263,831864.85322429,527282.6987951747,1.292875882027458
900,700,2197278.553120368,1978416.6239883609,1610063.2358662942,1.3647156858023175
4000,300,188263.80430996744,238439.4782955398,144863.04739585196,1.2995985359573363
4700,1000,537946.9492949288,569450.3476683614,435515.8673953451,1.2351948334562068
2500,300,326213.66193291626,428834.4198334938,242125.6492691642,1.3472908092040832
2100,800,1002708.6853610295,1198699.7231067112,782211.7500367541,1.281889060492782
4500,200,159702.55534597934,174580.27652984668,153927.2635835206,1.0375196156158852
4900,500,267543.1098719828,284240.9058212592,201049.11719674026,1.3307350641593398
2500,300,278499.17055437784,401056.03738162393,218578.33547187003,1.2741389486435142
4000,300,199031.97256453856,233715.58710119722,149668.30142133211,1.3298204808528058
4700,500,341798.75338046416,347792.309225492,288145.1780149138,1.1862032734164767
2200,500,606848.9798199914,730581.1372733305,465264.70767158386,1.304309073552915
2300,600,664340.8539825828,847949.815672465,519332.96853487915,1.2792194877532885
2800,400,375472.81122326216,535195.7117888704,298184.0684714141,1.2591980958206608
2500,300,308334.67585644673,414545.1443035848,239469.2822741314,1.2875750615207588
4000,300,196421.07161810354,238532.829269356,151645.274099877,1.2952666859155546
2000,500,628099.2468580003,798920.6672837492,490848.5872703912,1.2796191394801806
3300,400,319350.0914166052,457424.5734263483,251660.06381450797,1.26897405403183
4500,200,133649.03401305334,145184.93672783417,112828.85828240226,1.1845288168966466
2500,300,309822.7691454806,397556.1719586348,242632.4385598032,1.2769222902943234
2100,800,1017294.0985380148,1241012.9841875758,779615.9293892756,1.304865716808696
2300,600,689832.1749816095,875515.2240402161,527229.0484524736,1.3084107884541067
4000,300,195810.24624820738,236904.9650173743,151122.86535808968,1.2957023133741525
900,700,2005249.3984883397,1751535.5451335306,1460274.203950173,1.3732005900425823
2500,300,302768.5848194518,404667.34759989777,241796.5845729435,1.2521623717481198
4000,300,205204.02394387955,237143.88074354827,154684.81599971568,1.3265944858107905
2300,900,977000.9505049421,1329592.8585273821,788768.4616908,1.2386409928341302
4500,200,132241.89331195992,149109.6374072965,89579.42667687622,1.4762529546987655
2500,300,313925.14672139916,405062.46058458963,247495.7055995451,1.2684064394609689
4700,1000,538952.1027895537,578326.0548076985,418160.6083531784,1.2888638767579819
2200,500,563679.5889834403,789134.7649700106,446225.98842762836,1.2632155087373655
2300,600,655131.3331917828,802757.386071892,506575.5332969107,1.293254983966629
3800,900,587543.3777667016,733278.8954545337,473850.1654332617,1.2399349427882658
3000,100,99773.88995743857,124749.57829685195,67632.47595830692,1.4752363941096245
5000,800,393097.04621627735,419098.9730588608,311071.7580976556,1.263686065942609
3500,1000,693671.1026833683,1018691.3517083678,563889.6857800067,1.2301539116180853
700,600,2437768.2608916033,1958780.1420474178,1737327.092491367,1.4031717293925277
3000,100,101228.06075717809,147114.73186092038,82865.58990685953,1.2215934366841275
2100,800,943374.9335738039,1193522.7740377209,740647.0430896562,1.2737172751523524
2000,500,661202.1090791705,903195.696428897,503320.96899721463,1.3136788447270704
3300,400,317736.330675824,435996.71460712515,248540.40506916595,1.2784091608259898
3000,100,88994.1604127255,162890.94826892388,67828.79602926127,1.3120409858717457
4500,200,120445.08463874484,126013.10124320889,87752.15162733514,1.372559902009579
4900,500,268599.06967975054,282171.4433240868,210820.55390471013,1.2740649083065971
3000,100,103309.02756350214,183092.79363066796,70274.43572592597,1.4700797878536205
700,600,2410046.806588217,2060460.339993314,1747348.7935487502,1.3792591470496116
4500,500,317376.4744241557,340358.59714391566,226998.1919139626,1.3981453849837207
600,900,4245235.576645258,3264310.5726781883,3001051.047743991,1.414582927483546
3000,100,88270.51898869083,111728.96110662512,69607.94643997772,1.2681097992857133
1900,200,300765.4149372431,272688.2198984553,212459.5384466649,1.415636206009862
3000,100,104213.61987429268,130252.07972956452,67935.02440692892,1.5340190245617045
900,700,2085974.770041779,1765517.4311234006,1506018.9701073212,1.385091961951269
3000,100,126371.98218197087,160861.4683523492,96621.71431835281,1.3079045747997782
700,600,2285426.1209607054,1945803.5227390314,1654425.0150743444,1.3814020581996616
3000,100,92037.87192086177,106486.1481353948,66290.68832070059,1.3883981936588388
4500,200,150026.76634335113,154434.3663703432,115640.3076979828,1.2973570317295875
3000,100,89837.46096895091,129269.4507657967,62896.925228974906,1.4283283426320057
1900,200,299108.54994609044,345750.24119202,226026.3035036772,1.323335139802542
2100,800,976133.468837876,1145229.6183197182,747957.0699781051,1.3050661702635558
2200,500,579884.1195841926,831388.1996533065,457564.5172701951,1.2673275520657712
3000,100,109414.24207253385,176128.90460599874,100775.01706203852,1.0857278446817518
700,600,2478199.574436263,2173282.5309027587,1791006.1500288872,1.383691270069783
600,900,4375673.345647062,3466232.429111657,3085918.3380821026,1.4179485217248302
3800,900,638700.4314816175,815779.831671422,487250.2639077004,1.3108262402144255
3300,400,306027.9414296029,427277.26182454,231639.79040582007,1.3211371884487502
1900,200,298487.17518503015,342022.533802688,213778.46547933534,1.3962452883912346
4700,1000,530027.705142641,566506.6038723285,419917.85111277096,1.2622176069392665
4300,200,118172.80971100085,127200.55095183854,93877.47047643333,1.2587984008438589
4500,200,132848.45676105635,162007.23173865027,89134.91602956009,1.490419946286811
700,600,2537253.252022558,2025885.6979554335,1791767.1610535,1.416061923208112
4300,200,157121.3864998654,176980.57636395106,115155.9162563489,1.364423050137494
1900,200,276943.31365624827,436052.03408332245,216247.5655121417,1.2806771396494572
4500,200,150332.60697571473,172930.4192931705,124828.15119872103,1.2043165386339154
700,600,2491731.084757053,1954962.256714381,1757199.9341891657,1.4180122798074346
4300,200,168747.60531083602,184824.05209055403,137320.72161632078,1.2288575484064461
2100,800,983353.2416434714,1272369.3413972273,765305.25582767,1.284916357434374
4500,500,313906.80834766495,330824.0478136116,221889.45200928938,1.4146991013097967
600,900,4278899.788935577,3368250.562042453,3029622.680416013,1.4123540256663312
4900,500,270871.84928715165,296793.69253332075,208894.35854642538,1.2966929847794437
900,700,2125585.953416086,1786354.5961775773,1528853.3729478228,1.3903138070838585
1900,200,246339.07194628366,342664.57289581693,187229.23108293384,1.315708399385387
4300,200,166963.6641553389,182070.56917653655,153927.2635835206,1.0846919529934005
3300,400,290867.658787093,424383.45532503707,235028.54838954672,1.2375843733885301
700,600,2442441.4928070484,1973407.6689702237,1732500.2960412884,1.4097783985306984
4300,200,140144.43292749696,147033.53105405645,112828.85828240226,1.2420974124964186
1900,200,280413.3900005211,336918.85646803456,203477.38210360424,1.3781059452482216
100,600,17473432.09540932,12161289.647439558,12161289.647439567,1.4368074934460728
3800,900,584196.8933445627,767457.3156944549,478361.4758551599,1.2212456956325808
2300,900,989293.3314245732,1261967.9591167448,774860.3399030864,1.2767376009311644
4300,200,134287.16768674122,146036.71703522615,89908.61069694141,1.4935962934561229
700,600,2373373.6042878455,1997999.752948728,1706379.75375746,1.390882421724508
5000,800,392549.0212822495,403179.6925396905,314141.9693908041,1.2495911388201177
600,900,4215555.986961292,3394027.1124369535,3023612.4364814004,1.3942117501894407
2100,800,988743.207178846,1256557.8371805404,762184.0057225222,1.2972500075510691
4300,200,127765.74710179385,141526.60551561665,91833.64705186237,1.3912738000009854
1900,200,288983.46586353565,293290.5856203546,207834.04332789904,1.3904529846807023
4700,1000,530328.8190296071,581788.4376938728,411179.0327629428,1.2897759291519075
700,600,2426901.306084746,1979811.0313447246,1732324.0163438418,1.4009511403108323
4300,200,159150.35692496854,177897.59063420576,115640.3076979828,1.3762533159339276
100,600,17635697.700951107,12231441.554841258,12231441.554841252,1.4418331332312035
1900,200,302678.7693802107,384894.7393758117,228060.9628224906,1.3271835987809903
2000,600,795447.1825148293,888882.0017903667,608064.4823719783,1.3081625478467285
4300,200,123901.61882855733,163199.2634738187,93280.7260774466,1.3282660206320398
4500,500,280940.21944035986,315037.3935233612,217101.7938902692,1.2940483558710565
3500,1000,707561.0211629503,937515.1478429202,552154.7011388089,1.2814543092789372
3300,400,303210.78512061195,417988.3026012844,242202.8390042154,1.2518878241362594
600,900,4199262.613405859,3270616.039693445,2970297.969628498,1.4137512991435908
700,600,2354905.3814370106,1845665.5979755484,1664462.4665469923,1.4148143492369494
4900,500,284733.7579829393,282793.07092164346,208283.00259983508,1.3670523010943225
1900,200,299281.495610098,340502.9203534837,211109.0116489581,1.4176632881392917
4300,200,157384.6953486639,166948.4849852285,124828.15119872103,1.2608109135423649
100,600,16655908.216054648,11580975.105520394,11580975.10552041,1.4382129366736245
3300,100,85196.83525656482,118752.35009155345,61484.06905300629,1.38567333894436
200,600,8717554.034674324,6124762.532992426,6080644.823719784,1.4336561807833783
2100,800,991175.6258905136,1247536.3434791844,780644.6033968142,1.2696886926235282
2000,900,1172466.1442990066,1304178.4608424606,900315.3143231972,1.302283906145033
3300,100,97476.41828836393,124368.16670939037,82764.5367230505,1.177755861964682
1900,200,296129.6855553523,384187.57045702403,223896.2385204407,1.3226201901034484
3800,900,591489.0649649132,841243.8073403968,477412.48997074744,1.2389476132079318
3300,100,79208.29471082876,174770.04206111457,61662.54184478297,1.284544755067217
200,600,8776029.193523789,6177834.807100559,6115720.777420626,1.43499507464845
3300,100,94221.81640733895,113495.80418498552,70156.3045836674,1.3430270731402532
600,900,4147716.6612896565,3268023.5313472734,2943714.9983641263,1.4090075512047242
3300,100,79917.0706170948,106917.14647874913,63279.95130907065,1.26291296001107
100,600,18217485.36578632,12537043.050202204,12537043.05020221,1.4530926704836107
3300,100,102737.03658399796,112395.902626281,67837.48332561705,1.5144582544559404
200,600,8335158.776508955,5869102.9563020235,5790487.552760205,1.4394571615192848
3300,100,123357.93201853288,164589.69931452625,96621.71431835281,1.2767102393990712
3300,400,316445.4254976454,455361.81726983807,253004.66415756347,1.250749374725254
3300,100,85494.67360351264,111849.09744931657,60264.26210972782,1.4186629124877668
200,600,9012872.846291842,6376944.850307251,6268521.525101105,1.4377988190997675
2000,600,780594.4276295943,1003218.6916322119,611572.0777420626,1.2763735560190483
4700,1000,562050.5722644594,611070.0702222302,429270.36197866016,1.309316044261169
3300,100,78962.63992573023,139517.9333156767,57179.022935431734,1.380972179515855
4500,500,321904.2085539475,345622.8666948545,237834.46181356232,1.3534800890473442
1500,500,906294.111299918,989423.4360146516,680994.5757418879,1.3308389575828627
2100,800,979033.5961380512,1168172.4340622535,759797.1181129172,1.288546077365553
4900,500,322539.1235858335,335617.8942851493,288145.1780149138,1.1193632522600796
3300,100,106330.53262109403,187777.0618596596,100588.76879010165,1.0570815599003274
100,600,18015905.084515043,12542370.1273745,12542370.127374498,1.4364035586220036
200,600,9073646.070113875,6303811.040007992,6271185.063687249,1.4468790153641027
600,900,4266379.480245761,3355628.601470324,3002110.3209372703,1.4211268155241479
5000,800,407324.99355797214,461410.7087325666,321428.2074476214,1.2672347482893147
200,600,8836033.691021835,6194555.121200032,6150199.769662079,1.436706777332426
2300,900,967038.3892454957,1199876.5807015882,767925.6517471634,1.2592864778580015
3800,900,584727.4660111015,729823.9031038198,468994.41625713126,1.2467685024431472
100,600,17650418.38860224,12300399.539324163,12300399.539324159,1.434946753735451
200,600,8745093.384092888,6095028.813532957,6063751.036144509,1.4421920246998212
4000,400,250803.15754354492,308876.7614653436,197632.33972203563,1.269039054520594
2100,800,1008449.8829282948,1122720.55176473,769557.902847126,1.3104275574291973
1500,500,907474.4120711457,903087.2528402172,665668.3560278681,1.363253043131217
200,600,8574984.169705398,6064231.262766741,5972329.13815111,1.4357855991105017
2000,600,743009.836878555,997016.8485730262,579048.7552760205,1.2831559175433813
600,900,4146178.659167062,3153688.532008423,2921610.164118676,1.4191416466466824
4500,500,290025.49305582704,315346.94888608827,220654.31873059028,1.3143884729939779
100,600,17469327.03760135,12127502.072289024,12127502.072289018,1.4404719894889357
1200,1000,2325639.3512679194,2226014.8302251934,1705770.4806317685,1.3633952385004162
200,600,8735566.944468992,6123144.025288042,6063134.0572034465,1.440767573675944
4600,300,195148.48186712826,213474.14921106497,142348.1066563424,1.3709243238356295
2000,900,1200539.320048538,1410739.286372923,925775.5014246308,1.2967931406708069
100,600,17274022.759506926,11944658.276302202,11944658.27630222,1.4461713646323375
4700,1000,538764.9364194795,580604.1851806664,428764.6005473926,1.2565518135864115
200,600,8348775.778894263,5854585.811677904,5825618.632914472,1.4331140270192202
4600,300,205848.11235780682,211566.21562522682,148288.0517849619,1.388163846513507
3500,1000,752476.1507988834,1040392.2953690427,576448.7717999151,1.3053651731260296
1500,500,881678.2447113164,947710.3893537574,651305.3816708076,1.3537094418742992
600,900,4165588.399447175,3327318.3048019437,2967885.135475751,1.4035544535248439
4000,400,244814.98634525648,307346.3826064898,190320.66977027335,1.286328944936777
3800,900,582321.0892018169,735220.3042242748,464797.10500486207,1.2528500778758627
100,600,17507825.932304423,12126268.114406897,12126268.114406893,1.4437934051205619
4600,300,183528.17743594976,208609.77894259378,143441.4983667211,1.2794636107798
2000,600,830147.2104179629,1067454.7521086615,626852.1525101105,1.3243110151154396
2900,500,451484.38359560876,652526.0363930321,352238.57365959714,1.2817573581021897
1200,1000,2206784.8302599937,2230981.457508726,1637795.716049949,1.3474115291877415
3200,900,698316.9755911373,903772.6413257997,562697.0714519983,1.2410176114639833
4500,500,287332.9114289276,310847.19389939867,218920.1498364505,1.3125009810361745
4600,300,191651.05206082674,209028.01901961054,130823.99861272547,1.4649533273185287
600,900,4303452.94452425,3343379.97946173,3034061.7686817944,1.4183801361413835
100,600,16756977.375641253,11651237.265828969,11651237.265828945,1.4382144139134954
5000,800,409221.31600972766,431033.20300756727,320117.2824034593,1.278348088354587
1500,500,916794.5181864816,1060851.7989327789,695183.7690020413,1.3187800968117676
100,500,14751230.341806721,10214918.636128323,10214918.63612832,1.444086915155084
4600,300,185942.55436686214,209692.98915040967,131967.49793690105,1.4090026504538922
2900,500,447786.763120726,590671.5254336067,344311.2186351042,1.3005291111216553
4000,400,246542.57107071744,334812.2706651148,197694.8732082911,1.2470863157435572
100,500,14431596.298690325,9985025.340418026,9985025.340418022,1.4453239532876485
4600,300,177959.45526935573,187117.64215469224,144863.04739585196,1.2284668759111819
100,500,14080881.400879923,9769580.725062117,9769580.725062115,1.4412984341035164
2300,900,1010671.8320109106,1218583.45575029,783159.2141575487,1.2905062134755054
3800,900,585772.0085518251,735257.783292809,474017.41909535846,1.235760512070939
100,500,14967108.167325689,10427756.53503062,10427756.535030618,1.4353143091752996
4600,300,177335.73082828263,195972.8961143746,130146.34906202793,1.3625870576189898
2000,600,819545.2042301536,982444.4522904953,627118.506368725,1.306842639640247
2900,500,438306.97932299436,585729.3920123052,336882.0939676591,1.3010693865049179
4700,1000,533441.4665046121,584454.3277597514,427568.310920343,1.2476169371775392
1200,1000,2205143.527514046,2266584.7875262084,1644678.2501916864,1.3407750283418884
100,500,14261468.245778639,9929444.342876567,9929444.342876563,1.4362805967093106
4600,300,178572.34934819292,197141.4882433607,131865.45573902348,1.3542011313532152
100,500,14257269.489611235,9851406.742640281,9851406.742640272,1.4472318382613192
4500,500,284422.14263257274,332906.2992383725,229560.15869623993,1.2389873933173554
1500,500,876288.8426572492,971009.5743328354,661962.9561917708,1.3237732330196859
100,500,15011686.214823395,10330207.141330782,10330207.141330797,1.4531834656792277
2900,500,469024.9627154322,731499.973298041,359577.81155278,1.3043768209446016
2000,900,1166078.364004812,1413691.218138256,908886.8041248039,1.2829742479622268
4600,300,185281.95636800083,199023.64622476237,131411.18726790408,1.4099405097853048
4000,400,252030.293425193,307660.90110999846,195184.86419912142,1.2912389209036192
100,500,14890333.974190513,10235823.568774844,10235823.568774844,1.4547274944846262
100,500,14151547.724569129,9816971.745407825,9816971.745407823,1.44153900933747
4600,300,173018.18718627625,198362.90546949446,134508.53565192668,1.2862989426485365
2900,500,436143.7272798407,621381.6900301664,342394.6325129849,1.273804218479682
100,500,14495928.967963908,10066419.37994428,10066419.379944293,1.4400283179980256
2000,600,832626.4156290606,941282.6175919126,615019.976966208,1.3538201144884257
1500,500,867226.1334095311,900481.4696187769,656760.4495093515,1.320460350585077
1200,1000,2174294.1469447888,2132552.1474974863,1610451.2116548591,1.3501148815992623
3800,900,561023.2143813047,712593.8387900644,461306.86801873834,1.2161605501145842
4000,400,260229.8855024426,318555.89593208366,207619.55264696907,1.25339777581031
3500,1000,724334.1885827627,959928.4124453523,575769.6064493558,1.2580278300023022
2900,500,438951.6176419068,592482.0840773009,339703.68078069907,1.2921603222935896
4700,1000,532762.9970300837,581563.2363361992,432922.65934658266,1.2306193393392522
5000,800,413154.2567099021,435930.151996139,327870.733426662,1.260113253756808
4500,500,295152.08217028243,324360.7921976249,227462.7459727743,1.2975842743303998
1500,500,909475.944420481,989802.7871688397,688680.4760887198,1.3206065454123852
3200,900,735188.8373481206,1010287.1884766693,578609.6883903942,1.270612732727145
1900,900,1238922.4803736382,1312049.3497449595,947700.3308665234,1.3072934977672086
1200,1000,2249474.339714701,2262207.638298664,1681308.9177497523,1.3379304159793404
2300,900,974739.3874640701,1168488.25808724,762159.1732483503,1.2789183961529915
2900,500,446330.7447116562,654507.7225943127,356214.03935623437,1.2529847097500275
4800,900,458427.77774786967,499878.2587843125,375131.3809679989,1.222045931121333
3800,900,591223.18485455,759386.9319757598,468613.4424435397,1.2616436732409417
2000,600,789378.8892597595,896661.4147484644,606375.1036144509,1.3017996361566768
4000,400,263316.66988261,321464.9344778299,205045.83418206192,1.2841844406788039
3100,1000,830140.8222564424,1087697.3268677937,660298.2505671362,1.2572209930034297
2900,500,463960.0773129661,553391.3949331706,352959.43340602913,1.3144855566992217
1500,500,915388.2088104654,953408.9354971211,682388.2379183229,1.3414478121764328
2000,900,1156695.2190953558,1447720.685536769,907083.7309444201,1.275180206231954
1900,900,1247209.200642452,1455169.5624482306,974500.5278154009,1.2798445614374365
4700,1000,546067.2931086869,570875.5584308229,438596.87600427214,1.2450323360337112
4500,500,295626.37350309803,336413.3720959502,218154.9276757294,1.3551212280775247
1200,1000,2271009.787379979,2228406.280509829,1679328.018810621,1.3523324579485163
2900,500,435495.2526625031,627526.901491586,338516.2670830284,1.2864824973261582
4800,900,513890.5353956231,559326.2388837081,385739.7922602628,1.3322206982703397
3800,900,585098.7080310127,777555.7322034338,479062.3845287044,1.2213413679026908
1500,500,874143.1005263429,947521.0606428451,654464.7830271883,1.3356610213357019
2000,600,775358.4962637,945596.166121588,597232.913815111,1.2982514498585258
4000,400,260354.82303902562,317107.15516919544,191102.82708480157,1.362380803102895
2900,500,460833.8057574601,722968.6915404357,347117.90965325147,1.3276001984968264
200,700,10211792.636209162,7202037.298273293,7126207.248610589,1.4329912504579734
1200,1000,2247283.8242512853,2168512.411599697,1674642.5511046767,1.3419483595283461
1900,900,1230093.3494403958,1450090.6726230606,956722.9517103198,1.2857362178270895
1200,600,1379928.8846882768,1299755.1329733098,1013440.8039532973,1.3616275161858082
5000,800,399052.5030352214,419341.63607043604,319114.7896074252,1.2504983035293837
4500,500,351773.83817514864,364116.4229481332,288145.1780149138,1.2208215337788562
200,700,10147605.652673727,7152082.925049241,7070017.65857421,1.4353013164496347
1500,500,892219.7872475532,1070648.549466918,671094.6253296195,1.3294992294258419
3500,1000,709782.9071987444,969928.8558462261,574163.1603787463,1.2362041945194404
4700,1000,500090.0149598029,537548.7146306199,406984.4072274351,1.2287694714562802
1200,600,1363578.1528210083,1361878.565580059,1019286.7962367709,1.3377767257020974
3200,100,90356.99487179826,107632.39742930677,63405.446210912734,1.4250667769332233
3200,900,700435.7162363649,1010761.1867258549,568054.2525780024,1.2330436979523969
200,700,10229068.613268211,7136042.290103929,7073478.313940563,1.446115780564216
2300,900,1000464.5683625471,1234672.422196755,774230.9049067177,1.2922043824678981
4000,400,246865.2365844624,300057.06131103,193898.55242137605,1.2731669912005341
4800,900,480047.3694795826,514292.51994522795,378702.83505200164,1.2676096533939727
3200,100,94911.48894320469,127579.69131944898,82796.11584299082,1.1463277954148074
2000,600,801514.0773868151,928153.1864725125,606313.4057203446,1.3219468179737142
1900,900,1209978.018433565,1519910.543809287,954824.9799414949,1.2672249300680258
1200,600,1278602.6732174703,1367141.646761147,965081.2587933675,1.3248653018255643
200,700,9899415.551741682,6946873.273667818,6890054.482919493,1.4367688348883776
1200,1000,2304973.9731198736,2145400.2495406885,1695613.7491074488,1.359374429661935
3200,100,79323.92433976989,171819.3136805391,63589.496277432445,1.2474375326656189
2000,900,1152217.1670514524,1359144.8391975614,891089.3908885495,1.2930433005183908
200,700,10381587.929458413,7275734.418451002,7198864.578860058,1.4421146301243994
3200,100,96800.13129335376,139736.19642803236,70162.59082707834,1.3796544590539124
1200,600,1392664.6334038288,1468112.7481775794,1044753.5875168508,1.3330077542149301
200,800,11696910.280934269,8251726.431243705,8168260.189376298,1.4319953098638263
4000,400,261697.06669108305,298945.0046407815,199817.3421784777,1.3096814512592911
3200,100,80677.17883428153,97312.93868069784,65257.449787479105,1.2362907085247605
200,700,10289196.894457033,7212462.665522059,7167111.370636383,1.4356128100104342
2900,1000,892730.9530800182,1102418.7773888733,705836.0609510767,1.2647851285426117
1900,900,1211645.184158233,1366389.735761141,937988.8325142625,1.2917479847925688
3200,100,99129.75268246712,119458.28166780609,67867.96491352702,1.4606265682015345
3100,1000,772604.4765161739,1185655.3336260722,633985.438470948,1.2186470376662728
1200,600,1422437.5319961605,1369341.9812255618,1045197.5106145416,1.360927018626187
1200,1000,2302743.3349940972,2235696.1000001966,1717837.764350066,1.3404894122032105
200,700,10436198.758124655,7309588.173722191,7245284.561398324,1.4404125427629155
3200,100,125518.21171404028,157411.77770739558,96621.71431835281,1.2990683574551185
2000,600,767833.2716320051,844294.6724939682,582561.8632914473,1.318028727959951
4800,900,466976.396409289,497112.2334921823,377951.55456017505,1.2355456427549631
3200,100,84548.41325435176,95330.52729227024,62147.52030065681,1.3604470917797538
1200,600,1408194.8787640447,1267541.98880225,1025033.2949436799,1.3738040371082945
200,700,9438838.755220508,6637532.109757217,6571233.917775779,1.4363875755035291
4000,400,263243.02548491256,335164.68705022545,208728.84792998986,1.2611722246136643
3200,100,86150.6873209903,144556.0756872985,58965.867402163974,1.4610263719758099
5000,800,408439.10864669824,433955.18581478245,323214.3191957929,1.263678879274154
200,700,9722205.916602695,6839138.586998802,6777085.365482945,1.434570378310393
200,800,11802339.105322411,8296000.031932432,8213223.37538592,1.4369923434315273
1900,900,1223158.0132676556,1442013.029695778,929594.2100097241,1.3157977966051022
1200,600,1376565.1829618558,1317313.9658248164,1010625.1726907515,1.3620927126689342
3200,100,104259.65416171744,188103.9272200337,100646.97137508189,1.0358946000786464
1200,1000,2169073.551001787,1949297.2793643852,1594022.2616407876,1.3607548672306982
200,700,9918883.24740848,6934279.340879942,6879840.178265202,1.4417316377121994
2900,1000,851540.6880937164,1248924.5572294586,677708.5721585995,1.2564998040107955
3200,900,701509.1039430804,992238.6450445575,566927.3318402625,1.237388047011178
2300,900,1009847.2845826605,1299280.096604346,791494.374438729,1.2758742414294122
1200,600,1349066.3661201948,1338985.4931065761,995388.1896918517,1.3553168302487428
4800,900,457825.1194371749,498978.86352164333,371287.24620356224,1.233075264821155
3800,400,259047.50142151123,355283.5999021465,208034.04181266908,1.245216884526903
1900,900,1232464.4605897747,1468538.6405212986,948034.8381907169,1.3000202217693595
1200,600,1384778.3299021493,1313405.8918518766,1010522.3428672411,1.3703589432500818
2300,400,442707.325218653,559435.8910413706,343708.416907888,1.288031667078133
2000,900,1126566.2347586404,1377545.6180429147,883114.4995092379,1.2756740325118576
200,800,11744967.684493352,8247703.071352949,8185967.258587394,1.434768465775676
2300,800,938139.7771741853,1116875.9265285253,710283.4947283737,1.3207962512671765
1200,600,1321016.0898445204,1236663.8604265105,970936.4388190788,1.3605587729833615
1100,200,522136.7011325194,421546.0814227623,366975.56640787574,1.422810532710479
4900,800,440032.51793459186,478689.6693040841,333398.3750765836,1.3198400197166942
1100,200,552919.2167284822,505394.9459674669,390409.0696881697,1.4162560751217017
1100,200,504836.03050999914,517032.68477928976,369253.71310067014,1.3671792932583593
3900,700,458641.19951331354,625434.2349613328,365446.52556977374,1.255015898148815
3500,1000,715899.8403100425,964543.6549204071,581353.2854082682,1.2314368186760758
2900,1000,857217.3836560053,1254621.424489298,680556.5173206978,1.2595829469546609
3600,500,354822.22499164194,503601.8956305045,283747.73989245325,1.2504847620147654
1100,200,510204.61593797454,581931.4651939372,373518.5222482448,1.3659419427636486
3800,400,258648.0588830727,347637.3182087782,200337.54712660355,1.2910613242140763
100,900,25891214.90640682,18006306.28646395,18006306.286463946,1.4378970619793507
1900,900,1200219.7997270427,1269444.0508744414,922613.7360374767,1.300890885151844
2300,400,413138.1946110424,524853.4574986425,330992.4691656928,1.2481800436499597
1100,200,453920.35475638043,455614.8536504612,323395.9445977948,1.4036055873270703
4800,900,478250.8673671606,501715.0237419207,367964.3747955158,1.2997205711366295
1100,200,509173.95495151274,436010.67159107025,351460.9327244073,1.4487355707064424
1100,200,508374.8213100577,421473.07876214036,358986.0748390983,1.4161407835608029
2300,800,911775.3214871348,1125778.1965096623,714193.3369900797,1.2766505570182876
1100,200,539977.6594876354,523521.861578255,393923.4812388474,1.3707678907321368
200,800,11191840.437484346,7845776.706170323,7776793.95244139,1.4391329519500593
1100,200,510477.1535511149,440651.52269186865,364642.83830274583,1.399937418014747
1100,200,525266.9106124514,525713.5403360672,386729.8665353067,1.358226907371523
3100,1000,787176.5752912343,1172700.080414521,636649.6452354915,1.236436054244661
4900,800,432196.86493956397,440546.29753487505,335233.60715860885,1.2892408628204122
2300,400,440852.07843080256,554724.5157282759,343817.170797028,1.2822282185873113
1900,900,1223679.3677643,1415197.626634041,937226.8848870794,1.3056383544863137
1300,700,1467124.2947659153,1437834.8537418833,1096339.5767093212,1.338202438307946
3800,400,288033.93768364313,363661.4677313966,208099.8665350433,1.3841139952636117
100,900,26538792.276160665,18515510.028492626,18515510.028492615,1.4333276391156071
3600,500,361665.6946460306,493330.02848333924,277361.81501161173,1.3039491201443483
2900,1000,855145.7579827307,1187153.6112864949,666393.6048227004,1.2832442445336034
2300,800,912971.2252684811,1119734.3933083608,711823.2398771647,1.2825813686920748
4800,900,472201.29728693597,504364.27952659247,375263.7901171588,1.258318307608397
200,800,11262360.566537993,7921286.83732214,7853549.234770103,1.434047235188394
2000,900,1170261.9483625898,1359488.0818650648,900633.0962811811,1.2993770195596162
3200,900,697380.4804795397,967291.550490473,556930.8693053434,1.2521849998176224
1300,700,1455994.7503164583,1463123.020321545,1087695.024396032,1.3386056915401752
2300,400,441709.38361593714,549934.0114497644,339451.93773760245,1.3012427814077763
4900,800,429256.6804219541,471062.3434100083,334121.1125954038,1.284733781375116
1900,900,1248480.7332008951,1442863.0631751367,958124.7690574088,1.3030460891112698
3900,700,445541.50573355216,575319.023897643,362565.00813201076,1.2288596410035506
2300,800,854413.6327847233,1137602.1959084831,676242.9523862078,1.263471404426202
3800,400,270498.44650574436,385010.03497461526,205457.75178854886,1.3165648127218557
1300,700,1451124.3994190388,1477814.816665191,1088227.4329139327,1.3334752971016193
200,800,11588154.65526324,8133271.926653145,8035705.186190534,1.4420831012040656
100,900,26193038.63942639,18177736.082496084,18177736.082496077,1.440940638622678
2300,400,464917.0787198402,614408.6449046556,361077.482864294,1.2875825848563724
2900,1000,910347.4050922213,1242271.3385815308,695714.034930932,1.3085080354640213
3600,500,356538.3035328048,480896.28203289723,271377.2423628365,1.3138106218063281
4800,900,438354.28946493886,474734.4926705805,365201.2705148345,1.2003087745203582
1300,700,1429278.8453051879,1389235.4711146655,1060008.3819876143,1.3483656069069538
2300,800,868878.729401439,1099174.1245593114,682917.3247626177,1.2723044179666425
4900,800,402836.39822809363,431871.74019904895,317420.16132413835,1.2690951845895233
3800,400,276563.89864707197,368541.7228661325,218546.89752312534,1.2654670543552677
2600,1000,1011662.5068787844,1297241.3877884487,787278.6833685086,1.2850119382760508
3500,1000,717734.8325811294,1050289.6739856,588972.9477771654,1.218621050915704
1300,700,1471036.0818358222,1524204.2990473574,1107517.627516932,1.3282281430896075
200,800,11508925.706587484,8101809.261705081,8002932.060086483,1.4380886430345523
2300,400,468137.8646143267,569827.364250077,356601.450751412,1.3127761079712126
3600,500,385143.0254745387,571399.2318107445,289659.9037508505,1.3296387262691955
2300,800,895518.6682792619,1131910.8133149727,698756.9727122204,1.2815881676333223
100,900,26047518.293816105,18141674.618888352,18141674.6188884,1.4357835668983088
2000,900,1137633.5419437322,1271735.0974394807,876483.0492356028,1.2979527019214845
3100,1000,780452.769131379,1120513.5065298364,623400.4690276874,1.2519284278830343
4900,800,396848.5450080464,429170.1520028185,320553.0299906165,1.2380121473806167
2900,1000,874936.0969735036,1181410.5564464263,694894.3526112915,1.2590922543630507
3800,400,277503.55497856566,348800.068726816,215837.72019164413,1.2857046244380637
4800,900,484724.069496028,509541.4508211086,370985.6419344689,1.3065844461485923
3900,700,446704.57740330015,551069.0171837047,362742.4776379776,1.2314647578966973
1300,700,1483751.2841065214,1432021.9853156693,1102632.5185594435,1.3456444092951279
3200,900,695414.2188995845,957981.9469729046,551946.5621932737,1.2599303384302503
2300,400,444479.91893227585,517218.5805464328,332352.7427561766,1.3373740058416155
2600,1000,968782.3354702356,1381634.7738637489,755905.7150999764,1.2816179532947491
200,800,11800302.516743215,8292075.205594414,8196768.335666549,1.4396286479632014
2300,800,885569.4234329716,1105694.6570995664,695907.1356596942,1.272539650845058
1300,700,1487818.8558252926,1511557.7377585594,1114659.16329205,1.3347747049700356
3600,500,357269.29941607494,465254.98816873244,275817.8984132379,1.2953086129341915
4900,800,436169.6945266906,469010.21154723904,327987.9667832871,1.329834441197298
3800,400,271749.0650735343,326832.6293694859,201160.87061558058,1.3509042004140464
100,900,25653183.672025684,17821787.81777099,17821787.817770988,1.439428183879825
2900,1000,870682.6437184113,1212807.9841510716,692955.5383881421,1.2564769245421914
1300,700,1355831.0747862314,1318553.6044419818,1010959.0642731967,1.3411335064896734
2300,400,432730.86380881805,595529.8144945195,337214.87377630617,1.2832496353523037
4800,900,478198.9571684197,512650.71719366283,379257.7210852243,1.2608812703933376
2300,800,888404.8516007703,1219707.4222555705,712762.4639710042,1.2464248561171585
200,800,11458568.155782957,8039867.651697091,7977869.7401856305,1.4362942149913238
1300,700,1392308.4900508986,1380189.8086111287,1042628.517766607,1.3353830883441917
2600,1000,959567.8593340925,1320644.356672269,759082.2693192399,1.2641157594085974
4900,800,435695.8248263468,463038.68163398484,326650.2881667952,1.3338296049623273
2300,400,444783.9281352695,565209.9152835591,347508.42117996124,1.279922732879423
1300,700,1462794.7319440334,1354813.090720406,1058436.9505023388,1.3820329413573331
2300,800,876050.454189816,1085524.6674219738,693727.8034944027,1.2628158332086865
4000,800,532961.6002977622,629422.2960728786,408413.0094688149,1.3049574522391836
3600,500,345458.2331475958,465099.8550018316,273650.1872955631,1.2624081735945405
2000,900,1150233.1971465137,1366913.544866455,890365.5406427253,1.2918662556461906
3800,400,260494.43908714692,308391.62358140474,204103.73939092216,1.2762845005412617
3900,700,465433.9878972888,547014.0680847999,353336.12732920476,1.3172555872375937
2900,1000,876784.1919684196,1112997.9081423003,701633.2754927374,1.249633138269673
100,900,25374163.160873026,17662289.990184743,17662289.990184758,1.4366292918400667
3500,1000,669187.0065143076,866568.817414416,546521.9182768414,1.2244467863690145
200,800,11657501.827715108,8134611.31085553,8080357.979894822,1.4426962093413154
3200,900,697115.0181638798,916667.5084208675,562895.6851757382,1.2384444161199029
4900,800,427311.6933292762,452531.6246744597,334561.97288434894,1.2772273239702256
2300,400,479380.97199593525,615486.806918783,363006.6920521563,1.3205843927721819
2600,1000,960434.7474784942,1309603.9997453834,743285.174609935,1.2921483977970043
2300,800,915879.6013295017,1014194.6726042597,702639.8243386802,1.3034837616719508
4600,700,413625.7703675223,435513.10375254235,309835.0977656777,1.3349868150842596
3100,1000,855496.0971734449,1133556.060220293,650829.2584837751,1.3144708631669055
4000,800,491177.73086933244,581566.3829821333,410661.16876929585,1.1960656819375823
3800,400,263025.910431118,342688.32273923216,210334.0443983976,1.250515156419071
3600,500,360704.39720662544,517666.01673027256,286950.1983702999,1.2570278719276164
2900,1000,880529.4209042632,1248730.3058516425,710829.4197310618,1.2387351964658502
300,600,5846037.32154058,4149653.4980569794,4053763.2158131893,1.4421259975757756
800,900,3161770.7401684863,2574644.971777578,2250788.2858079933,1.404739290720747
100,900,26045948.384196676,18012661.92562361,18012661.92562362,1.445979971852213
4600,700,371546.91209215653,406741.08503151237,307392.07211192214,1.2087068789362774
4900,800,400272.05770797917,431482.1633162914,325627.3363341074,1.2292335840541444
2600,1000,1006167.8611290905,1369777.472421804,775988.7312691165,1.2966268975111532
500,900,5122716.068682007,3818583.803078787,3601261.257292789,1.4224783215347603
4000,800,508693.533223006,671617.000760719,409298.3629293697,1.2428428239542908
800,900,3228362.905264796,2743224.393274957,2314438.753561577,1.3948793850331214
300,600,5862487.943451175,4230700.992754912,4077147.1849470837,1.4378897002040074
3900,700,459708.4159822523,577827.7021530241,369172.542505644,1.2452399977043909
3800,400,275733.2931312363,390079.7381357501,219714.5767684104,1.2549613101996062
2000,900,1163485.6222641442,1425664.9795527842,910218.5306045383,1.2782486657257945
4600,700,388108.4348364263,423985.4616453606,307542.53538872016,1.261966688106653
4900,800,401823.2701854681,435704.66998154775,329810.52979162545,1.21834578913942
2900,1000,822226.7328238859,1030961.5517936114,659595.4186099811,1.2465622253056745
3600,500,373093.3095495887,522332.14068093867,284328.4324659679,1.3121913496788449
800,900,3140884.2709217407,2740203.651641205,2272217.0103120096,1.3822994268009858
300,600,5572483.20404818,4008870.359173615,3860325.03517347,1.4435269448231245
3400,200,151065.61014755184,177828.7422376031,118727.3891319598,1.272373723131818
400,600,4379381.070276091,3170213.981970471,3040322.411859892,1.4404331110387207
3400,200,176944.69603335712,260530.05976881846,126308.8166638196,1.4008895080088408
100,900,25345292.414139315,17529660.984712034,17529660.984712057,1.445851830006491
4000,800,472790.1211908967,610607.1399996437,388839.6976220695,1.2158998273124426
2600,1000,978872.9035355934,1244904.8966541663,775074.4702202866,1.262940454299036
400,600,4374363.874968065,3254624.5781661384,3057860.388710313,1.4305309330400797
3700,900,597084.8530653177,771221.6710824841,486656.9266611877,1.2269112394263944
3400,200,200007.3624149319,250739.0006545529,137320.72161632078,1.4564980438550268
300,700,6863720.261196658,4903905.265186857,4750804.832407059,1.4447489432478038
4600,700,389286.694426717,406530.77543146466,299567.586213891,1.2994953804807394
3400,200,186589.25113995752,287358.24677283136,154040.8405168634,1.2112972800841797
800,900,3123572.6282569873,2761214.8643182763,2267709.32736105,1.3774131413446677
400,600,4164313.4131343435,3118519.1284529716,2895243.7763801026,1.438329113115631
500,900,5254994.920189814,4018650.574367292,3703102.005698523,1.4190791698697898
3200,900,679798.5349894962,854508.0476206876,547801.9057722518,1.2409568638341355
300,600,6039635.200662108,4392884.464598547,4179014.350067403,1.445229591174937
3400,200,155991.10990286252,236202.44875451855,112828.85828240226,1.3825462056208027
400,600,4472248.709323412,3364871.8805791573,3134260.7625505524,1.4268910751650579
3400,200,166280.146667776,200686.6149628586,113707.94882260237,1.46234408754653
400,600,4495161.265838493,3278057.907125747,3135592.5318436245,1.4335922860472838
2800,700,642725.4896898733,878677.0573407335,509014.80347218487,1.262685260439572
3600,500,357570.1781404935,521580.62176452926,272693.65959466173,1.3112522626011702
3400,200,155384.37803673823,181422.42504456503,116142.55362441417,1.3378763699240301
4000,800,477574.22805533727,591017.1005932657,392677.46173850517,1.2161997430180171
300,700,6786711.264636965,4872800.997474348,4713345.105716139,1.4398927115280267
4600,700,398828.32286018686,424676.4600061948,312994.1121243504,1.2742358639057565
400,600,4430771.218956574,3200895.9224134344,3075099.8848310397,1.4408544063276894
800,900,3100263.845884146,2624302.2247415544,2227723.4772213735,1.39167355265793
3400,200,176531.21173223396,240988.8726849803,127445.83216550946,1.3851469972197994
3900,700,442410.738390439,594793.2162818501,367544.17285314784,1.2036940620119805
300,600,6013674.777710533,4280155.035267766,4180790.0424581664,1.438406309964968
3100,1000,795937.423907931,1068014.7031883278,650062.4588944339,1.2244014602252031
400,600,4352464.3288908005,3169156.0128981653,3031875.5180722545,1.4355682820573752
3400,200,148190.3519851488,209438.8280042403,117972.68298030012,1.2561412374582905
2600,1000,980460.548695831,1238212.1606204773,772911.9466636969,1.268528133027346
100,900,25648785.029732328,17807310.8128545,17807310.81285451,1.4403513983266534
3400,200,174880.41909041465,226836.29805275297,125118.48623201098,1.3977184695643505
400,600,4252396.259024851,3204845.5135080093,2986164.569075555,1.424032788769338
800,900,3056029.145812421,2596077.876746697,2207786.2487730947,1.3842051727202802
400,600,4322222.507362562,3198563.5213947943,3031567.0286017233,1.425738724093506
300,600,5939336.520768325,4199587.536001206,4100133.1797747198,1.448571609836015
4600,700,386026.7878248918,426037.0377713589,311613.5378537558,1.2387997982490064
300,700,6765735.2497162605,4849671.144080529,4715652.209293709,1.4347400846021263
400,600,4186138.340594118,3046702.6961468486,2912809.316457236,1.4371480882537118
500,900,5168139.008503368,3948206.135504338,3635547.2164992155,1.4215573889533841
3600,500,392486.75782224035,563283.1646434551,288145.1780149138,1.362114613633847
800,900,3141442.5838714116,2615744.9636529353,2251582.7407029527,1.395215253289178
2600,1000,986646.9046366945,1199846.2782002483,782590.9611265148,1.2607440587052623
300,600,5832556.367257003,4139617.8516628575,4042500.690763006,1.4428089970607108
3000,1000,859271.9731434423,1105725.1754523912,682308.1922527074,1.2593604809381982
4600,700,408112.2330323074,430499.6360718758,315012.37223470974,1.2955435055999347
100,900,26112093.064868078,18204370.61209077,18204370.612090766,1.4343859296912607
4000,800,515785.6564436629,587932.8157788935,400146.60300432413,1.2889917159638842
2800,700,628274.6562451301,847228.5146177297,505001.2613267292,1.2441051228160094
900,800,2523389.635406309,2189631.8755107643,1815168.9309725107,1.3901679300198002
3700,900,654845.7223262863,864216.5235657422,500419.1899592599,1.308594345431874
300,700,6618817.067438098,4715851.102787834,4593369.6552796615,1.4409502313471263
800,900,3081674.3569248044,2511796.1239632745,2191207.623089007,1.4063817250601207
900,800,2519752.9130499656,2177857.0209284183,1825160.7500857594,1.3805649244492952
300,600,5715251.882815978,4148755.4627474807,3981552.758767407,1.4354329150181304
3900,700,459812.2285274221,558166.0730315506,371553.05443068326,1.2375412422109544
4600,700,348746.23078589793,384432.0145610457,285705.8225119904,1.2206479648179445
500,900,5137860.828420475,3892047.5178152854,3628334.9237776804,1.4160381928223802
3200,900,716057.2160008753,919484.3237681022,556478.4629017033,1.286765371416288
2600,1000,993750.9475692725,1295665.981663178,792848.1989307997,1.253393712578778
800,900,3091124.139702854,2649151.269328729,2225913.8516068133,1.3886989100999907
300,700,6919578.099721241,4957381.112306344,4799243.052573373,1.4418061398267663
4000,800,496759.3193244775,625894.5026933545,409838.41678332747,1.2120857854745795
3000,1000,810301.834935862,1156004.8100103005,655118.2864199795,1.236878670207655
900,800,2512013.431415328,2197541.6195805822,1819103.835241643,1.3809071163228246
300,600,5817235.169591684,4169748.9021266606,4042089.3714689645,1.4391654006100318
4600,700,378250.5343656035,393606.032765612,294655.88545578026,1.2837026274921244
900,800,2360248.4375873753,2095049.1915417048,1728176.4338758644,1.3657450659096957
800,900,3173824.6142697968,2658761.742807987,2275546.326511346,1.3947528016867963
2800,700,625505.3036001357,831579.0450670616,505248.4509957545,1.2380152821198689
2500,800,864110.7332927961,1079414.354306204,653460.8151501039,1.3223604434403686
300,700,6881968.823117226,4891948.49064829,4778074.247090922,1.440322704760655
300,600,5615831.231792327,3971386.41748546,3883745.7552763154,1.4459832300203646
2600,1000,922450.4641585869,1080756.4299914748,735702.582295748,1.2538361103478732
3100,1000,805010.2580614513,1129512.3018886962,648248.7294598749,1.241823117389202
4000,800,482710.3384410711,593531.554610105,398893.4870092815,1.2101233892290633
900,800,2439105.271311895,2079491.9516608438,1745233.1632822452,1.3975813218703055
2800,300,291353.5417192533,381252.8891018638,224349.83316052685,1.2986572693851033
3400,700,526897.6714153327,735934.2994738804,419188.66168297577,1.2569463813737767
3000,1000,796027.6075789069,1171775.6302660147,657871.3000766746,1.2100050685994819
1500,800,1460786.4507839726,1503297.5337867492,1089101.3585835064,1.3412768602950627
2400,200,225334.63131125458,241985.27934775935,168197.1346036097,1.3397055297184512
500,900,5072453.8614336,3848337.6360155814,3564357.563554198,1.4231046607949187
2800,300,289230.69183931063,392255.36099421605,213014.23876688213,1.3577998049033615
4600,700,390887.2726316399,400456.5463502974,299123.4860115305,1.3067755990800807
4800,200,100809.560048973,111741.19111515609,84098.56730180485,1.1987072227663207
2400,200,257583.67344504694,300060.414091273,178937.49027374445,1.4395176385395088
2800,300,285545.928814469,386134.45284227794,225743.78123827814,1.2649116057512488
900,800,2464368.8516637473,2174702.03727993,1785712.2635978966,1.380048119677734
300,700,6969887.596090406,4979554.175387885,4830189.707598883,1.4429842341648276
4800,200,148207.22461947205,153243.8786605613,115155.9162563489,1.2870135503029436
2800,300,287439.76867720834,367321.9712274157,212574.2528828604,1.352185247173856
3900,700,427832.10333693784,551336.0295935454,336986.35475773225,1.2695828697411704
2400,200,255793.48641538553,312895.162815814,169241.28517114048,1.5114130465076625
4800,200,163222.92345891488,175867.874973334,137320.72161632078,1.1886255878771583
3700,900,600793.2689905299,787923.8162240849,491290.1643917859,1.2228888598539482
4000,800,504091.26104531233,594492.8282335771,404017.89899474115,1.2476953677041764
1500,800,1470525.434634053,1474035.2691028814,1095096.4500514558,1.3428273231686183
2800,300,285880.41401596984,401071.70908741374,216183.6154188966,1.3223963040030695
4800,200,165937.83185411317,173412.93471471372,153927.2635835206,1.0780275565938042
900,800,2456926.426535414,2184118.5007709744,1778429.346685885,1.381514779383231
2400,200,220724.32823644334,360267.79271388124,171195.98936377885,1.2893078223194845
3300,300,249691.1989565203,351900.91369333357,190357.43419681065,1.311696598612295
2800,300,273581.23210245685,358305.75462521985,195159.22809988397,1.401836002151207
3200,900,699729.2661192246,1004894.4762604354,568886.5816278365,1.2299978391421877
4800,200,129790.76481078619,139974.87993382628,112828.85828240226,1.1503330511944874
2800,700,626390.1645562211,804869.7965176379,492146.74877996376,1.272771111683757
300,700,6340718.003236578,4509910.839310186,4380822.611850519,1.4473806782507848
3000,1000,814081.6389310117,1167652.5608648332,644180.4846619436,1.2637477513126305
3300,300,263183.9891370747,343320.6096429491,180739.3541052333,1.4561520950431137
2400,200,198608.66304904065,305849.4627658282,148223.14127398928,1.3399301980917686
2800,300,275786.3484100651,368873.8212584738,213811.8591733316,1.2898552469275917
4800,200,123202.93010230956,133994.35668059796,89579.42667687622,1.3753484999040837
1500,800,1451660.3557561494,1523188.0821126108,1091462.301144986,1.3300141967645625
3300,300,245088.97515513454,322529.2040054893,191540.1780203572,1.2795695278568973
500,900,5000751.949813388,3818737.193476637,3532457.9980369518,1.4156578655973808
900,800,2491940.1227021585,2226763.682089458,1821504.0745925666,1.3680672788281052
4800,200,111150.42293232959,124935.7283272787,82267.6421506267,1.3510831236517074
2800,300,267019.9169717149,378180.48600019456,216636.10585696713,1.2325734711461873
3400,700,521883.05902722705,769673.4441219275,415883.39168083586,1.2548783372136658
2500,800,832223.249482195,1070101.7746624667,657057.8700308733,1.2665904898804288
2400,200,224980.15073376644,284508.8845348784,161086.26083202002,1.396643944503589
4800,200,145361.808588355,160744.13154190854,115640.3076979828,1.2570167918265636
3300,300,256648.61423168657,342110.0838250907,180366.03274909366,1.4229320805027033
2800,300,285749.3355839358,394535.28342408116,215889.80765441383,1.3235888191690355
4800,200,117940.97508607655,132457.58863572165,83563.98377771258,1.4113852613801867
300,700,6490052.319176855,4650861.410805439,4518056.910321964,1.4364698028370704
900,800,2446111.528524963,2110822.5281777317,1772859.9422634733,1.3797545255616332
1500,800,1377575.3118889092,1474905.2279502351,1036905.8603255186,1.328544243598395
3300,300,258580.80416117198,326210.6130216884,183428.52217360924,1.4097088124410309
800,700,2486678.6180383274,2098206.7606185456,1781551.8121526472,1.395793600318408
                                                                                    2400,200,220464.28136249052,231996.7397214508,164535.2843012534,1.3399209920155166
4800,200,148734.42714713168,156902.37772612632,124828.15119872103,1.1915134985084646
2800,300,286491.9055671763,382351.71268248674,220978.3085710224,1.2964707143420722
4700,100,64766.43183016759,71364.07366746278,43169.66550530229,1.50027643420616
3300,300,237324.39444099818,328078.673515336,165589.64808475002,1.433207915989614
4700,100,85493.76194587238,86671.60977889916,82739.16147748545,1.0332925838163889
3000,1000,859729.7869330611,1220809.417914155,672523.5670999009,1.2783638061048817
3900,700,439458.553582465,533501.6921589347,347542.8392555357,1.2644730489162719
4700,100,59699.83649717332,65135.123965588464,54290.25884700422,1.0996417730372934
3300,300,231635.46398673696,349622.52529186156,181416.122934948,1.2768185111628503
2400,200,261454.75965914337,329468.12113445177,180548.26223447174,1.4481156252814065
1500,800,1387266.1529823376,1431024.5434467297,1047139.8979693472,1.3248145311553652
4700,100,80605.91038327475,86326.65971754945,70156.3045836674,1.148947494621033
2800,700,636560.4826724449,924351.1209660457,514204.6127757185,1.2379517158281397
900,800,2492168.909491567,2111898.7908948297,1795635.106643294,1.3879038677019142
300,700,6595905.818141447,4701482.308565725,4586560.118843468,1.4380942683042057
2700,100,101174.33279281095,123254.82537643655,75147.1955092299,1.3463487507046659
4700,100,58719.8224455007,64990.80440826411,44430.604110624074,1.3216075635455933
3100,1000,807785.5086586669,1089120.8076509326,656366.6125577221,1.2306925629731489
1000,800,2267831.7872204995,2003529.0213176063,1633652.0378752595,1.3881975687858592
3300,300,227535.5554450757,311518.72868071496,183812.45345439637,1.2378680071398263
2700,100,107207.88240824627,162635.84455744253,82989.09935373723,1.29183089397413
4700,100,88415.97612860297,88879.76823033932,67742.26274582943,1.305181913694584
500,900,5140128.558419,3915869.3875059253,3602532.3851247244,1.4268098129091606
4700,100,112783.33068120372,115066.83064953945,96621.71431835281,1.167266917968367
2700,100,99249.27920727945,175433.98163503554,75365.32892140141,1.3169089902173272
2400,200,219697.74009868607,266499.4274298617,167127.96755542516,1.3145480275515649
4700,100,71082.8906049723,64150.99990274825,50459.111537190256,1.4087225961674246
800,700,2450488.7771849395,2097299.6641558204,1767504.4146435524,1.386411686942871
2700,100,109759.9870631562,153709.71369957458,75391.55535351361,1.4558658002012004
3300,300,248139.48122816568,305687.5645717144,183179.2307370784,1.3546267239451741
2700,100,100600.80329692704,120930.2717770503,77342.16271108635,1.3007239488857318
4700,100,69936.6117598968,65507.71175703825,54138.05797390288,1.291819736009178
2700,100,119361.66453391172,145627.99736461515,68324.87689276955,1.7469722590388321
1500,800,1422817.7340194422,1500073.3726833977,1071427.358158738,1.3279647221857143
2700,100,134852.92583038923,176163.3284001878,96621.71431835281,1.395679291986797
4700,100,104170.06079452498,103292.21892154912,100419.32952364009,1.0373506902374001
2400,200,234047.46701957888,330536.4414538133,177251.18882868224,1.320428193267531
3300,300,237873.52708622217,322714.61514178844,187496.74666632205,1.2686808241507943
2700,100,106164.53038466208,111852.41125953043,73656.32035633399,1.4413499054943297
1000,800,2252237.908643367,2028504.5715658627,1642644.6750771834,1.371104745180232
3400,700,507871.61824545823,711223.6796487893,416086.95964356256,1.220590086938851
3700,900,608123.9033816013,830596.8893187072,490315.53024022706,1.2402705316791716
2700,100,103812.21893293387,159384.56855580033,69885.47247663878,1.485462074648434
2700,100,110730.69245509787,196181.47776767335,101002.65383885024,1.096314683293062
1300,400,833735.0130235752,800954.0532347306,608099.5068370326,1.3710503028692829
2500,800,833954.5315696634,1057272.9463519065,654877.3806869915,1.2734514218445185
3000,1000,847180.493296571,1111543.7157795308,671731.2075242484,1.2611897196483746
1500,800,1444934.531518392,1467408.9803510557,1067057.608011531,1.3541298245471838
1300,400,790907.3229921998,772768.6069282524,585602.0608316103,1.3505883532394618
4000,600,383358.9376511223,452926.710357717,304032.2411859892,1.260915408693796
1000,800,2245539.6808727416,2030033.0007831084,1637193.4517174787,1.3715787089895115
800,700,2451133.4567168606,2076607.1090729747,1768369.5784851408,1.3860979551664783
1300,400,823385.80424871,781728.224819129,608291.9175639726,1.3536030653606645
2400,600,642197.185536208,799085.733327825,506720.40197664866,1.2673600333262336
3900,700,447273.76108343975,542021.160367349,352812.3168341129,1.26773851065336
1300,400,808262.5807317735,807315.0462047096,600568.8129203736,1.3458284268899208
2800,700,638835.0712248804,862217.033723484,511936.52647402737,1.247879450260893
1500,800,1450673.3275294066,1629400.2367532458,1092902.44475554,1.3273584796984261
500,900,4995616.9048377415,3718879.551881422,3505932.1969424114,1.4249040267220547
1000,800,2118965.944122247,1963132.1787054234,1555358.790488278,1.3623647206552478
4000,600,396043.5894661295,458444.695240838,305786.0388710313,1.2951657012476143
4800,100,65315.17308609228,65020.75439960875,42511.79157511906,1.5364013292801189
1300,400,869022.011337268,878554.2975149566,638829.3927599048,1.360335045923408
2400,600,634470.5223684435,852570.4934486805,509643.39811838546,1.2449303271874463
4800,100,85758.03534301023,86531.64555804989,82739.16147748545,1.0364866383900477
1300,400,850350.1145522292,809645.8565822867,630910.259021729,1.3478146890030878
3000,1000,835812.7519904388,1130337.0694036814,669857.0204418707,1.2477479917118663
1000,800,2170030.361799438,1955899.7880383092,1570709.8469540207,1.3815602964529967
4000,600,385034.2022527261,508725.7986577714,289524.37763801025,1.32988526007344
2400,600,617161.1434442054,876560.1799032608,482540.62939668377,1.2789827547077983
1500,800,1412194.224450952,1422733.2364180593,1063715.965358084,1.3276046148048157
1300,400,790649.5219283401,777346.0239019821,588008.6987224664,1.3446221520976478
4800,100,63757.67072757301,65592.90804549062,54290.25884700422,1.1743850937835638
800,700,2417391.621523181,1994292.02063009,1722513.6207298732,1.4034092923450268
1300,400,812387.3172340445,796120.1054027285,596610.9305273109,1.3616701868268168
4800,100,77318.23088468595,87517.77539628508,70156.3045836674,1.1020852843307525
3400,700,518602.3934115209,668467.3048481257,405297.32252467604,1.27956037355748
4700,900,468845.1927393275,499820.7885221107,383112.8997119988,1.2237781424007832
1000,800,2197349.3595779035,2020246.7633838686,1607141.037238107,1.3672411497587524
1300,400,856242.3794952845,814499.4513808138,614822.5913183929,1.3926657731610088
4800,100,60137.94681597625,62710.92631825443,43958.40781420668,1.3680647185892978
2400,600,687848.7218106069,977102.2128376985,522376.7937584254,1.316767379464993
4000,600,434962.9339766811,520336.3930048356,314954.4837664354,1.3810342649360146
1300,400,874904.6442968779,873666.3994846939,642242.6090153535,1.362265025732608
1500,800,1449772.9651911927,1441882.5772141342,1077381.0639859764,1.3456454857555056
2500,800,781170.3131288962,1010329.2628983901,622143.5161953112,1.2556111135033692
4800,100,83474.34867601129,91043.24057414655,67742.26274582943,1.2322344322806136
3000,1000,841426.23948373,1100358.1620048962,678245.4996429796,1.2405924402397759
1000,800,2198863.3025076212,2030189.8381470784,1600586.4120172965,1.3737860611576025
2800,900,806241.3272537325,979232.7978295577,643082.3673737124,1.2537139379926492
3100,1000,817778.3967282084,1148959.6770243605,664969.4571677675,1.2297984334668295
3700,900,591047.6646054863,798147.4858718794,481669.9410208375,1.2270802353844974
2400,600,670333.5047827591,861957.4599611951,522598.7553072708,1.2826925016088588
500,900,5043872.401636979,3898250.306380202,3561462.162570901,1.4162364139777845
4800,100,110701.62754383273,119590.96713809617,96621.71431835281,1.1457220390345062
4000,600,387605.26736030215,447926.5715378029,313559.2531843625,1.2361467997641997
3700,600,407134.43018720805,514231.75093459705,328683.5039848532,1.2386822741367942
800,700,2505356.5099127074,2132871.9143864536,1799716.1447150146,1.392084255769918
1200,900,2041453.0937458808,1836978.6981001345,1500525.5238719955,1.3604920817861608
2800,700,643819.7942218885,894803.5143018379,517520.325814166,1.2440473583506648
1000,800,2229769.842141406,2105905.003063194,1639353.6671333099,1.3601518005815914
2400,600,659445.74470804,819019.3654192527,512516.64747183997,1.2866816091945052
4800,100,68329.42337158877,68867.9886316087,50459.111537190256,1.354154310093776
4000,600,377704.90311765997,474165.28932433034,307509.988483104,1.2282687303291056
3700,600,419390.95409773797,557565.9978067616,330579.501482196,1.2686538403541185
4800,100,62325.557610805234,65090.30710869784,54138.05797390288,1.1512337151223473
3000,1000,845176.5626990978,1176426.4493060973,687135.1057400263,1.2300005568611794
1000,800,2173801.281133502,1925701.2393132492,1595573.948037126,1.3623945689309547
2400,600,637909.9785638971,766835.943269004,505312.58634537575,1.2624066682714536
1200,900,2063830.8067521623,1990556.6280640978,1542959.1690410513,1.3375796639095983
4800,100,105592.49954542519,108264.36010462366,100419.32952364009,1.0515156797632996
800,700,2504785.2906025415,2070872.499351455,1791777.8426590958,1.3979329529409203
4000,600,377661.34627822647,429849.2394539609,303187.55180722545,1.2456360560553403
3700,600,423973.3464706379,578148.2407957596,312999.3271762273,1.3545503445505145
3400,700,531690.0669823502,798844.454992074,423462.6222858858,1.2555773260748346
2400,600,645736.4056839353,851475.4972042365,497694.09484592587,1.2974564343260688
1000,800,2224571.882414281,1941903.9198848368,1616071.5959789646,1.3765305249775808
1200,900,2037719.7493793075,1994494.8344445075,1514811.3402080066,1.3451970521289454
4200,200,123569.7770631275,128653.96747721058,96112.64834491984,1.2856765388429643
2500,800,788011.6026867667,1031285.8515657644,628283.9387816082,1.2542284690818426
500,900,5169704.738190016,3959817.012838861,3640874.122418153,1.4199075728431012
4000,600,398056.995208728,462952.06608689873,298616.4569075555,1.3330042132673112
4200,200,152303.03443038,159883.18948795725,115155.9162563489,1.322581065581883
3700,600,460408.01879296836,653384.6255461598,338839.0013568165,1.3587810640137403
2400,600,667169.8073912577,839269.3452915646,505261.17143362056,1.320445435176109
4200,200,177280.87062403435,194000.611363052,137320.72161632078,1.2909986820442418
3000,1000,787819.5097156018,1018949.0047617829,637608.904656315,1.235584233473423
4300,100,71856.10483563914,75559.17867934641,47185.44834300483,1.5228445921144182
4200,200,171721.0044557567,183860.98462710026,153927.2635835206,1.1155983706718806
2800,700,576654.0082649371,844697.3284095052,469373.85126969847,1.228560148174075
4300,100,87505.54531146717,89485.8451397977,82739.16147748545,1.0576073500005039
4700,900,523373.4768751519,564576.3181115373,393947.0218828216,1.328537716502469
2800,900,855959.8901818087,1137884.5899288566,661268.2153033076,1.2944216437035323
4300,100,64792.2280758251,86110.42666155941,54290.25884700422,1.1934411338582223
1200,900,2028098.9500291322,1985058.6438179512,1511806.2182407002,1.3415072153819063
4200,200,142601.6969757734,157324.87089790264,112828.85828240226,1.2638760964757079
4300,100,82412.19867391499,95272.18056433024,70156.3045836674,1.1746941228301355
4000,600,398404.12647101725,469125.86067116755,303156.7028601723,1.3141854450593387
3700,600,419183.7297863201,595242.5042602025,338982.976415527,1.236592274393398
900,600,1891261.0319360301,1636602.9184070823,1351254.405271063,1.3996335734843663
2400,600,617292.9711228652,758328.1595596481,485468.2194095394,1.271541465420044
4300,100,64979.1418568245,76611.77097387543,48563.68356277515,1.338019217031388
4200,200,135508.94031662008,158215.57783714452,92049.29190401144,1.472134521772619
800,700,2511666.229845261,2134944.197333573,1811321.140349581,1.3866487691743692
4300,100,87934.63098123828,90926.19044216537,67742.26274582943,1.2980763767985002
4300,100,113004.57378613009,132235.05465441427,96621.71431835281,1.1695567045498534
4200,200,118213.71911367872,150471.2804780037,94020.16245785909,1.257323067981971
4300,100,71354.23701574298,75497.11340697682,50459.111537190256,1.4141001464750769
4300,100,66511.50782607222,77075.23300217623,54138.05797390288,1.2285536333448446
3700,900,611074.7185620463,757786.2912386645,477359.18892391236,1.2801151265979867
1000,900,2503392.6815197053,2164433.0511127748,1800630.6286463945,1.390286626081444
4300,100,105328.18167129318,106503.36552575433,100419.32952364009,1.048883538367954
4200,200,169966.40905184366,178243.63084999617,115640.3076979828,1.4697851677785574
1100,700,1760843.0961289927,1639379.4460664624,1295674.045201925,1.3590170326014157
3700,600,419318.6269449803,571583.8427778004,332443.23079254484,1.2613240039369262
1200,900,2042497.397623713,1912371.3611346865,1485148.984814249,1.375281145870475
4000,600,374858.7531296295,427222.81822937494,291280.93164572364,1.2869320041366767
3100,1000,755353.474214532,990459.9920626039,617040.8754738532,1.2241546779773096
4200,200,136226.38073148133,156193.97885830005,95501.69574595724,1.4264289201089713
3400,700,517628.9121036727,734782.3876395869,421594.7865080226,1.2277877446993113
900,600,1853591.7817565764,1713354.5321296076,1359049.061649028,1.3638887911136082
4200,200,161095.49171500426,176532.17281242076,124828.15119872103,1.2905381531970876
800,700,2266925.935800386,1926858.3857640943,1642808.4794439448,1.3799088354886575
2500,800,811962.3917887475,1120179.7035039302,642856.4148952428,1.2630540397128363
1100,700,1735742.511666687,1649086.1963474564,1285457.7561044018,1.3502913677434873
2800,700,606312.1567802562,785552.8675473349,484077.5261059247,1.2525104432292615
3700,600,401231.2141763711,528845.4988519519,327770.3262780816,1.2241230581561708
1200,900,1998489.149852087,1884702.831567625,1471857.4991820632,1.357800704866254
900,600,1744601.8026015274,1642538.242915272,1286775.01172449,1.3557939707451065
1100,700,1757843.6555299952,1603806.617566557,1286086.9661710116,1.366815543402571
1000,900,2525662.882968111,2290546.7272909256,1851551.0028492615,1.3640795630698217
3700,600,420309.54723447585,587828.5472635054,322828.6020622222,1.301958824433608
2800,900,806677.097499417,1162901.766631069,649204.8600891456,1.2425617044651331
1100,700,1715019.6927948198,1581756.7552717302,1252737.178712635,1.3690179567890255
800,700,2370855.8080626065,1958094.5129488958,1694271.3413707362,1.3993365467331136
1200,900,2033705.423811857,1918853.7196758287,1501055.1604686351,1.3548505593737983
900,600,1888400.8079462135,1796228.664950062,1393004.7833558011,1.3556312444218495
3700,600,423164.9750199165,534428.6901423625,327736.97606505116,1.2911725130945377
1100,700,1781445.7092127434,1707329.4844328356,1308884.4688836471,1.361041216060991
4700,900,490345.4223162969,511926.29088702274,386760.3421807676,1.2678275635797083
3400,700,523419.87863108615,747061.1684452505,426193.20949401904,1.2281281516720917
1200,900,2000718.0879341806,1831827.5383606642,1460805.082059338,1.3695996218151925
1100,700,1763083.5745196366,1649775.206801343,1303111.1582975243,1.3529801838417626
3700,600,381310.3582067803,493398.2168348415,314898.3044818634,1.2109000041590947
2800,700,633061.1436528694,826884.0145042943,491417.1555903716,1.2882357411644119
2500,800,809939.4432975434,1075539.1579162653,640234.5648069186,1.2650667236965008
3700,900,597233.6721028718,769274.9184808772,486828.7006925303,1.2267840233192635
900,600,1945524.0988835806,1670677.12894223,1393596.6808193887,1.3960453018154986
800,700,2411882.58310732,2008517.0074680422,1719960.0445663005,1.4022898908186514
1100,700,1761908.5275769227,1717369.6342092983,1317324.4657087862,1.3374901730295643
1200,900,2000418.0748574536,1944074.4658501346,1483942.5677378755,1.3480427870647946
1100,700,1628947.891300911,1501516.8539653507,1194769.8032319597,1.3633989467213354
1000,900,2477144.865420768,2296656.302921381,1817773.6082496077,1.362735631202221
1100,700,1689971.6608035816,1545687.8741062596,1232197.3391787175,1.37151055847108
1200,900,2045115.346029571,1956591.432002798,1517030.8843408972,1.3481039622460358
900,600,1920861.726409885,1567557.1045506587,1366711.0599249066,1.4054629268277277
3400,700,469343.82873558294,744763.6360064374,386543.17163386935,1.2142080449946266
1100,700,1724763.84240648,1557408.3749754503,1250880.032411855,1.3788403345770235
2800,900,802246.7322443178,1149595.7972810725,647916.9506745858,1.2381937706816435
2500,800,812070.0615107372,1124649.6360297191,655741.466853324,1.2383997391648571
900,600,1881939.8021642754,1606207.4612682944,1347500.2302543353,1.3966155700092657
4700,900,495284.7078844818,516707.66644841124,385993.0769976256,1.2831440183771186
1000,900,2465529.9763846677,2288392.8994532605,1814167.4618888402,1.3590421105985742
900,600,1824394.3503372876,1674370.468696827,1327184.252922469,1.374635320092111
3700,900,567653.6977351739,716145.4968655697,473774.621208434,1.1981513410053224
3400,700,490010.76303078973,690638.586368623,398652.0803225262,1.2291689601477822
900,600,1888722.9295051533,1645581.4088350479,1347363.1238229882,1.4017920604403353
2800,900,810476.3968965007,1071771.1129800149,636492.4220632496,1.2733480695170978
2500,800,801856.0991709374,1069249.1754404444,638229.5792148504,1.2563756448853094
1000,900,2454389.100283926,2155245.9695212343,1782178.781777099,1.377184559360836
900,600,1783824.6164979625,1521105.232373196,1294581.9184254385,1.3779155966179224
3400,700,515203.9600188303,641823.2574772014,404696.48107442365,1.2730626138656351
4700,900,457777.2380932618,501409.2680086442,379186.97484619124,1.2072599230998082
3700,900,622011.9474684376,773951.6787961813,481278.6706176894,1.292415362330781
2500,800,843266.8430784963,1011491.1111775053,646428.6383915858,1.3045010585803785
1000,900,2438691.401160043,2185940.3859151346,1766228.9990184759,1.3807334170797028
2800,900,807057.2122058816,1083361.2675679845,630796.071078027,1.2794265043956683
4700,900,480269.0007999416,506695.9528713422,375793.4040464842,1.2780133861544152
1000,900,2457731.5991377686,2191117.7263965528,1801266.1925623622,1.3644466371966724
3700,900,619793.7003294408,830181.8484944702,492010.01654299366,1.2597176469785973
2800,900,809467.3287876387,1061541.9786396793,643309.3544865579,1.2582862710487024
1000,900,2429905.5695717516,2106938.8054411286,1752966.0984712057,1.3861680335352278
4700,900,498041.0716208142,504948.2619324639,383248.12607709836,1.2995264366162167
2800,900,789454.4792857141,997651.2253733885,626059.3208825735,1.2609898981661958
1000,900,2440566.916780186,2225357.00363159,1780731.0812854506,1.3705421006176979
1000,900,2472170.3371651783,2280441.620435357,1820437.0612090765,1.358009232971362
4700,900,448548.7063219614,483134.8647302585,372971.5103130225,1.20263530569804
2800,900,801385.4545062473,1093762.9068952685,635975.3861733753,1.2600887894862318
2800,900,814015.2403280754,1115454.23001027,650156.093288956,1.2520304719597448
4700,900,478117.5989699054,518596.96859698195,378878.9534649895,1.2619270471408914
4700,900,489005.9757802532,515818.9026353951,387327.03429980355,1.262514445097439
