P,n,Paper,Min Time,Time opt,mast
100,200,0,4036731.2304866337,4036731.2304866333,0.0
100,200,0,4294499.766569869,4294499.766569867,0.0
100,200,0,4061790.8441073745,4061790.8441073727,0.0
100,200,0,4108703.744730692,4108703.7447306924,0.0
100,200,0,3557355.3905757437,3557355.390575743,0.0
1200,400,0,839640.9249247345,658774.4657401188,0.0
500,500,0,2254335.1663935296,2042983.7272256636,0.0
100,200,0,3866070.259968481,3866070.2599684806,0.0
3700,200,3732.9284501410843,166113.63788309993,109100.8440672063,0.03421539477587904
100,200,0,3948846.8232300817,3948846.823230082,0.0
100,200,0,4333158.29362732,4333158.293627322,0.0
1400,300,10290.00328935733,595359.7525244866,448699.6663210537,0.022932941701798867
4100,200,3732.9284501410843,139812.3198062819,98456.85928016178,0.037914356373271375
100,200,0,4011071.221330206,4011071.221330204,0.0
100,200,0,4254028.531888374,4254028.531888373,0.0
1600,500,0,941699.768694493,638432.4147580198,0.0
3200,300,10290.00328935733,362556.00683866907,196306.104015461,0.05241815246125456
1200,400,8904.676907345643,797382.2497326317,634402.2325675779,0.01403632656099945
500,500,0,2138971.4831215977,1997005.0680836043,0.0
3700,200,8527.073730995633,230698.2490778549,116067.56125864504,0.07346646762047404
4100,200,8527.073730995633,185653.92477552837,115155.9162563489,0.07404807332706634
1400,300,8532.421898647772,584567.8832196228,426028.47753376426,0.020027820553313945
200,600,0,6124762.532992428,6080644.823719784,0.0
3700,200,23677.347437890774,261071.00613836432,137320.72161632078,0.17242370386055914
500,500,0,2106361.544668176,1953916.1450124227,0.0
1200,400,9926.995688698333,829062.4281303006,658982.9106943037,0.015064117031865455
1400,300,0,632216.5009685006,451487.5624765563,0.0
4100,200,23677.347437890774,191865.3340411573,137320.72161632078,0.17242370386055914
3200,300,8532.421898647772,345511.29538232414,186387.45892102187,0.04577787555043187
3500,600,3588.763830691005,592048.0087050684,347465.41849827336,0.010328405762511409
1600,500,8381.405804736554,878803.8130172489,624064.0837761264,0.013430360795676326
1200,400,0,864883.0081097671,650616.2139970714,0.0
500,500,24539.72776956719,2330261.538011551,2085551.3070061237,0.011766542346443044
4000,600,3588.763830691005,448360.4145341349,304032.2411859892,0.011803892300013039
4100,200,34058.45085234642,174165.14796276018,153927.2635835206,0.2212632775990744
200,600,0,6177834.8071005605,6115720.777420626,0.0
3700,200,8891.66238992231,288795.4539336956,153939.42557382103,0.05776078711985546
400,1000,0,5372127.747056696,5117311.441895305,0.0
1400,300,4292.267816604128,604696.7905017353,425148.5057657208,0.010095925913872065
3000,600,3676.3271485098603,667467.349500495,405376.3215813189,0.009068924238517432
500,500,0,2160166.1789029622,1985888.8685753127,0.0
3200,300,0,363284.0385545386,197525.80858349337,0.0
4200,700,5728.643612878146,500028.5756325552,339343.20231478993,0.016881562895030382
200,600,0,5869102.956302022,5790487.552760205,0.0
4100,200,22823.215389499317,166955.79606723617,112828.85828240226,0.20228171885223284
1200,400,13595.550326407118,905764.4751457837,692065.1754898969,0.019644898786856515
1600,500,0,881189.4132929705,610598.7953163821,0.0
1400,300,811.7611976272218,617445.2024061965,432367.2308377932,0.0018774808536120582
4000,800,5406.734783504661,651563.37184242,408413.0094688149,0.01323839999743569
3700,200,22823.215389499317,211228.10951985736,112828.85828240226,0.20228171885223284
2800,900,7971.622240087501,993321.9221640488,643082.3673737124,0.012395958347673026
4100,200,7432.857467803805,174625.40929023334,94294.39658459708,0.07882607808127123
500,500,0,2128823.9490404623,1970281.3485280545,0.0
1400,300,13633.71179040328,563032.4105912127,390318.45619976794,0.034929713350335255
4900,800,5406.734783504661,489653.2821031327,333398.3750765836,0.01621703999685872
1200,400,7998.118369366881,860550.3871623924,683486.1139402064,0.011701947129926012
200,600,0,6376944.850307253,6268521.525101105,0.0
3700,200,7432.857467803805,203547.69017158324,104488.38540455353,0.0711357290001716
3200,300,5734.61313983265,365738.81866692466,186002.47127250285,0.03083084380868874
3500,600,8650.446834172015,611372.643724638,349469.75870975,0.02475306265729445
4200,800,5406.734783504661,557202.8589330829,388964.77092268085,0.013900319997307474
1800,1000,19437.305754584726,1633148.8599722665,1137180.320421179,0.017092544960139396
500,500,22627.437117989983,2256321.503201745,2066041.4282661593,0.010952073278113853
4100,1000,19437.305754584726,701712.550740746,499249.8967702737,0.03893301907587307
1600,500,24539.72776956719,996432.0528688557,651734.7834394136,0.03765293550861774
4100,200,6451.381988325525,166190.66045856057,96313.33715195321,0.0669832671060624
1400,300,0,604000.6131544149,427623.7183466632,0.0
1200,400,19738.94498053806,812474.8139234807,637009.4236160052,0.030986896345252292
3100,1000,19437.305754584726,1086733.331203217,660298.2505671362,0.029437160764684514
4000,600,8650.446834172015,453837.7321675093,305786.0388710313,0.028289214465479367
200,600,0,6303811.040007994,6271185.063687249,0.0
3700,200,6451.381988325525,161446.69531706156,106725.58981702923,0.06044831421766606
500,500,0,2206774.7809505044,2047164.713754969,0.0
400,1000,25643.986649360046,5246433.745334831,4913387.148149847,0.005219207417639861
3200,300,5629.556055600061,348727.82978104096,189160.6634915345,0.02976071214643419
1400,300,0,591422.3704762816,433272.21171393426,0.0
4100,200,6776.292004235513,169876.87345526792,115640.3076979828,0.05859801084180025
1200,400,6201.955378434557,875272.5539298984,646328.5080712535,0.009595670469405987
200,600,0,6194555.1212000325,6150199.769662079,0.0
3000,600,8650.446834172015,750518.7485288834,407714.71849470836,0.021216910849109528
500,500,0,2140777.238874386,1963394.3490815647,0.0
3200,300,13633.71179040328,332003.65478726756,170764.32458739847,0.0798393448007663
3700,200,6776.292004235513,202482.18925922774,117112.38631425194,0.057861445893967536
1600,500,12357.658571901718,915871.2518027953,620590.2714297852,0.019912749427139366
1400,300,0,587667.8725893048,431779.61530882766,0.0
4100,200,3749.960680437004,159517.20245553151,97831.00539829765,0.03833100421660653
200,600,0,6095028.813532957,6063751.036144509,0.0
4200,700,25326.22444661303,471631.43762992014,336667.50755115284,0.07522622135658576
3500,600,4466.8024635239935,630613.0259602843,330885.0030148689,0.013499561548044142
500,500,33395.414194279714,2267667.0507734325,2013283.8759888585,0.016587533726646963
1200,400,4369.563497200686,868573.3193287667,666057.8072615924,0.0065603367298786896
1400,300,0,594282.8482356711,441956.6171420448,0.0
1400,200,3732.9284501410843,346549.00953657663,288337.9450347595,0.01294636559087315
4100,200,12625.551734262062,188150.19333317122,124828.15119872103,0.10114346493975329
3200,300,3043.778849189689,312343.9729627791,187085.37677666516,0.016269464250128044
200,600,0,6064231.262766742,5972329.13815111,0.0
3700,200,3749.960680437004,207167.67953652632,108407.33030622173,0.03459139404913272
1200,400,24008.575725993745,911341.9589168291,695762.8264332996,0.03450683884488239
1400,200,0,438705.67129169405,306749.983326419,0.0
1600,500,6800.736112063098,882543.329478206,615712.921415017,0.011045303542491532
4000,600,4466.8024635239935,465103.1898745425,289524.37763801025,0.015428070340621877
4900,800,10059.840663462954,438132.1533955557,335233.60715860885,0.030008449178853803
4000,800,8366.805851206951,630943.4482695439,410661.16876929585,0.02037398830836941
400,1000,0,5256221.606173346,4934034.750575059,0.0
1400,200,23677.347437890774,442718.9627296635,290127.9174362408,0.08161002790465403
200,600,0,6123144.025288041,6063134.0572034465,0.0
3700,200,10461.374535002578,226833.41320995224,124878.707025026,0.0837722841965852
2800,900,12324.27169298607,1109687.6181728404,661268.2153033076,0.018637326591197535
1400,200,8550.940432776963,465164.87103391904,293478.8389093352,0.029136480383236817
3000,600,4466.8024635239935,764178.8628854132,386032.50351734704,0.011571052755466407
1800,1000,25643.986649360046,1665722.326852679,1091863.810699966,0.023486433379379376
3200,300,4632.630523019576,321915.8637891787,189556.59262484626,0.024439300468900443
4100,1000,25643.986649360046,724554.8578755974,479354.8437219363,0.05349687603080858
1600,500,22627.437117989983,978883.8851722202,645637.9463331748,0.035046634489964326
4200,800,8366.805851206951,539707.8640645859,391105.87501837703,0.02139268772378788
1400,200,22823.215389499317,380956.18070976564,254096.81361255306,0.08982094291154775
3500,600,18651.93459294759,690641.0869943681,358201.23000577744,0.05207110704965126
4900,300,10290.00328935733,211201.774066514,142348.1066563424,0.07228760206975927
1400,200,0,369166.28330735385,276147.8757120343,0.0
200,600,0,5854585.811677904,5825618.632914472,0.0
3200,700,652.7608195754929,801852.201344915,445387.9530381618,0.0014656005289832412
5000,400,4679.161576028714,207125.952952296,158105.8717776285,0.02959511575009576
1400,200,0,353769.03610407765,282060.48737357726,0.0
3100,1000,25643.986649360046,1143340.2260794784,633985.438470948,0.04044885748670892
3200,300,7779.187719422478,337855.4203721041,188903.5816976121,0.041180731723102174
1600,500,4117.900872231911,911977.3393440204,639738.9730484277,0.006436845409948456
400,1000,0,5147796.033280258,4831353.634964578,0.0
4000,600,18651.93459294759,516093.93205579685,314954.4837664354,0.05922104797460045
4200,700,20266.987182898374,492616.18113746855,336832.30066383636,0.060169369573392334
1600,900,7971.622240087501,1552031.4374269883,1125394.1429039966,0.007083404770098872
1400,200,5706.86011780161,433232.9042065381,309511.3066876658,0.01843829286521193
4900,300,8532.421898647772,198631.53574312624,148288.0517849619,0.05753951040520081
3200,300,7061.048883732006,333993.08699419425,193356.0199996446,0.03651838139689152
1400,200,0,374744.43163306935,286505.0872378717,0.0
5000,400,8904.676907345643,224578.1840584823,152256.53581621867,0.05848469400416438
1400,200,10461.374535002578,446716.1721487785,303859.18084916956,0.034428364171084316
3000,600,18651.93459294759,854252.2304321438,417901.4350067403,0.04463237747112965
3500,600,8325.489174377752,630574.8198791399,358353.43221069995,0.02323262016221639
1600,500,10067.620822617484,884482.6500570704,613560.734087989,0.016408515511642432
4900,300,8228.17857983288,189922.24885244505,143441.4983667211,0.05736260896269224
4000,800,12883.825502343661,672059.8391895243,409298.3629293697,0.0314778329679441
4900,800,12883.825502343661,464186.75968532846,334121.1125954038,0.03856034538573152
1800,1000,4701.340937501877,1714254.7870285532,1096452.1667944575,0.004287775682222896
2800,900,16463.007812524982,1136482.5560517095,649204.8600891456,0.025358725457268392
4200,800,12883.825502343661,550029.0830820475,389807.9646946378,0.0330517246163413
5000,400,12487.705749072273,214754.8068100276,158155.89856663288,0.07895820429239989
1600,500,33395.414194279714,997998.2669156453,629151.2112465183,0.053080107925270285
3200,700,22266.62939891687,793757.4800953316,441876.1036608881,0.05039111464603005
4000,600,8086.201438964816,453276.7736743054,313559.2531843625,0.02578843187322683
2900,700,652.7608195754929,840007.5293810826,491462.56886969577,0.0013282004793910623
4900,300,5734.61313983265,205624.68376539557,130823.99861272547,0.04383456552806233
4600,100,4568.445064162316,68774.1315017561,44108.13649454799,0.10357374913644338
500,900,0,3821125.552241623,3601261.257292789,0.0
400,1000,0,5414458.239675981,5043926.753249257,0.0
4600,100,35397.99791369094,91238.03169582538,82739.16147748545,0.42782640386467125
800,900,0,2554532.809736231,2250788.2858079933,0.0
3000,600,9971.031128372153,721380.7158412943,418079.0042458166,0.023849633746519154
4100,1000,7564.43353471402,765278.9186753163,481369.24395854236,0.01571440973774698
3500,600,17547.20613295237,583388.0764141101,351439.98683783313,0.04992945251005053
4600,100,36419.67962565363,74324.86768350367,54290.25884700422,0.6708326760476166
4600,100,2954.2494734029424,91245.00664042654,70156.3045836674,0.04210953656887311
5000,400,3787.9958267989136,227867.38715503484,156147.89135929712,0.024259026451293634
4200,700,17542.846195160117,459956.98197279545,328097.83251997584,0.05346833918536186
4900,300,5629.556055600061,183547.37376704492,131967.49793690105,0.04265865568120248
1600,900,12324.27169298607,1673696.1619354123,1157219.3767807884,0.010649900909255732
4600,100,4306.600425428385,67807.3552547413,45396.48680868112,0.09486638125937179
4600,100,5751.028432069406,90356.66120672568,67742.26274582943,0.08489572386513572
4900,800,4381.076693062209,419070.6526583762,317420.16132413835,0.013802137440754456
4000,600,17547.20613295237,484175.41701264464,307509.988483104,0.057062231440057745
4600,100,38596.59388351655,108940.96079057854,96621.71431835281,0.3994608681475787
400,1000,0,5313123.5640875045,5037984.056431863,0.0
4900,300,13891.464892200802,185153.7673217633,144863.04739585196,0.0958937778952079
4000,800,3889.912219989232,626893.2154371316,388839.6976220695,0.01000389683403676
500,900,0,4008104.524572614,3703102.005698523,0.0
4600,100,20668.143567054947,67810.53855874971,50459.111537190256,0.40960181298122444
4600,100,3765.532172713447,67974.28293676364,54138.05797390288,0.06955425284240178
5000,400,13595.550326407118,234692.59751465224,176977.28425804104,0.07682087779459978
800,900,0,2742762.0521358545,2314438.753561577,0.0
3200,700,21068.13306765421,775151.8929944641,442092.3946212852,0.047655497638004043
3500,600,21653.52032951026,605049.79457611,346500.05920825765,0.062492111484736566
2900,700,22266.62939891687,849259.0455778776,487587.4247292558,0.04566694764796474
4900,300,3043.778849189689,180299.34084428416,122178.20524190378,0.024912617133008564
3100,1000,8954.874249509547,1094941.0007820392,636649.6452354915,0.014065623560030749
1800,1000,0,1643145.6896751744,1073634.1411032395,0.0
3000,600,19305.305778016686,683616.5725586554,410013.317977472,0.04708458221124761
4200,800,3889.912219989232,531278.028951273,370323.5215448281,0.010504091675738599
4600,100,23046.774409246653,104547.92476114215,100419.32952364009,0.22950536035814822
2800,900,15279.743034346362,1144744.4839464067,647916.9506745858,0.02358287280250608
4900,300,5422.487209792114,186446.5986435737,123792.0604896955,0.04380319051433419
3500,200,3732.9284501410843,168146.6204560067,115335.1780139038,0.03236591397718288
5000,400,7998.118369366881,233832.175022693,164036.66734564953,0.04875811304135838
4200,700,23764.422858896596,475111.9810793135,342803.0751838123,0.06932383219186124
4000,600,21884.531794702074,442795.28406404104,303187.55180722545,0.07218149842977996
400,1000,0,5295357.919562489,5023927.65331403,0.0
1600,900,18383.17448522238,1632403.1290671786,1136108.5051560048,0.01618082639272038
3500,200,8527.073730995633,253711.39730834632,122699.99333056761,0.06949530720855653
500,900,16463.007812524982,3952928.937378834,3635547.2164992155,0.00452834383165507
800,900,16463.007812524982,2670076.140504171,2272217.0103120096,0.007245350130648112
4900,300,7779.187719422478,180217.66015565424,123365.60437395076,0.0630579954510002
3500,600,7996.366559725736,570737.7210146376,341275.950751492,0.02343079417731511
3500,200,23677.347437890774,259955.98123854052,137320.72161632078,0.17242370386055914
5000,400,19738.94498053806,240640.01810239957,171534.09013886217,0.11507301530884487
3000,600,6326.307549850571,637811.6315974774,404250.0690763006,0.015649490337270682
4100,1000,2248.484409166525,712278.9265124766,471351.5741428856,0.004770291503227098
3200,700,17542.846195160117,750942.3450944652,430628.4051824683,0.04073778223646618
4900,800,12927.049406980468,427162.67685513897,320553.0299906165,0.04032733494161288
2900,700,18965.150838199785,861818.6443129365,487826.0906165906,0.03887686862797493
3500,200,8891.66238992231,293357.9133157437,154001.93236168398,0.057737342990214165
4900,300,7061.048883732006,181671.10102411738,126273.31918344137,0.05591877151399014
4200,800,12927.049406980468,533576.6449412429,373978.53498905257,0.03456628709281104
4000,800,12927.049406980468,618120.7129049336,392677.46173850517,0.0329202734217248
4200,700,14797.117847431758,490762.4804277099,341291.01764935156,0.04335630614994555
4000,600,10785.402400154344,472190.9415703461,298616.4569075555,0.03611791028480806
3500,200,22823.215389499317,234532.49935114328,112828.85828240226,0.20228171885223284
500,900,15279.743034346362,3932902.3302892866,3628334.9237776804,0.0042112272861618
1800,1000,7842.464876294151,1725352.3737773031,1120872.6118331682,0.006996749490977331
3500,600,8634.535283565789,598450.6573564151,346464.80326876836,0.02492182525353835
400,1000,0,5312176.13900434,5086841.247322347,0.0
2800,900,8157.4325841230175,1074691.602847306,636492.4220632496,0.012816228915467584
5000,400,8342.999389250623,214511.9675916812,162289.93398920793,0.05140799052765294
1600,900,15279.743034346362,1653750.8748341938,1133854.663680525,0.013475927315717761
3500,200,7432.857467803805,194369.27864101695,110459.15028481373,0.06729055445962177
3000,600,7996.366559725736,727799.4831748194,398155.2758767407,0.02008353786627009
3100,1000,2248.484409166525,1189679.2002328245,623400.4690276874,0.003606805770732684
800,900,15279.743034346362,2661059.683423171,2267709.32736105,0.006737963657858881
3500,200,6451.381988325525,173639.92674198,112824.19494943091,0.05718083777346789
3500,200,6776.292004235513,238135.82626963826,123804.52267506633,0.054733800169969295
4000,600,11603.344387153371,483850.27162329433,303156.7028601723,0.03827507120139542
500,900,0,3866339.507192379,3564357.563554198,0.0
5000,400,6539.55103988872,228113.71526954527,167923.72650942532,0.03894357977770142
3200,700,24123.72758138229,770792.1721510232,449929.03617875365,0.05361673873343462
4200,700,32766.414631774176,503872.54448479554,345013.55054277735,0.09497138468974874
4700,800,5406.734783504661,491467.20337457914,347585.5399734595,0.015555119996986935
400,1000,0,5475984.359095315,5153513.293050198,0.0
3500,200,3749.960680437004,207383.29664033127,114602.03489514868,0.03272158896539582
4900,800,29208.99910656877,471339.88577540463,327987.9667832871,0.0890550936762511
4200,800,29208.99910656877,567847.6603054872,382652.627913835,0.07633293743678665
3500,600,17882.965378389745,538625.1496819786,332892.4933093985,0.053719941836504186
1800,1000,14149.485468599813,1615096.744289325,1119552.012540414,0.012638524436656345
4000,800,29208.99910656877,624725.8617140795,401785.25930952677,0.07269803565408252
4000,600,17882.965378389745,408337.89322733576,291280.93164572364,0.061394219241719075
3500,200,10461.374535002578,242182.60727072548,124934.25083644566,0.08373504035092673
3000,600,9215.486087194193,716502.5188387032,404208.93714689644,0.022798818235543188
1600,900,2518.1856590546868,1629340.7430821767,1113861.7386106867,0.0022607704096161926
2900,700,17542.846195160117,838183.4869078583,475176.1712358271,0.03691861515179747
500,900,15710.91907291415,3825156.748737654,3532457.9980369518,0.004447588359619557
3200,700,14200.610086947614,770979.4956176501,447944.46066477394,0.031701720489797185
5000,400,24008.575725993745,236213.34947061335,184114.18593069012,0.13040046645309442
4100,1000,7842.464876294151,732164.0764505415,492090.41495114705,0.01593704050722614
1100,300,10290.00328935733,703657.1471774435,571072.302590432,0.018018739908556253
800,900,0,2621496.743247059,2227723.4772213735,0.0
3100,1000,7842.464876294151,1161846.9397112364,650829.2584837751,0.012049957456683181
1900,300,10290.00328935733,525352.0049701963,330620.80676288164,0.031123278023869896
400,1000,4822.381104041396,4956759.155183712,4782066.784922362,0.0010084303128609878
1100,300,8532.421898647772,692094.0942553524,542218.0623157,0.015736144720460955
1900,300,8532.421898647772,493809.0424704309,313915.7202880368,0.027180613608068928
2800,900,15710.91907291415,1081496.0189468833,630796.071078027,0.02490649481386952
4700,500,3840.037250338146,315933.02753130073,218726.61253679788,0.01755633302139725
1900,300,0,518604.63378115004,332675.0460353573,0.0
4700,800,9985.835911150049,455912.19989892805,349498.8670376986,0.02857186919027388
1100,300,0,702450.160778475,574620.5340610717,0.0
1600,400,0,712506.9503637507,494080.84930508904,0.0
4900,800,6835.262523123442,446434.41488705843,326650.2881667952,0.02092532218931703
4000,800,8191.015483132231,593015.8989119035,400146.60300432413,0.020470036285785278
4200,700,24993.790133240956,443834.09501191525,312915.90084646567,0.07987382573282631
2900,700,23764.422858896596,868061.4740874344,496473.4192317282,0.047866455561047044
1100,300,0,691229.4678787465,541098.098247281,0.0
300,1000,0,6996630.014589002,6823081.922527074,0.0
500,900,0,3898635.118367295,3602532.3851247244,0.0
800,900,15710.91907291415,2602778.2818899127,2207786.2487730947,0.007116141375391291
1900,300,5856.19504385737,493159.73381013423,313267.32003789954,0.01869392263179217
3000,600,14560.863208537196,594700.998077644,388374.5755276315,0.03749180334154299
3200,700,32766.414631774176,780234.3664016108,452830.2850873952,0.07235915023980857
1600,900,15710.91907291415,1567664.1692910565,1103893.1243865474,0.014232282750782583
1600,400,8904.676907345643,663866.6441610908,475801.6744256834,0.0187151020813326
1100,300,0,717140.5454453516,550285.5665208277,0.0
4200,800,6835.262523123442,537460.792499805,381092.0028612611,0.017935990447986026
1900,300,5629.556055600061,495671.0503107691,318586.3806173213,0.0176704228369453
1100,300,0,658088.4358985246,496768.9442542501,0.0
1900,300,13633.71179040328,470073.76950928714,287603.0729893027,0.04740461097545499
1800,1000,15443.784669163713,1622832.920946553,1116428.3674031177,0.01383320696614591
1600,400,9926.995688698333,709459.1762218415,494237.18302072777,0.02008548937582061
4700,500,8381.405804736554,309737.15352460596,212447.34766846854,0.03945168483729921
1100,300,0,688458.1874116072,544248.3688048441,0.0
500,900,0,3737184.6861503515,3505932.1969424114,0.0
1900,300,0,466791.0870778607,315091.160887015,0.0
800,900,8576.754904815818,2632197.0216030725,2251582.7407029527,0.003809211515868221
300,1000,0,6841903.020870812,6551182.864199796,0.0
1100,300,0,685640.6842324135,551437.3603631891,0.0
3400,500,3840.037250338146,517859.33279517735,300438.7834155387,0.01278142990289961
3100,1000,14952.775672756983,1073652.571538422,650062.4588944339,0.02300205998387798
4000,800,14312.682469560132,656074.2987744167,409838.41678332747,0.03492274487563944
1600,400,0,664761.3292287219,487962.16049780353,0.0
1900,300,0,468842.04227430024,319253.20863132,0.0
4700,800,12883.825502343661,488184.6810405914,348339.03228031466,0.036986453737334314
4900,800,14312.682469560132,447246.9092555351,334561.97288434894,0.04278036247265832
3200,700,24993.790133240956,735989.5260524987,410702.1198609862,0.06085624817739148
4200,700,12894.731273758807,447300.4347499557,322718.3507372831,0.03995660997987711
2800,900,8576.754904815818,1072122.0717017418,643309.3544865579,0.013332240305538774
4100,1000,17011.5122632407,707828.8681435895,491510.6396518891,0.03461066941559811
1100,300,0,694943.4134015093,549537.6922112352,0.0
2900,700,14200.610086947614,818508.1655401489,494283.5428025092,0.0287296841938787
1600,900,8576.754904815818,1584623.5798249955,1125791.3703514764,0.007618423031736442
1900,300,7779.187719422478,480217.25896677916,318153.400753873,0.02445105946059192
4200,800,14312.682469560132,547488.6473833136,390322.3016984071,0.03666888211942142
1600,400,13595.550326407118,782583.5310634208,519048.8816174227,0.026193198382475354
4700,500,3929.010627530466,306449.9408784018,207863.41968217265,0.018901885832235427
1100,300,0,712029.0815688665,562490.2399989661,0.0
1600,400,7998.118369366881,742271.0456173703,512614.58545515477,0.015602596173234682
500,900,16115.259559207661,3883586.8867970495,3561462.162570901,0.004524899837086741
1900,300,7061.048883732006,482503.7527722293,325652.24420992774,0.02168278895440434
300,1000,0,6856806.140199429,6578713.000766746,0.0
2100,300,10290.00328935733,465985.6546707825,299133.11088070244,0.03439941255269831
3400,500,8381.405804736554,541912.075962011,293677.2158946477,0.028539516690812193
800,900,0,2466874.313472394,2191207.623089007,0.0
1600,400,19738.94498053806,676425.0263293339,477757.0677120039,0.04131586179366972
1800,1000,10305.111647624759,1622914.5124352414,1130409.1660716326,0.00911626688541177
2100,300,8532.421898647772,466555.6461801466,284018.98502250947,0.03004173082997092
3200,700,12061.378072547013,698406.4051824241,423567.83534268406,0.028475670403039114
2700,400,4679.161576028714,504259.82985303586,292788.6514400528,0.01598136250505171
4700,500,24539.72776956719,321704.77680206957,237834.46181356232,0.10317986545113805
2900,700,30333.377603935645,903038.7283780328,499674.79733781546,0.06070623886885401
500,900,0,3941848.0343330353,3640874.122418153,0.0
2100,300,0,492395.73643641337,300991.7083177042,0.0
4700,800,3889.912219989232,443912.03633763286,330927.4022315485,0.011754578779993193
4200,700,13705.53190618859,469810.2194646484,327611.4370602477,0.04183471746033135
1600,400,8342.999389250623,727710.7470983469,484746.3810534401,0.01721106070172159
4900,800,7584.5821351666855,427587.6684134115,325627.3363341074,0.023292215636910116
3400,500,3929.010627530466,516853.58038242604,287340.6095606504,0.013673704644595842
4000,800,8076.232832422719,577634.0104034891,398893.4870092815,0.020246589867823035
300,1000,0,6654461.786972128,6441804.8466194365,0.0
1600,900,10021.229555150332,1506247.0596277092,1095603.8115445036,0.009146764048787967
800,900,16287.906526103032,2634934.11035264,2225913.8516068133,0.007317402025395247
2100,300,5734.61313983265,491769.7387967236,283432.33717714716,0.02023274124945199
4200,800,8422.00499463082,538336.1642415342,379898.5590564586,0.02216908907353656
2700,400,8904.676907345643,488803.5908832605,281956.5478078124,0.03158173476224876
2800,900,9025.857866290062,1005353.8779846396,626059.3208825735,0.01441693712596764
3100,1000,15443.784669163713,1113861.4317485269,648248.7294598749,0.02382385644169573
1600,400,5788.550168471833,715933.8483718135,499543.35544619424,0.011587683241830883
4700,500,12357.658571901718,296797.85680377984,211264.77325269283,0.058493701442221886
4100,1000,15443.784669163713,694762.4150009287,490139.2832501493,0.0315089714228879
2100,300,5629.556055600061,465442.8919883132,288244.82055852877,0.019530467346097435
3200,700,13705.53190618859,728329.8757055443,429990.0111415751,0.03187407044596674
2700,400,9926.995688698333,474494.5213834201,292881.29364191275,0.033894263321697274
2900,700,25965.64179680842,792434.960695692,453188.546053502,0.057295450255583025
1600,400,24008.575725993745,766565.4402821935,521822.1198249747,0.046009118459843186
3400,500,24539.72776956719,592248.6853313626,306698.7216185476,0.08001248795581269
2100,300,13633.71179040328,440411.26311421546,260212.3041331786,0.052394570025502886
300,1000,0,6988287.140262384,6725235.670999009,0.0
900,300,0,837258.5490204344,697977.258721639,0.0
4900,700,5728.643612878146,404448.60751759633,290865.60198410565,0.01969515671086878
1800,1000,6642.814273996539,1753016.6313649444,1145225.1762333773,0.005800443800794375
800,900,0,2675063.878850676,2275546.326511346,0.0
2100,300,0,430064.25261911284,285082.47889777547,0.0
4700,500,6800.736112063098,307673.5349736643,209604.39877958025,0.032445579156068875
2700,400,1096.7007906137185,508238.9616182133,289162.76177647617,0.0037926764285834014
5000,700,5728.643612878146,400747.36842467176,285048.28994442354,0.02009709868455998
900,300,8532.421898647772,814235.7722927143,662710.9650525221,0.012875027498558966
1600,900,20305.98369854327,1582073.9600776876,1112956.9258034066,0.018245076002276598
4000,800,23056.175806176325,584365.7975412253,404017.89899474115,0.05706721376340911
4700,800,12927.049406980468,435801.7834010327,334193.5844583023,0.038681321270526633
4900,800,25351.227939246142,426358.9546274534,329810.52979162545,0.07686603564556616
900,300,0,845074.4966404983,702313.9860746431,0.0
2100,300,174.06218953887168,466573.338060469,288848.14114262286,0.0006026079615756503
3400,500,12357.658571901718,544373.8889231852,292042.4806728401,0.042314592532671155
1000,500,0,1307468.928454988,1021491.8636128318,0.0
1600,200,3732.9284501410843,320618.4767664899,252295.70190541458,0.014795846389569314
900,300,0,823587.6910241847,661342.1200800102,0.0
900,300,0,824115.6426880406,672571.2479699005,0.0
2100,300,7779.187719422478,448380.85030130413,287853.07687255176,0.027024855193285804
1600,200,8527.073730995633,398774.0661147066,268406.2354106167,0.03176928329534012
2700,400,13595.550326407118,528009.4173117193,307584.5224399542,0.04420102227042715
2900,700,11730.385248251918,764621.862071057,467385.1976195135,0.025097896356147183
900,300,0,756417.2533350902,607162.0429774168,0.0
2800,900,16287.906526103032,1134768.211957496,635975.3861733753,0.025610907088883365
4200,800,23056.175806176325,498662.7108122523,384778.951423563,0.05992057445157957
4700,500,22627.437117989983,294663.9165867639,219791.64130491056,0.10294948881427023
300,1000,0,6900381.906228234,6717312.075242484,0.0
1400,100,0,190524.79113007872,144926.73419637198,0.0
1000,500,8381.405804736554,1238457.3574482473,998502.5340418022,0.008393975497297704
1600,200,23677.347437890774,393919.3615488956,253861.92775671073,0.0932686033196046
2100,300,7061.048883732006,438262.48131405003,294637.7447613632,0.02396518779171006
900,300,0,782309.4562355855,665192.4507614761,0.0
1400,100,35439.844851521266,228196.67731943203,141508.4952514703,0.2504432316133546
2500,700,652.7608195754929,918756.330977584,570096.5798888471,0.001145000413268157
3500,900,8416.364455084196,837718.7795174267,514465.89389896987,0.016359421596054316
1400,100,36419.67962565363,229759.28998989722,145347.42006270273,0.2505698388725594
900,300,0,813147.1324081059,673978.9959994534,0.0
3400,500,6800.736112063098,523673.7697303328,289747.2571364786,0.023471270027794505
1400,100,0,230595.95755345657,145397.99961034767,0.0
1600,200,8550.940432776963,457515.84354379575,256793.98404566827,0.033298834723699225
2700,400,7998.118369366881,507041.81448576244,303771.60619564727,0.026329381042333528
4900,700,22266.62939891687,383171.1190975451,288572.1493295596,0.07716139430173351
4100,1000,10305.111647624759,690556.2753334752,496277.19486071676,0.020764830127882366
1000,500,0,1161935.3406073512,976958.0725062113,0.0
5000,700,22266.62939891687,392970.2941451376,282800.7063429684,0.07873611663442194
3100,1000,10305.111647624759,1071588.9138231862,656366.6125577221,0.015700237413764716
1400,100,0,180462.26101590286,149159.88522852366,0.0
1600,200,22823.215389499317,372344.91319229937,222334.71191098393,0.102652506184626
900,300,0,789922.9337984117,671657.1793692874,0.0
1800,1000,4849.702928706098,1414059.5334153776,1062681.507760525,0.004563646674276162
1600,900,8627.168333755786,1608993.9493121356,1137773.163255673,0.0075825029209422
1400,100,0,192018.11826806076,131769.40543605556,0.0
1600,200,7432.857467803805,344662.2548685948,241629.39124803004,0.03076139632439853
1400,100,37760.33459491787,241989.3450424124,145479.3921411272,0.25955796239708767
900,300,0,827321.2230891846,687488.0711098475,0.0
4700,500,6730.822325226609,303341.84513823024,217783.4801866988,0.030906027947833738
300,1000,0,6921586.916122448,6698570.204418707,0.0
1600,200,377.758878815548,322706.9857297217,246802.9264518801,0.001530609398544554
1400,100,15673.098771166018,180363.47860995866,142051.47497292983,0.11033393897636597
2700,400,19738.94498053806,507229.9011448199,283115.2993848912,0.06972051677681766
4700,800,29208.99910656877,504494.25120974093,341944.90154002275,0.08542019189354697
800,300,0,924014.1404452327,785224.416061844,0.0
1000,500,24539.72776956719,1376155.6510985934,1042775.6535030619,0.023533084692886088
1600,200,5706.86011780161,422602.9094097913,270822.3933517076,0.021072334703099344
1400,100,0,207514.21925617737,134779.12549066052,0.0
800,300,8532.421898647772,861853.228787779,745549.8356840875,0.011444468887607967
1400,100,23046.774409246653,264935.8555054459,152346.24603351613,0.15127891240704658
2900,700,13705.53190618859,791442.3835436817,474471.7364320829,0.02888587634165736
100,100,0,2028974.2787492091,2028974.2787492075,0.0
100,100,0,1981118.9335205841,1981118.9335205844,0.0
100,100,0,2034863.880877838,2034863.8808778382,0.0
100,100,0,2035571.994544867,2035571.9945448677,0.0
100,100,0,2088238.393199332,2088238.3931993314,0.0
1600,200,0,326674.1944537182,250691.95133313775,0.0
800,300,0,933707.2104981819,790103.2343339735,0.0
3400,500,22627.437117989983,544847.3919013324,303829.62180384697,0.0744740982911742
100,100,0,1844771.6761047787,1844771.6761047777,0.0
2700,400,8342.999389250623,532495.3176552862,287257.1146983349,0.029043664934155184
100,100,0,2036711.4899757816,2036711.4899757812,0.0
2500,700,22266.62939891687,942168.1968660926,565601.4126859368,0.03936805831721097
100,100,0,1988720.6496210184,1988720.6496210184,0.0
100,100,0,1886907.756869248,1886907.7568692472,0.0
4800,300,10290.00328935733,202511.15149694507,142348.1066563424,0.07228760206975927
100,100,0,2132847.4444692265,2132847.444469226,0.0
4500,200,3732.9284501410843,133397.50638344474,89705.13845525852,0.04161331797066369
1600,200,10461.374535002578,396996.28585155605,265876.7832430233,0.03934670190981065
800,300,0,899732.5746245037,744009.8850900114,0.0
1000,500,12357.658571901718,1252808.7194523267,992944.4342876563,0.012445468391962103
4500,200,8527.073730995633,153263.7444641513,115155.9162563489,0.07404807332706634
1000,800,0,1995163.9326657099,1633652.0378752595,0.0
800,300,0,908470.5743321104,756642.653966138,0.0
2700,400,6539.55103988872,475642.3151142476,296025.69211626326,0.02209116037577012
4900,700,18965.150838199785,394338.4779988562,288713.40056900255,0.06568850216450937
4700,500,10067.620822617484,302086.8991348494,208871.73926399625,0.04820001431544964
4800,300,8532.421898647772,206227.96521247635,148288.0517849619,0.05753951040520081
2800,900,8627.168333755786,1051570.764637893,650156.093288956,0.013269380111648849
4200,1000,19437.305754584726,670054.8960216941,487362.99446621956,0.03988260490699192
800,300,0,818057.5500359559,683057.2983495939,0.0
5000,700,20266.987182898374,392754.11906208337,282939.1325576225,0.07163020187308612
300,1000,0,6940984.086190983,6782454.996429795,0.0
4500,200,23677.347437890774,179116.1913436026,137320.72161632078,0.17242370386055914
1000,500,6800.736112063098,1214429.7777033898,985140.6742640273,0.006903314714057207
3400,500,4117.900872231911,515635.3294584345,301053.6343757307,0.01367829649614047
3500,900,12324.27169298607,918280.515688881,529014.5722426461,0.023296658238996914
800,300,0,839541.7801172365,748341.5071066606,0.0
4800,300,8228.17857983288,191675.70501534955,143441.4983667211,0.05736260896269224
2700,400,24008.575725993745,515745.3794526369,309227.9228592443,0.07764038740098538
4500,200,33955.16816930353,182633.28533415784,153927.2635835206,0.2205922939108154
800,300,0,898934.384038505,758226.370499385,0.0
2300,600,3588.763830691005,878453.2544583243,528751.7238017203,0.0067872380725074975
2700,300,10290.00328935733,375875.32791237853,232659.08624054634,0.044227816139183536
2500,700,18965.150838199785,928475.8698966065,565878.265115245,0.033514541920668044
4800,300,5734.61313983265,206157.89766020805,130823.99861272547,0.04383456552806233
4100,1000,6642.814273996539,684582.1430447162,502781.7846878242,0.013212121990698298
4500,200,22823.215389499317,139961.46325507382,112828.85828240226,0.20228171885223284
4700,800,8065.0563961135385,478852.29341805173,340550.30042921205,0.023682423377541457
800,300,0,881482.2683260691,755614.3267904484,0.0
2700,300,8532.421898647772,376219.7053771068,220903.65501750738,0.03862508249567689
1000,500,22627.437117989983,1289172.7425820574,1033020.7141330796,0.021904146556227706
800,300,0,897503.1724591847,773424.0799985784,0.0
3400,500,10067.620822617484,579025.8492008855,288734.4631002301,0.03486809546224017
1000,800,0,2028365.9270168487,1642644.6750771834,0.0
4700,500,33395.414194279714,352320.10919499013,288145.1780149138,0.1158978762870404
4500,200,7432.857467803805,151349.05593774028,89579.42667687622,0.08297505067335402
3100,1000,6642.814273996539,1157819.7467425023,664969.4571677675,0.009989653212479202
4900,700,17542.846195160117,384281.70861650415,281226.71358855075,0.06237972904958883
3400,200,3732.9284501410843,194362.11946588903,118727.3891319598,0.03144117357783479
2300,600,8650.446834172015,874600.7998320112,531801.8067322284,0.016266298317650637
4800,300,6716.638032315986,194820.6790445806,131967.49793690105,0.05089615350233797
300,1000,0,7084339.236293396,6871351.057400264,0.0
4700,300,10290.00328935733,203934.89612148746,142348.1066563424,0.07228760206975927
4500,200,6451.381988325525,138048.8028717934,87752.15162733514,0.07351821999445873
2700,300,0,413179.69456557947,234104.66202488105,0.0
1000,500,0,1264672.6801752683,1023582.3568774845,0.0
1700,1000,19437.305754584726,1682105.5623848122,1204073.2804459543,0.01614295912902054
3400,200,8527.073730995633,239675.09553400122,126308.8166638196,0.06750972700259777
5000,700,17542.846195160117,398733.844456196,275602.1793167797,0.0636527847444784
2700,300,5734.61313983265,412777.37846093834,220447.37336000337,0.026013524463581125
4500,200,6776.292004235513,161627.6207287868,115640.3076979828,0.05859801084180025
4800,300,13891.464892200802,191034.59624742312,144863.04739585196,0.0958937778952079
3400,200,23677.347437890774,261863.25953887982,137320.72161632078,0.17242370386055914
1000,800,11338.538584460144,2023530.203248933,1637193.4517174787,0.006925594878580526
2500,700,17542.846195160117,928735.0730754139,551204.3586335594,0.0318263923722392
1000,500,10067.620822617484,1279059.854625312,981697.1745407823,0.01025532219477652
4700,300,8532.421898647772,203961.8060173171,148288.0517849619,0.05753951040520081
3400,200,8891.66238992231,284114.9392879731,154040.8405168634,0.05772275949733544
3400,500,33395.414194279714,633970.700720293,296071.1582336557,0.11279522934119934
4500,200,4482.456119687624,140565.48604898373,89134.91602956009,0.05028844272654156
3500,900,20413.276221785283,893885.0390891033,519363.8880713165,0.03930438116826142
2700,300,5629.556055600061,370695.18300472724,224190.41598996683,0.025110600873553844
2300,600,4466.8024635239935,893461.9483100465,503520.656761757,0.008871140445857578
4800,300,3043.778849189689,185277.10025966165,124723.58451777676,0.024404196375192068
2800,200,3732.9284501410843,218926.36478039116,144168.97251737976,0.0258927311817463
3400,200,22823.215389499317,245767.27687594903,112828.85828240226,0.20228171885223284
4300,900,10548.80242558632,570944.2182580981,418751.3089875336,0.025191091225700173
4700,800,14312.682469560132,467385.4278769224,348798.6525815553,0.04103422522887634
1000,500,33395.414194279714,1363265.0947537574,1006641.9379944293,0.033175067453293926
4200,1000,25643.986649360046,685342.0879586145,467941.6331571283,0.054801677885218544
300,1000,0,6513236.734455464,6376089.04656315,0.0
2800,200,8527.073730995633,269464.33016016375,153374.9916632095,0.05559624576684522
4900,700,23764.422858896596,395627.09533826145,293831.20730041055,0.08087780422383811
4500,200,10461.374535002578,172578.49061867254,124828.15119872103,0.08380621225694933
4700,300,8228.17857983288,198630.21491273263,143441.4983667211,0.05736260896269224
4800,300,4632.630523019576,180291.63899355513,126371.0617498975,0.036658950703350665
2500,200,3732.9284501410843,236430.21917281346,161469.24921946533,0.023118509983702053
2700,300,13633.71179040328,376143.52883119544,202387.34765913893,0.06736444717564656
3400,200,7432.857467803805,205898.92199897632,113707.94882260237,0.06536796718934687
4300,200,3732.9284501410843,147787.79629051045,93877.47047643333,0.039763837171967534
4100,1000,5965.948043130302,638707.2558134879,466543.10096803535,0.012787560314902292
4800,300,7779.187719422478,181939.4605624734,125935.7211317414,0.06177109758465326
1000,800,0,1940689.688185361,1555358.790488278,0.0
5000,700,23764.422858896596,399714.3206494027,287954.5831544023,0.08252837165697767
4700,300,6902.542876856725,211308.88686400128,130823.99861272547,0.05276205398131978
2800,400,4679.161576028714,482380.7082139635,282331.9138886223,0.016573264820053626
4300,200,8527.073730995633,177256.1497558075,115155.9162563489,0.07404807332706634
2800,200,23677.347437890774,294194.91051443096,145063.9587181204,0.16322005580930807
2300,600,18651.93459294759,1023600.6243275981,545088.8282696613,0.0342181560611994
3400,200,6451.381988325525,191377.4233050659,116142.55362441417,0.055547099551368814
2500,700,23764.422858896596,972581.0092739655,575909.1663088046,0.041264185828488835
2500,200,8527.073730995633,302778.44154413865,171779.99066279465,0.04963950514896895
1700,1000,25643.986649360046,1807162.5744245085,1156091.0936823168,0.022181631524969412
2700,300,0,398519.5492366309,221730.81692049204,0.0
2800,200,8891.66238992231,318100.66076568014,154364.66132239698,0.05760167070461617
4800,300,7061.048883732006,198425.3631525571,128904.0133330964,0.05477757209533728
3400,200,6776.292004235513,232895.46027904376,127445.83216550946,0.05316997730797017
4300,200,23677.347437890774,182979.2583945135,137320.72161632078,0.17242370386055914
3100,1000,6388.316266935736,990329.9917307702,617040.8754738532,0.010353149233476409
2500,200,23677.347437890774,297931.91089051135,162471.63376429485,0.1457321926868822
3400,200,3749.960680437004,217749.69584339042,117972.68298030012,0.03178668642352737
4700,300,5629.556055600061,205949.06746008928,131967.49793690105,0.04265865568120248
2800,200,22823.215389499317,291612.9251312202,127048.40680627653,0.1796418858230955
2800,400,10001.424372631524,474817.1476543145,271886.6711003905,0.03678526914229875
2700,300,4806.692712558447,381896.13998418633,224659.66533315112,0.021395441435517727
2500,200,8891.66238992231,382859.62885328964,164348.1497892277,0.0541026011021459
4300,200,32589.44413134415,170932.05893672616,153927.2635835206,0.21171976537906287
3400,200,10461.374535002578,234075.59848742245,125118.48623201098,0.08361174155834764
3500,900,15279.743034346362,1030333.2198696818,518333.5605396686,0.0294785910031326
4900,700,14797.117847431758,407252.7458227451,292535.1579851585,0.050582357174936476
2800,200,7432.857467803805,228103.72386102786,138073.93785601715,0.05383244356769743
4700,300,13891.464892200802,202004.97806969896,144863.04739585196,0.0958937778952079
4300,900,12761.203178274183,635602.5087945863,430593.2564765724,0.02963632845227452
4300,200,22823.215389499317,144579.12396160566,112828.85828240226,0.20228171885223284
2500,200,22823.215389499317,299159.66823260643,142294.2156230297,0.16039454091347813
1000,800,12927.049406980468,1923228.0268555412,1570709.8469540207,0.0082300683554312
2500,700,14200.610086947614,929182.6800771456,573368.9096509106,0.02476696913265405
2300,600,6000.124981855111,846692.6629485348,545320.4403206304,0.011002934308362319
3800,800,5406.734783504661,690052.009329079,429908.43101980514,0.012576479997563905
2700,300,7779.187719422478,366904.1492743403,223885.72645642917,0.034746242391367456
4300,200,7432.857467803805,153025.14956695127,89908.61069694141,0.08267125262182104
2800,400,9926.995688698333,485244.2337524283,282421.2474404159,0.03514960640768606
2800,200,6451.381988325525,212122.97485608744,141030.24368678863,0.04574467021877432
4700,800,7870.941094126221,435269.8315182514,339483.81873130344,0.023185025794575376
2500,200,7432.857467803805,264492.92783566925,154642.8103987392,0.0480646817568727
5000,700,14797.117847431758,375313.72937858524,286684.4548254553,0.05161465017850661
4700,300,3043.778849189689,188371.214713825,127377.27780538904,0.023895775617375565
700,1000,19437.305754584726,3320595.483557046,2924177.9667973174,0.006647100817831987
4200,1000,9224.113225053245,657867.3569427107,469908.07148333895,0.019629612225931504
4300,200,6451.381988325525,134184.65219808643,91833.64705186237,0.07025074355026055
2800,200,6776.292004235513,285326.2041379864,154755.6533438329,0.04378704013597544
2500,600,3588.763830691005,796432.511259446,486451.5858975827,0.007377432687508149
2700,300,7061.048883732006,407505.86879811715,229162.69036994915,0.030812384303627222
2500,200,6451.381988325525,251587.18799053252,157953.87292920327,0.04084345555247707
4300,200,6776.292004235513,172305.17549403713,115640.3076979828,0.05859801084180025
2800,400,3658.706940826274,473999.38178296096,278835.52028445917,0.013121380436372588
4900,700,32766.414631774176,408736.6270678605,295725.90046523773,0.11079994880470685
2800,200,0,244449.1142550554,143252.54361893586,0.0
4700,300,4806.692712558447,190227.00406267704,129059.80774457617,0.03724391657293827
2500,200,6776.292004235513,325349.31338865025,173326.33174509287,0.039095571549978066
1000,800,29208.99910656877,2080854.3564543289,1607141.037238107,0.01817450891352063
1700,1000,4701.340937501877,1738464.9332755636,1160949.3530764845,0.004049565922099401
2300,600,17547.20613295237,818816.450783994,534799.9799706156,0.03281078307803321
2800,200,10461.374535002578,283602.4332230342,151929.59042458478,0.06885672834216863
3700,700,652.7608195754929,650394.3457607172,385200.3918167886,0.0016946006116368725
2500,700,30333.377603935645,1015909.6841915586,579622.7649118659,0.05233296454211553
2500,200,0,265466.79137069517,160442.84885320815,0.0
4300,200,3749.960680437004,147482.78486481306,93280.7260774466,0.04020080930034344
2500,600,8650.446834172015,874368.3137084667,489257.66219365003,0.017680759040924608
4700,300,7779.187719422478,178372.33240491647,128615.20456007632,0.06048419971830632
2500,200,13984.148755418191,309908.62915137346,170161.14127553493,0.08218179926740286
4300,200,10461.374535002578,159322.95092248276,124828.15119872103,0.08380621225694933
2800,400,13595.550326407118,524332.3129286513,296599.36092424154,0.04583809716933187
3500,900,8157.4325841230175,842860.3439630962,509193.9376505997,0.01602028614433448
4700,300,7061.048883732006,194319.39735995134,131646.65191465165,0.05363637267668442
600,300,0,1160422.546350012,1046965.8880824585,0.0
5000,700,32766.414631774176,399704.2406723517,290855.4444784048,0.11265532502076642
600,300,8532.421898647772,1103106.9914794748,994066.4475787833,0.008583351665705976
700,1000,25643.986649360046,3262625.896547392,2807649.7989427694,0.009133612980869758
3800,800,8366.805851206951,713658.8666269416,432274.91449399566,0.01935528889295094
4300,900,19311.544285174386,569622.7944193598,422738.04843014135,0.045682058562953494
4700,800,23652.069977121926,452096.7572930554,343845.0204210563,0.06878700743770762
600,300,0,1171069.963865389,1053470.9791119648,0.0
2800,400,7998.118369366881,492804.2003542764,292922.6202600885,0.02730454330316069
2300,600,6326.307549850571,802470.8843633892,527282.6987951747,0.01199794259190752
4900,700,24993.790133240956,359695.70263925556,268213.62929697055,0.0931861300216307
1000,800,0,2017886.0730643705,1600586.4120172965,0.0
600,300,0,1118913.579659921,992013.1801200152,0.0
4700,600,6030.585378368966,360008.12206571724,258750.843562544,0.023306534175264564
3700,700,22266.62939891687,636124.0237352886,382163.116679687,0.05826472630947224
2500,700,24993.790133240956,905320.3124393575,525698.7134220623,0.04754394388858709
2500,600,4466.8024635239935,879979.9879876006,463239.0042208164,0.009642543962888672
600,300,0,1126792.5978803767,1008856.8719548507,0.0
4200,1000,2248.484409166525,665284.3965742235,460128.917615674,0.00488664007647654
3300,900,7971.622240087501,870926.9414318837,545645.6450443619,0.014609522338328925
2800,400,19738.94498053806,495531.2459342474,273004.03869257367,0.07230275813892201
600,300,0,1028299.7969264152,910743.0644661252,0.0
5000,700,24993.790133240956,354302.4185119642,262849.35671103117,0.09508788777717418
600,300,0,1096619.9881124126,997788.6761422141,0.0
1700,1000,0,1665435.7320509844,1136789.0905799007,0.0
1000,800,14312.682469560132,2050268.255320482,1639353.6671333099,0.00873068621890986
600,300,0,1117012.4493197773,1010968.49399918,0.0
4400,600,6165.3690094835,379074.338134957,276392.94653271744,0.022306535267366843
2800,400,8342.999389250623,517275.85022313806,276997.9320305372,0.030119356228012782
2300,600,7996.366559725736,869170.4138732083,519332.96853487915,0.01539737903080707
600,300,0,1091800.1598001716,1007485.7690539312,0.0
3800,800,12883.825502343661,713731.0253961508,430840.38203091547,0.029903941319546892
4900,700,10902.427840930271,381471.5854066165,276615.72920338553,0.039413622183842305
700,1000,0,3274875.189280587,2819448.4289000337,0.0
2500,600,18651.93459294759,922464.5156517627,501481.72200808837,0.037193647892608046
4700,600,8650.446834172015,376875.79383982625,260243.43733704792,0.033239826996938254
600,300,0,1116382.9108820846,1031232.1066647712,0.0
4600,900,7971.622240087501,518971.50320982095,391441.44101008575,0.020364788714034257
2500,700,10562.974142984074,891142.8634139716,542166.8292386356,0.01948288529163182
2800,400,6539.55103988872,470192.59253677295,285453.34596925386,0.022909351500798644
4300,900,15279.743034346362,575212.1620176033,421899.40974159073,0.03621655466099148
3500,900,15710.91907291415,857007.4855671576,504636.8568624217,0.031133118517336897
3700,700,18965.150838199785,677136.1430935794,382350.1791319223,0.049601522042588705
1400,500,0,1020245.5892086886,729637.045437737,0.0
1000,800,0,1931423.905847433,1595573.948037126,0.0
3300,900,12324.27169298607,995504.1399866412,561076.0614694732,0.02196542062533995
3900,1000,19437.305754584726,834709.0601780178,524852.4555790056,0.03703384741363536
4400,600,8650.446834172015,406883.2771032533,277987.3080645739,0.031118135912027306
5000,700,9013.954385210147,365821.349802233,271083.4146193178,0.03325158935993349
2800,400,24008.575725993745,526441.603054283,298184.0684714141,0.08051595730472558
2300,600,10709.122485668033,878660.8959028084,527229.0484524736,0.02031208735008347
4700,600,4466.8024635239935,377062.22020024306,277514.5116622374,0.016095743738837463
2500,600,6592.233359740057,805927.3304286448,501694.80509497994,0.013139927487373578
4200,1000,7842.464876294151,686641.6755475014,480373.97649992927,0.016325748812280435
700,1000,0,3171443.6695844447,2760773.5056940443,0.0
4900,700,13705.53190618859,388734.8621330728,280809.80319449806,0.048807170370386566
3600,200,3732.9284501410843,162217.88634056514,112131.42306907315,0.033290654376530955
1400,500,8381.405804736554,956285.4973660586,713216.0957441444,0.011751565696216786
3800,800,4832.960758960717,669991.8632515486,409304.9448653363,0.011807726292070058
1700,1000,7842.464876294151,1789502.2554329094,1186806.294882178,0.006608041185923034
2500,700,13705.53190618859,894488.8981858356,550387.2142612161,0.024901617535911517
1000,800,23056.175806176325,1945863.7102792375,1616071.5959789646,0.014266803440852278
3600,200,8527.073730995633,222514.479589835,119291.6601824963,0.07148088741451528
1400,500,0,955382.557152211,697827.1946472939,0.0
2300,600,14560.863208537196,796345.6441736259,506575.5332969107,0.02874371589518296
4400,600,4466.8024635239935,391080.24518821505,277514.5116622374,0.016095743738837463
3600,200,23677.347437890774,247040.08570086767,137320.72161632078,0.17242370386055914
3700,700,17542.846195160117,631392.529577775,372435.3774551077,0.04710306071091402
2500,600,19988.25682153843,790865.7782881554,492015.9815729664,0.04062521863138739
1400,500,24539.72776956719,1139812.1327405754,744839.752502187,0.032946318570040524
4700,600,18651.93459294759,431769.4527168706,314954.4837664354,0.05922104797460045
4600,900,12324.27169298607,559629.2017328179,402511.08757592645,0.03061846511411023
4300,900,8157.4325841230175,573087.6385828531,414460.1818086277,0.019682065834468073
5000,700,13705.53190618859,362608.8854262153,275193.60713060806,0.049803235071823035
3600,200,8891.66238992231,279795.89039657125,153969.03390395865,0.05774967968863575
3500,900,8576.754904815818,831974.4784205088,514647.48358924635,0.016665300381923466
3300,900,19797.64686536736,953549.1158700305,550840.487348366,0.0359407983256082
3600,200,22823.215389499317,222334.56817626386,112828.85828240226,0.20228171885223284
3800,800,12927.049406980468,679179.2326663967,413344.69656684756,0.03127425975063856
700,1000,0,3328620.0427919505,2882243.8589995755,0.0
1400,500,12357.658571901718,1025105.6485056743,709246.0244911831,0.017423655748746943
3600,200,7432.857467803805,206549.32867624017,107390.84055468,0.06921314172989669
4400,600,18651.93459294759,443449.4640292523,314954.4837664354,0.05922104797460045
1800,800,5406.734783504661,1331849.8820206558,907584.4654862554,0.00595727999884606
4600,800,5406.734783504661,511688.5251387941,355141.74736418686,0.015224159997051043
1700,1000,12896.461145430265,1657405.8791379903,1185408.0132780855,0.010879343652964557
3600,200,6451.381988325525,172206.02719204256,109690.18953416894,0.05881457599556698
2500,600,6326.307549850571,785842.7792877847,485100.08289156074,0.013041241947725567
3900,1000,25643.986649360046,858109.9579683553,503937.1433999843,0.05088727232198865
4000,700,5728.643612878146,549952.4607263112,356310.36243052944,0.016077678947647982
3700,700,23764.422858896596,659877.629101834,389127.8150735167,0.06107099502616347
1400,500,6800.736112063098,971675.1632192803,703671.9101885909,0.00966464059968009
4700,600,9194.431196021056,342051.9793277078,266858.9388803085,0.034454274736305315
4500,800,5406.734783504661,526745.2822203564,363033.78619450214,0.01489319999711515
1700,800,5406.734783504661,1398511.282276976,960971.7869854468,0.0056263199989101675
3600,200,6776.292004235513,241491.6468381024,120365.50815631449,0.05629762303196841
3800,800,29208.99910656877,752421.5331854548,422931.851904765,0.0690631338713784
4200,1000,12662.519948220866,678810.6173339229,479808.00537446316,0.026390805919001878
3500,900,9025.857866290062,780461.7404759758,500847.45670605876,0.01802117140745955
3600,200,3749.960680437004,204557.7033755333,111418.64503695011,0.033656491507264276
700,1000,0,3282602.0295923143,2878848.032246779,0.0
1400,500,22627.437117989983,998721.2775120486,737871.9386664855,0.030665805178718787
1800,800,8366.805851206951,1370472.0421502586,912580.3750428797,0.009168294738766234
4400,600,6230.643674431975,397591.7550828727,285053.8665312386,0.021857776392410974
4300,900,16044.399091848682,588520.4683107765,410750.9300042967,0.03906113880662631
3600,200,10461.374535002578,227425.06047447433,124905.70748891056,0.08375417541213132
4600,900,17631.82576041101,516460.95438574604,395168.17570643645,0.04461853672525843
4700,600,17547.20613295237,353979.3109316145,261710.62849625872,0.06704812194206784
4000,700,25216.904592617946,564391.2652930452,353500.8829287105,0.07133477117142976
3800,800,6835.262523123442,688646.6948782293,421206.9505308675,0.016227800881511167
2500,600,7996.366559725736,829047.6860625736,477786.3310520888,0.016736281555225076
3300,900,15279.743034346362,957679.8228630527,549747.7157238909,0.02779410008866788
1700,800,8366.805851206951,1378322.4311167304,966261.5735748138,0.008658945031057
1700,1000,15443.784669163713,1689743.0819411187,1182100.6243091836,0.013064695468026691
4300,300,10290.00328935733,227357.36219989115,146088.26345336632,0.07043689236981081
1400,500,0,999708.0559379865,731130.2549124889,0.0
3700,700,14797.117847431758,623487.1900329001,387411.4254398045,0.03819484113209489
4600,800,10706.41292893762,494463.74231881654,357096.66849503986,0.029981833698026598
4500,800,8366.805851206951,476404.0738290956,365032.1500171519,0.022920736846915583
700,1000,15443.784669163713,3282034.5839679767,2870815.8018937316,0.00537958048683452
4300,300,8532.421898647772,217242.76608556075,148288.0517849619,0.05753951040520081
4400,600,17547.20613295237,372446.53963002027,279554.53498464,0.06276845458406351
1400,500,10067.620822617484,989374.6146547911,701212.2675291302,0.014357451072687127
3900,1000,7388.107020872385,834146.1127665616,506054.84621282655,0.01459941956126479
1800,800,11338.538584460144,1356902.3425085393,909551.9176208215,0.012466070781444946
4200,1000,15443.784669163713,659328.1581578323,478469.30031562195,0.03227748292100712
4700,600,22584.851580268165,352380.39308948227,258031.95898487273,0.08752734222969727
4300,300,8228.17857983288,235043.6193283905,146995.95057376253,0.05597554590936831
2500,600,9215.486087194193,794841.8295304121,485050.72457627574,0.01899901519628599
3500,900,16287.906526103032,903854.9453077501,508780.3089387002,0.03201363386110421
4000,700,18965.150838199785,538365.1917940463,353673.91569702816,0.053623267073068866
1400,500,33395.414194279714,1074411.2836392843,719029.9557103066,0.0464450944346115
1700,800,11338.538584460144,1410032.4423664997,963054.9715985169,0.011773511293586893
3800,800,14717.639465885479,714230.5323286501,431408.8597719236,0.034115292564149864
4300,900,8576.754904815818,582472.029970315,418899.11454938655,0.02047451189779169
4600,900,15279.743034346362,517466.78149776236,394384.2308454,0.03874329103268856
4300,300,5734.61313983265,230757.71577235215,138420.44373767654,0.0414289463679255
4400,600,22487.42039522081,378677.0863725365,275625.0470974777,0.08158699883058124
3700,700,32766.414631774176,669220.7550742003,391637.0033188283,0.08366526746477866
4600,800,14099.77450413844,485825.6592527072,355911.61993858236,0.039615943156257605
700,1000,7346.98232982545,3293608.4585028025,2906766.427041341,0.0025275447870448924
2500,600,14560.863208537196,751153.6874360787,466049.49063315784,0.031243169451285822
4500,800,12883.825502343661,517700.58022928174,363820.7670483286,0.03541256208893711
4700,600,10546.527575918517,367968.5874082687,258690.3915727318,0.04076891882918396
1800,800,0,1303117.381134124,864088.2169379322,0.0
3300,900,8157.4325841230175,928868.9269787578,540054.1762960906,0.015104841221801082
4300,300,5629.556055600061,218822.3431584682,140770.7263192815,0.03999095694677094
1700,1000,10305.111647624759,1711976.3328229003,1196903.8228993756,0.008609807614000006
1700,800,0,1348431.0182323677,914916.93558134,0.0
900,1000,19437.305754584726,2677839.691254627,2274360.640842358,0.008546272480069698
4300,300,13891.464892200802,231401.38113068786,144863.04739585196,0.0958937778952079
4000,700,17542.846195160117,548173.3550369588,344502.7241459746,0.050922227795582725
4400,600,7996.366559725736,390836.1112405716,271469.50627959595,0.02945585553719613
3700,700,24993.790133240956,589524.0872135924,355201.83339328534,0.0703650369551089
3800,800,7055.700042121516,634007.0687611524,419887.8810624016,0.016803771578901405
3900,1000,2248.484409166525,785450.7520315717,495523.44973995665,0.004537594356728216
3500,900,8627.168333755786,899648.1233133038,520124.87463116477,0.01658672513956106
4300,300,3043.778849189689,212081.10485000964,139226.32690356477,0.02186209258610956
700,1000,0,3427365.742999558,2944864.7388858274,0.0
4500,800,3889.912219989232,467482.12296211196,345635.28677517286,0.011254383938291356
4200,1000,10305.111647624759,669886.6104391608,484461.0711735568,0.02127128939929413
4600,900,8157.4325841230175,522833.40477637784,387430.1699515432,0.021055233218268177
1800,800,12927.049406980468,1272263.546774078,872616.5816411226,0.01481412303977616
4700,600,8634.535283565789,369805.3385242324,258005.7045618488,0.033466451054751496
4600,800,3889.912219989232,460395.75661347574,338121.4761931039,0.011504481359142275
4300,900,9025.857866290062,557106.2681250805,407666.53452818736,0.022140296300593165
4300,300,4632.630523019576,205392.3035623529,141065.37125569955,0.03284031000508497
1700,800,12927.049406980468,1332149.0616725443,923946.9687964828,0.013991116204233038
4400,600,8634.535283565789,406210.60707048886,275597.00260015664,0.031330294604448215
900,1000,25643.986649360046,2686705.4481247696,2183727.621399932,0.011743216689689688
4000,700,23764.422858896596,549108.6649307479,359943.22894300293,0.06602269732558214
1700,1000,6642.814273996539,1784875.2207476632,1212591.363070635,0.005478196922972464
4900,1000,19437.305754584726,561858.5394013758,417739.7095424739,0.046529705724823914
4300,300,7779.187719422478,215405.63360678827,140579.40963543227,0.05533660825291854
3300,900,15710.91907291415,916493.8229446342,535220.9087934775,0.02935408317348908
3700,700,12427.508163259481,585693.3828826997,366328.9386747538,0.03392445109091771
4500,800,12927.049406980468,489110.50090061064,349046.63265644904,0.0370353075994404
4300,300,7061.048883732006,208830.5978245043,143892.85209275878,0.04907157500207298
4700,600,17882.965378389745,329400.8285416388,247898.6652304031,0.07213820760901991
4600,800,12927.049406980468,455338.284822783,341458.66238130885,0.03785831443498352
1800,800,29208.99910656877,1342478.800988882,892856.1317989483,0.03271411604433714
700,1000,4822.381104041396,3021719.4077649694,2732609.5913842074,0.0017647530475067284
4400,600,17882.965378389745,370404.858248963,264800.84695065784,0.06753364116589099
3800,800,23056.175806176325,647983.1540015879,425281.9989418328,0.054213853075238655
1700,800,29208.99910656877,1399318.9876012413,945377.0807282982,0.030896665152985076
4000,700,14797.117847431758,573144.6902242999,358355.56853181915,0.04129172014280529
2600,200,3732.9284501410843,224535.78258716443,155258.89348025512,0.024043250383050135
3400,1000,19437.305754584726,984447.1624822072,602036.6402229771,0.03228591825804108
3900,400,4679.161576028714,334494.6092540563,202699.83561234424,0.023084190285074694
4600,900,15710.91907291415,533894.811717041,383962.8258735817,0.040917812908499926
900,500,0,1398066.5903857118,1134990.9595698132,0.0
900,1000,4303.998955659512,2743628.9552572076,2192904.333588915,0.001962693442543192
2600,200,8527.073730995633,303627.09428833023,165173.06794499487,0.051625085354927706
3900,1000,7842.464876294151,885842.9024360505,517325.82084607764,0.01515962389711755
4200,1000,6642.814273996539,658979.0041728193,490810.78981430456,0.013534368868520209
4300,900,16287.906526103032,578388.3334608274,414123.5072756862,0.03933103588649946
3700,700,13705.53190618859,566926.0555671501,371883.2528792001,0.036854393953149045
2000,800,5406.734783504661,1211290.9256312696,816826.0189376298,0.006619199998717845
2600,700,652.7608195754929,915988.3446989403,548169.7883546606,0.0011908004297988834
2900,200,3732.9284501410843,199081.66110799555,139197.6286374701,0.026817471581094383
2600,200,23677.347437890774,307540.82127621694,156222.72477336045,0.1515614803943575
900,500,8381.405804736554,1289130.5618548184,1109447.260046447,0.007554577947567934
2600,200,8891.66238992231,378108.13235300564,158027.06710502662,0.05626670514623174
1700,1000,4849.702928706098,1539465.9533916218,1125192.1846876147,0.004310110747927487
3900,400,8904.676907345643,331225.60279152065,195200.6869438701,0.045618061323248214
2900,200,8527.073730995633,267987.8221129753,148086.19884723678,0.05758182597280397
4500,800,29208.99910656877,516360.1341811997,357142.45271957933,0.08178529011084285
4600,800,29208.99910656877,500265.5579239785,349378.4863561102,0.0836027410021949
2600,200,22823.215389499317,291998.1661751223,136821.3611759901,0.16681032255001724
1800,800,6835.262523123442,1365018.5527241107,889214.6733429425,0.007686853049136869
900,500,0,1289447.6005926526,1085508.969451346,0.0
2900,200,23677.347437890774,289768.79322912416,140061.75324508178,0.16904934351678333
2600,200,7432.857467803805,250852.38518858308,148695.00999878772,0.049987269027147604
3300,900,8576.754904815818,873642.7871111748,545838.2401704128,0.015712997502956412
4900,1000,26218.008691839455,552182.8067776124,401092.8284203957,0.06536643598214548
4000,700,32766.414631774176,569457.4803323573,362264.2280699162,0.09044893779976071
2600,200,6451.381988325525,231559.94754047762,151878.72397038777,0.04247719377457615
1700,800,6709.30343610475,1393781.6580813818,941521.4188337039,0.0071260231598510035
2600,200,6776.292004235513,334104.01297787635,166659.9343702816,0.04065939441197718
900,500,24539.72776956719,1504819.0573119612,1158639.615003402,0.021179776223597478
2900,200,8891.66238992231,350736.9274513161,154293.44126561526,0.05762825896543046
3900,400,9926.995688698333,322580.35920001945,202763.9725213242,0.04895838035356273
2900,200,22823.215389499317,284353.4350923327,122667.42726123251,0.18605766745963462
2000,800,8366.805851206951,1248485.041461672,821322.3375385917,0.010186994154184704
900,1000,0,2618229.7634104327,2147268.282206479,0.0
3400,1000,25643.986649360046,1113646.6185320443,578045.5468411584,0.044363263049938824
4500,700,5728.643612878146,451855.22540270264,316720.3221604706,0.018087388816103982
2900,200,7432.857467803805,236096.92355693685,133312.76758512002,0.055755030837972334
2600,200,0,255070.51474179857,154271.97005116168,0.0
4200,1000,6388.316266935736,612309.9753519264,455434.9318973679,0.014026847348580942
2600,200,14329.033868046889,300152.3049143557,163616.48199570668,0.08757695858796723
900,500,12357.658571901718,1317231.5164042606,1103271.5936529515,0.011200921552765893
300,300,0,2168837.228582851,2093931.776164917,0.0
4600,800,8851.498346183063,481641.9323038857,347953.5678298471,0.0254387342581052
3900,400,4608.231787738827,344205.60156684933,200189.60430679118,0.023019336112362246
2600,700,22266.62939891687,891799.4768690798,543847.512198016,0.04094278064989942
4000,700,24993.790133240956,518537.0935890459,328561.69588878896,0.07607031022173934
4300,900,9981.215261741083,609797.8741894675,423357.4560951341,0.023576330398910397
4900,200,3732.9284501410843,112249.9631889248,82382.2700099313,0.04531227956805602
1700,800,14312.682469560132,1466457.7729259268,964325.6865490058,0.014842166572146764
300,300,0,2048190.1166704097,1988132.8951575665,0.0
3900,1000,12860.300620938999,773311.4660122799,516716.3134801911,0.024888512875318795
2900,200,6451.381988325525,217320.39978827554,136167.13183552006,0.0473784084408734
4600,900,8576.754904815818,539231.5510594313,391579.60707877437,0.02190296621624227
600,100,0,353760.5169328756,338162.37979153456,0.0
600,100,26610.140969322158,401918.15781391494,330186.4889200974,0.08059124725652117
600,100,36419.67962565363,397515.75566011586,339143.98014630633,0.10738707380252548
1800,800,14312.682469560132,1400082.2145642475,910752.0372962833,0.01571523519403775
900,500,6800.736112063098,1306488.238443789,1094600.7491822524,0.006212983242651487
300,300,0,2164790.6342448876,2106941.9582239296,0.0
600,100,0,417444.31186475535,339261.99909081124,0.0
300,300,0,2056614.6044221895,1984026.3602400303,0.0
600,100,0,369742.4165061462,348039.73219988856,0.0
300,300,0,2066034.7453917423,2017713.7439097015,0.0
2900,200,6776.292004235513,281015.7114808925,149419.2515043904,0.04535086299797455
2000,800,11338.538584460144,1228972.6800532653,818596.7258587393,0.013851189757161052
300,300,0,1882273.62637939,1821486.1289322504,0.0
600,100,0,356111.3948017406,307461.94601746293,0.0
4500,800,8113.80948243998,482909.675504302,355685.869337177,0.022811728499532797
600,100,37760.33459491787,404254.2268984213,339451.91499596345,0.11123912674160902
900,1000,0,2767050.2167442455,2241745.2236663364,0.0
600,100,0,349162.475195979,331453.44160350296,0.0
4900,200,8527.073730995633,158079.75978296375,115155.9162563489,0.07404807332706634
600,100,0,354389.37501172663,314484.62614487455,0.0
300,300,0,2041184.689654254,1995577.3522844282,0.0
3900,400,13595.550326407118,357515.2760529806,212943.13091996827,0.06384592105728368
600,100,23046.774409246653,453939.5966820299,355474.57407820434,0.06483381960301995
2900,200,0,253154.44161567336,138312.80073552427,0.0
4500,700,22266.62939891687,429591.18539913936,314223.0070477426,0.07086250497097976
2600,700,18965.150838199785,952354.9129428146,544113.7164569664,0.034855123597494764
300,300,0,2057666.7616353785,2021936.98799836,0.0
4900,200,23677.347437890774,174749.6647203431,137320.72161632078,0.17242370386055914
4900,1000,6028.370834431587,539199.3943230864,402778.3469857191,0.014966968506490565
300,300,0,2049192.2546931054,2014971.5381078625,0.0
900,500,22627.437117989983,1398814.134935374,1147800.7934811995,0.019713731900604936
300,300,0,2100780.872271088,2062464.2133295424,0.0
2900,200,10461.374535002578,283717.31601170404,146690.63903063358,0.0713158972115318
4900,200,34058.45085234642,166045.63386368597,153927.2635835206,0.2212632775990744
1700,800,3990.7520765553213,1332092.9235062413,938572.9106100742,0.0042519361377704
3900,400,7998.118369366881,333870.74445334246,210303.41967390967,0.038031328172259536
3300,900,9025.857866290062,863915.9721383002,531201.8480215775,0.01699139018417615
3400,400,4679.161576028714,409946.17772236187,232508.63496710072,0.020124678710065118
4600,800,14717.639465885479,474605.07533431315,356381.2319855021,0.04129745941976037
3400,1000,8016.627078611415,1010272.4681578046,580474.6765382423,0.013810468229931941
900,500,0,1344489.7669772913,1137313.7298638716,0.0
4900,200,22823.215389499317,131507.78075856593,112828.85828240226,0.20228171885223284
1800,800,3990.7520765553213,1325107.973058196,886429.9711317366,0.0045020500282274825
4000,700,10717.110639784323,499503.36378945387,338854.2682741473,0.03162749194327318
2000,800,0,1211397.6475409286,777679.395244139,0.0
3800,500,3840.037250338146,468087.5372466467,268813.6483191662,0.014285127538534859
900,500,10067.620822617484,1347685.1156501223,1090774.638378647,0.009229789975298868
4900,200,7432.857467803805,126111.50333407376,89579.42667687622,0.08297505067335402
900,1000,12662.519948220866,2663940.0708772973,2239104.025080828,0.005655172696928974
3400,400,8904.676907345643,438630.09248437075,223906.67031796864,0.039769591922831776
3900,400,19738.94498053806,320545.49184420606,196002.89957415545,0.10070741312206995
4500,700,18965.150838199785,431437.7573860198,314376.8139529139,0.06032617545720248
4900,200,6451.381988325525,115135.79790500274,80588.71067816493,0.08005317288285506
900,500,33395.414194279714,1459351.9563769333,1118491.0422160325,0.029857560707964536
2600,700,17542.846195160117,854280.1768200324,530004.1909938072,0.033099448067128764
4600,900,9025.857866290062,497648.221377896,381079.58662417514,0.023684968135518267
4500,800,14312.682469560132,479869.2309471447,364300.8149185133,0.03928808798509437
1700,800,23056.175806176325,1314702.676124669,950630.3505758615,0.024253565849448874
4900,100,4568.445064162316,65713.23964527166,42511.79157511906,0.1074630095532388
4900,200,6776.292004235513,160267.96802088837,115640.3076979828,0.05859801084180025
4900,100,35397.99791369094,86435.63822667443,82739.16147748545,0.42782640386467125
4900,100,36419.67962565363,61618.04664527218,54290.25884700422,0.6708326760476166
3200,100,4568.445064162316,108817.17729510828,63405.446210912734,0.07205130374709104
3900,400,8342.999389250623,316442.80883003277,198870.3101757703,0.04195196046044638
3900,1000,15443.784669163713,828532.9860428739,515274.6311091313,0.029971948426649467
3400,400,9926.995688698333,394301.9741735749,232582.20377446013,0.042681664923618794
4900,100,2954.2494734029424,79938.14318838461,70156.3045836674,0.04210953656887311
4900,200,4482.456119687624,142256.35997862698,81858.59635367764,0.05475852652445636
3200,100,35397.99791369094,143708.342082127,82796.11584299082,0.42753210767540595
3800,500,8381.405804736554,433184.3544377939,262763.8247478427,0.031897106889731276
4900,100,4306.600425428385,61082.82336829872,43958.40781420668,0.09796989107591286
1800,800,23056.175806176325,1232177.7461269826,897817.553321647,0.025680246193534102
4900,200,10461.374535002578,156245.78316220152,124828.15119872103,0.08380621225694933
3200,100,36419.67962565363,167568.43738962017,63589.496277432445,0.5727310602801358
4900,100,5751.028432069406,85183.33337005717,67742.26274582943,0.08489572386513572
2000,800,12927.049406980468,1195911.2880421148,785354.9234770103,0.0164601367108624
3200,100,2954.2494734029424,136560.2494702917,70162.59082707834,0.04210576374928829
4600,800,9702.000962550865,471937.58534144715,346863.90174720134,0.027970627423841304
900,1000,15443.784669163713,2645386.775947188,2232856.7348062354,0.006916603483072955
4900,100,38596.59388351655,109417.36788806561,96621.71431835281,0.3994608681475787
3200,100,4306.600425428385,115820.65677777787,65257.449787479105,0.0659940043543456
3200,100,5751.028432069406,125106.40675715766,67867.96491352702,0.08473848360411272
3400,400,3658.706940826274,426300.10748271324,229629.25199896639,0.015933104815595282
3900,400,6539.55103988872,345576.0797959998,204940.86377279766,0.031909453876112395
4900,100,20668.143567054947,67613.19726425574,50459.111537190256,0.40960181298122444
3200,100,38596.59388351655,149295.37646826432,96621.71431835281,0.3994608681475787
4500,700,17542.846195160117,425645.8189862232,306224.6436853108,0.05728750627003056
3300,900,16287.906526103032,913387.6554946457,539615.4791774093,0.030184283354755394
2600,700,23764.422858896596,937099.0420634481,553758.813758466,0.042914753261628386
4000,700,13705.53190618859,539123.5318239821,343992.0089132601,0.039842588057458425
3400,1000,2248.484409166525,1000378.6190941375,568394.5452899503,0.003955851490481008
4900,1000,2248.484409166525,547800.1528529312,394396.2150991492,0.00570108008922263
3200,100,20668.143567054947,106665.07069994013,62147.52030065681,0.3325658605052423
5000,1000,19437.305754584726,554489.2667795228,409384.9153516244,0.047479291555942764
4900,100,3765.532172713447,63243.86303714015,54138.05797390288,0.06955425284240178
3200,100,690.5501451398643,146912.02700412658,58965.867402163974,0.011711014788099631
4900,100,23046.774409246653,103791.74766367085,100419.32952364009,0.22950536035814822
3200,100,23046.774409246653,153862.66685942793,100646.97137508189,0.2289862684825165
4500,800,7165.721628321811,469188.74614862213,354571.98845269467,0.020209497257784165
3800,500,3929.010627530466,425478.41025332874,257094.22960689774,0.015282375779254176
4900,600,5093.333732575179,342079.0674423607,248189.58464162383,0.020521947929159703
3900,400,24008.575725993745,336768.06115006714,214080.8696717845,0.11214722624586776
3400,400,13595.550326407118,488266.23670788767,244258.29723172833,0.05566054656276013
4600,900,16361.962455045648,533368.5948195329,387115.45245335886,0.042266363565058154
2000,800,29208.99910656877,1309220.9622439116,803570.5186190535,0.03634901782704126
4500,700,23764.422858896596,462118.44712495024,319949.53683822486,0.0742755344912799
4600,800,23056.175806176325,455589.6066139154,351319.9121693401,0.06562729582792048
2600,700,14200.610086947614,944083.5622425916,551316.2592797218,0.025757647897960215
3400,400,7998.118369366881,399869.6174895756,241230.39315536697,0.0331555168681237
900,1000,7346.98232982545,2642683.4677779265,2260818.3321432653,0.0032497004404862906
3900,1000,10305.111647624759,780253.0254561752,521727.30741767655,0.01975191158505884
3800,500,24539.72776956719,548663.9764489363,274414.6456587005,0.08942572183296713
4500,800,25590.140348104804,468516.5197091681,359127.0213286588,0.0712565160188426
4900,600,8650.446834172015,363028.84510985104,249621.25622125002,0.03465428772021223
3300,900,8627.168333755786,883068.5616055204,551647.5943057808,0.015638912274443285
2000,800,6835.262523123442,1264627.4205332175,800293.2060086483,0.008540947832374298
3400,1000,7842.464876294151,1043615.263063245,593403.147441089,0.013216082371846068
3400,400,19738.94498053806,394542.90758406784,224826.85539388418,0.08779620631154816
5000,1000,25643.986649360046,551398.2917718517,393070.97185198776,0.06524009272049827
3800,500,12357.658571901718,416345.4683717918,261301.16691780428,0.047292779889455995
4900,1000,7842.464876294151,586923.8879850592,411749.1227142251,0.01904670694766051
2600,700,30333.377603935645,903630.6562214637,557329.581646025,0.05442628312380015
4500,700,14797.117847431758,434111.8460353587,318538.2831393948,0.04645318516065595
3400,400,8342.999389250623,428585.0811475625,228115.9440251483,0.03657350399115838
4600,900,8627.168333755786,533945.9030899294,395747.1872193645,0.02179969589770882
900,1000,0,2769281.8524310486,2290450.3524667546,0.0
4900,600,4466.8024635239935,362191.3063373352,277514.5116622374,0.016095743738837463
3800,500,7808.186832336398,426454.83025297866,259247.54585895455,0.03011865283609858
2000,800,14312.682469560132,1297779.8108068109,819676.8335666549,0.01746137243781972
3400,400,6539.55103988872,394912.23092290753,235079.22609232672,0.02781849825096978
3900,1000,6642.814273996539,791296.8265578464,528565.4659538665,0.012567628235054478
2600,700,25965.64179680842,910148.7334804382,505479.53213659837,0.051368334711902025
4900,600,18651.93459294759,400630.8442121191,314954.4837664354,0.05922104797460045
3400,1000,18478.977278573293,1002583.4805375764,592704.0066390428,0.031177412454758392
5000,1000,6295.225345207715,527681.510720301,394722.78004600474,0.015948472354379975
3800,500,22627.437117989983,431415.12179211073,271847.55635081045,0.08323575691366528
900,1000,4822.381104041396,2481093.616584862,2125363.01552105,0.0022689682039372223
3400,400,24008.575725993745,442048.0126349179,245563.35050587045,0.09776937672716676
4500,700,32766.414631774176,464693.3477940703,322012.6471732588,0.1017550550247308
4900,600,7790.4722554050495,337234.46586973954,255966.73729335712,0.030435486804977253
4900,1000,12662.519948220866,557235.5057297439,411264.0046066827,0.030789273572168856
2000,800,3990.7520765553213,1202375.8817056483,797786.974018563,0.005002277809141646
3800,500,4117.900872231911,474397.4869664416,269363.7781256538,0.015287507848627584
2600,700,9107.121121903576,848671.2728581738,521314.2588833035,0.017469541580181887
4500,700,24993.790133240956,391788.22736810613,292054.8407900346,0.08557909899945676
4900,600,17547.20613295237,328004.6138489124,251028.56202702367,0.06990123351407074
3800,500,10067.620822617484,489061.2103527353,258341.3617212585,0.03897022434015078
2000,800,23056.175806176325,1160729.750832539,808035.7979894823,0.028533606881704556
3900,1000,5177.134137681031,695663.2790326728,490468.3881971654,0.010555489940362586
2600,700,13705.53190618859,801630.1851622314,529218.4752511694,0.025897682237347976
3400,1000,15443.784669163713,937394.5855842433,591050.3121545918,0.026129390936053383
3800,500,33395.414194279714,480827.1775085428,288145.1780149138,0.1158978762870404
5000,1000,2837.8312779303296,560527.8679336049,386508.2907971662,0.007342226144948547
4900,600,20606.811368849958,327750.9000984122,247500.04229161263,0.08325982968750502
4500,700,10717.110639784323,420814.86029125465,301203.79402146424,0.03558092843618233
4900,1000,15443.784669163713,559942.6568507404,410116.54312767595,0.03765706340784164
4900,600,7996.366559725736,359437.4673753341,258690.3915727318,0.030910953093816498
3400,1000,10305.111647624759,993469.7493572785,598451.9114496878,0.017219615228000012
4500,700,13705.53190618859,412325.94149140164,305770.67458956456,0.04482291156464072
5000,1000,7842.464876294151,569806.856421244,403514.1402599406,0.019435415252714805
4900,600,8634.535283565789,359868.422609728,247474.8594776917,0.034890555354953695
4900,1000,10305.111647624759,560900.604292294,415252.34672019153,0.02481650429917649
4900,600,17882.965378389745,320277.71083961165,237780.35236385604,0.07520791857110586
3400,1000,6642.814273996539,1062792.4266704926,606295.6815353174,0.010956393845944929
5000,1000,12925.9620289698,548307.9696381444,403038.7245145491,0.03207126571904183
4900,1000,6642.814273996539,539181.0514324222,420694.96269797534,0.015790097013273576
3400,1000,6388.316266935736,902284.3697475486,562596.0923438073,0.011355066901232192
5000,1000,16385.78893507698,537483.8818526841,401914.2122651224,0.040769369270943094
4900,1000,6374.907175942303,509841.76470075006,390372.79876917246,0.016330305789855476
5000,1000,10305.111647624759,529777.82564072,406947.2997857877,0.025322963570588254
5000,1000,6642.814273996539,558716.3411033064,412281.06344401586,0.016112343891095483
5000,1000,6530.401180684031,485866.55682458676,382565.342793789,0.01707002817608614
