P,n,Paper,Min Time,Time opt,mast
2500,100,164364.4429806857,136329.46257595182,81158.9711499683,2.0252159515054413
2500,100,259479.16864849944,169715.26153990207,83088.51270910182,3.12292470027659
3200,100,156039.18727850646,122393.26855034463,63405.446210912734,2.460974515650526
3900,200,183721.1107514144,147713.5362699857,103505.92898683675,1.7749815160325642
2000,200,237415.7487358051,263406.72979260643,201836.56152433166,1.1762772162920756
2500,100,200638.65154132823,198184.27864665003,81394.55523511353,2.4650131813088763
2000,300,516955.62857527134,479366.54721529764,314089.7664247376,1.6458849788700283
3200,100,257367.31085025417,127132.6062584228,82796.11584299082,3.1084466732510596
1900,500,851380.3715532663,854477.7810337549,537627.2966383325,1.5835884391971242
1600,500,902827.2487095448,939928.7978465186,638432.4147580198,1.4141312813067872
3900,200,372283.62090842606,208866.8659334148,115155.9162563489,3.232865778946906
2000,200,414921.6859623522,357195.28214170184,214724.98832849332,1.9323400093872234
2500,100,223055.2185844818,177859.61424823306,81422.8797817947,2.7394660957982304
3200,100,198498.61841375765,154084.18246528652,63589.496277432445,3.121562994424972
4100,500,695032.6397152483,391623.60563618445,249144.35697873944,2.7896784343968037
2500,100,148376.05320128877,130662.09251043406,83529.53572797326,1.776330395089207
2000,200,426288.6429428245,370651.7858914875,203089.54220536858,2.099018188301159
2000,300,581237.220636472,500310.76618757047,298219.934273635,1.9490220264858331
3200,100,219828.76138213906,129284.91514480127,70162.59082707834,3.1331334660079144
400,900,5348639.701655155,4682104.543495869,4501576.5716159865,1.1881703257876801
1100,700,1549102.8093802424,1624372.4884224138,1295674.045201925,1.1955960799838523
3900,200,388740.47588838375,213385.16800855845,137320.72161632078,2.83089450239374
2500,100,226747.70366521884,130147.82543722207,73790.86704419111,3.0728423820989463
3200,100,142925.03007463927,110657.11048080763,65257.449787479105,2.1901718583869974
2000,200,527270.1197154443,421877.6901857632,205435.18723653464,2.566600818526547
1200,900,1761589.5928515678,1827669.2335869009,1500525.5238719955,1.1739817582748713
1900,500,732410.0198348073,764174.4733670631,525527.6494956854,1.3936660050858474
2500,100,315732.86749050184,169719.00984500797,96621.71431835281,3.2677216474364497
4600,700,755184.0043325583,452614.09984153457,309835.0977656777,2.4373739766038036
2000,300,518350.3435878766,507186.5147345116,316041.2937335894,1.6401348616957183
1600,500,811384.8745670477,851830.1958693272,624064.0837761264,1.3001627487636667
3200,100,218816.01148725994,129311.84868206717,67867.96491352702,3.2241428156282743
2000,200,409535.4601302577,344902.2616115625,177867.76952878715,2.3024714439002176
1200,1000,2047154.7620893356,2206208.238063329,1705770.4806317685,1.2001349450783836
3900,200,507832.61846009817,243652.67732893373,153927.43410024705,3.2991689975769116
2900,800,999217.8663521326,984412.8375141922,563328.2889225034,1.7737754094745883
2500,100,166503.38209784296,121612.18312181858,79548.82598484072,2.0930966615342985
2000,200,279320.1525960761,302548.43621486437,193303.51299842403,1.4449822885440955
1700,1000,1463622.3401041706,1673335.7198657645,1204073.2804459543,1.2155591888577468
4800,700,751554.7113881642,414529.7925522562,296925.3020254412,2.5311238424665117
4100,500,627934.5892395078,354679.3384259931,243537.2034248298,2.578392871433814
3200,100,312965.4319713738,156003.62472758876,96621.71431835281,3.239079684926762
2500,100,187886.14811599927,159910.87580211478,75476.31027476989,2.489339336170565
2000,300,504360.1625051987,483078.4373205338,297603.95403600455,1.6947360936077498
2700,900,938770.5826762053,1049164.2876401944,666900.2328319979,1.4076627004457736
3200,100,165140.22615890566,105831.4009105043,62147.52030065681,2.6572295299955897
1900,500,721046.3242504608,764475.3457691785,514188.4592137955,1.4022997041842502
400,900,5432273.734537225,4904978.646064446,4628877.507123154,1.1735617817014523
2000,200,303138.09712822235,270428.3791573685,197442.3411615041,1.5353246691917066
3900,200,393110.46664881613,199015.50930364642,112828.85828240226,3.484130502011195
2500,100,313833.57106811914,220555.34980088015,101184.76326029963,3.101589221104136
1600,500,794411.6267020754,857884.882389526,610598.7953163821,1.3010370030134937
3200,100,185518.26868304107,144335.72657493863,58965.867402163974,3.1461975691420556
1100,700,1475938.4409425037,1654797.3350870204,1285457.7561044018,1.1481812093268289
2000,200,381853.8455569751,365360.36675355147,216657.9146813661,1.7624735570752583
2000,300,478659.8367268103,490610.02970405854,302657.0615864552,1.5815254209427365
3700,1000,1023810.2721409565,882622.1160241269,553222.8585832763,1.850629011900894
3800,1000,1018701.2669033974,879532.9230441242,538664.362304769,1.8911614322222974
3900,900,883169.1681294545,710266.2613340453,461700.1611913832,1.9128630274906155
3200,100,309916.255601034,170730.51631325483,100646.97137508189,3.0792407497893457
4100,500,591504.512785756,352768.64729937486,238282.45670883206,2.4823670233874653
1900,500,873567.5842048789,941509.0318075233,548829.291317401,1.5916927139730122
3900,200,236367.6996494686,178964.03939005063,99130.00666585847,2.384421302887659
1200,900,1963830.1086317024,2016600.7405690893,1542959.1690410513,1.272768682435208
1600,500,958007.4572086626,991675.4043100263,651734.7834394136,1.4699345217589121
2000,300,495822.88931106,429765.1857643629,273222.91933983756,1.8147192428404963
2000,200,328105.83550064015,286497.12260019657,200553.5610665102,1.6360010450865512
4600,700,782205.717938232,424642.17140223796,307392.07211192214,2.544651566854428
400,900,5315095.724006191,4822149.352673639,4544434.020624019,1.1695836488954785
1200,1000,1968293.5261012823,2219930.6347413673,1637795.716049949,1.2017942816753917
2000,200,410888.46353084344,362122.6916713319,212701.42659441868,1.9317616722633923
2900,800,891128.759475545,1005223.1738598603,566429.198302477,1.5732394483655772
1900,500,765368.7468167722,814069.2581845322,522602.33383560856,1.4645337329425876
4100,500,797536.9393973915,397688.7030354628,254335.52524464924,3.135766970147912
1600,500,782710.9890744895,901288.8450950595,620590.2714297852,1.2612363182413293
3900,200,233316.3928475464,160764.5014496559,101252.48264692517,2.304302934093357
1700,1000,1525250.177558728,1738354.5696146537,1156091.0936823168,1.3193166056669343
2000,300,490084.2619165813,448970.64072517894,299336.60284266423,1.6372346624584928
3900,200,330469.9046251186,211831.9461328689,115640.3076979828,2.857739755312699
400,900,5307209.843407174,4819614.351172759,4535418.6547221,1.1701697786777665
2700,900,1123038.4813474368,1138746.7525965509,685759.6306849116,1.637656156904114
1100,700,1505040.0022701127,1611640.6885556434,1286086.9661710116,1.1702474574880242
1200,900,1765906.575288585,2019473.1300437795,1514811.3402080066,1.165760070852189
1900,500,732371.8638531517,792209.7369079937,518495.0917179091,1.412495268617902
2000,300,521563.6839104648,467745.45573071,303290.548199754,1.7196832773270312
2500,700,893636.3376026764,919910.1708301593,570096.5798888471,1.5675174507745873
1600,500,839698.2693926834,823826.3465948409,615712.921415017,1.3637821136884842
3900,200,296795.16077683785,184623.12173295754,102847.9800341078,2.885765580212764
4600,700,770188.7393297156,424521.7151288203,307542.53538872016,2.504332411632853
4100,500,671992.5469220101,357007.9711457654,242181.56933845277,2.774746851123462
4800,700,782584.8727601916,408093.7151687234,294584.0691072587,2.6565756767900806
3700,600,727814.8162758178,534030.5959356161,328683.5039848532,2.2143332642253863
3900,200,398890.0226178244,191427.61047916213,124828.86001477759,3.195495196948868
2000,300,465097.14196027874,430433.92558211775,302245.73071617936,1.538804670154376
1200,1000,1923477.7695446725,2173812.29190353,1644678.2501916864,1.1695161465900652
1800,800,1218807.1126696314,1320711.1210852964,907584.4654862554,1.3429131491542583
1900,500,672952.9392166812,849965.2267019409,543695.1127016209,1.2377395409584944
3800,1000,1170206.983670111,915001.5309116035,517198.6471736681,2.262587093111966
3900,900,1045128.6222700381,771303.4938279596,474756.6673972465,2.2013985143162618
2900,800,1002849.6290072519,935231.2431373877,564549.4661094755,1.7763715833765092
1600,500,754686.6019276321,895625.7922616041,645637.9463331748,1.168900629545996
1100,700,1477006.12547424,1569895.0972181084,1252737.178712635,1.17902314274098
2000,300,447959.826071143,479657.7635726617,309369.63199943135,1.4479760769536887
400,900,5315294.291239923,4649420.739616197,4455446.954442747,1.1929878967450795
1700,1000,1465780.0625113747,1786304.409566627,1160949.3530764845,1.2625702048302943
3700,1000,1161550.8383561375,958228.9723520121,531176.9889891726,2.186749167290856
4100,500,585664.262388765,347856.4401942505,240278.21323512858,2.4374422237593913
1900,500,734859.7385305533,825714.1076739922,538727.5562513076,1.36406562093095
1200,900,1758079.4344670814,1994176.5422782681,1511806.2182407002,1.1628999889370553
1600,500,795917.2724546882,933921.5249265239,639738.9730484277,1.2441281616188762
2500,700,868473.0614740916,955155.8940491298,565601.4126859368,1.5354860189437527
4600,700,729391.4576633277,431263.2790606513,299567.586213891,2.4348143498493955
400,900,5189731.925352958,4651073.2968596155,4415572.497546189,1.1753248142198962
3700,600,784770.9068571832,594277.061212984,330579.501482196,2.3739248904985377
1100,700,1487689.027470506,1661993.7113538352,1308884.4688836471,1.1366083583674593
1900,500,739575.241478144,783306.0417028972,516682.723442517,1.4313914669926537
4100,500,531464.5956077732,370198.6428440049,251956.27173977552,2.1093525155693618
2700,900,1047294.7943624955,1171722.5127275498,673249.4845368918,1.5555820218457328
2900,800,971339.1166554803,987881.6687002355,536330.617409751,1.8110827260741433
1600,500,826861.6567143133,901480.9634763895,613560.734087989,1.347644350063209
1200,1000,1943865.5580632645,2154623.865987204,1610451.2116548591,1.207031634361526
4100,700,759866.2459263797,517196.85941586463,347619.86578588234,2.185911453042278
1800,800,1101229.1298075079,1375726.2396493005,912580.3750428797,1.2067201530120173
4800,700,767301.3320262033,414288.416509958,294728.2630808568,2.603419583875127
1900,500,891919.2627678087,932554.2479210807,529811.5463128575,1.6834651282611421
1200,900,1765418.4707413604,1927655.9524226256,1485148.984814249,1.1887147274737324
400,900,5381422.441122627,4748448.971025814,4503165.481405905,1.1950310205883277
1600,500,972746.012368597,1028732.7364196264,629151.2112465183,1.546124357674405
4100,500,584149.3985292923,390353.28551828366,249654.2333847523,2.3398337396868247
1900,900,1163953.3582771854,1365611.7049214747,947700.3308665234,1.228187139296377
3900,900,976394.8500223329,742335.4394155424,466095.7969870789,2.094837276658387
3800,1000,1187281.5739984473,953485.0978599912,519372.07900790096,2.2859942264635786
1700,1000,1556093.4771490423,1725280.674941327,1136789.0905799007,1.3688497629364524
3700,600,859948.3163305616,587662.572490692,312999.3271762273,2.7474446162192128
2600,200,213310.80144086567,237195.50837307778,155258.89348025512,1.3739039140324238
4600,700,880756.428274545,424043.2367900072,312994.1121243504,2.8139712351030637
2100,400,537423.6145437222,596495.5753268289,376442.5518514964,1.4276377946660281
1100,700,1496321.2308393603,1642432.2063147493,1303111.1582975243,1.1482682972297307
2600,200,406116.8720352002,282029.07992389175,165173.06794499487,2.458735416662741
2500,700,865562.0207194116,929253.1546146552,565878.265115245,1.529590503963134
3700,1000,1164861.483458207,936239.8978629966,533409.1622243307,2.1838047899303095
2900,800,865872.465113124,938470.5706049015,541624.0851565589,1.5986594555942608
2100,400,589130.1165002008,595937.7993278928,362515.56146718736,1.6251167649627234
400,900,5233670.941455506,4574270.213439853,4382415.246178014,1.1942435044282687
1200,1000,2047321.9757197194,2192942.8339762385,1681308.9177497523,1.2176953051910504
2600,200,399400.54226250545,319468.3666626874,156222.72477336045,2.556609755987385
4100,500,641155.9658899031,395776.4382194718,239438.33525384936,2.677749848244468
1200,900,1750117.3217502527,1959323.7550601785,1471857.4991820632,1.1890535073693094
2600,200,512980.89184293215,341521.42557116813,158027.06710502662,3.246158403370222
2700,900,1115914.528034167,1199720.8610421661,671913.8747736445,1.6607999476273623
4100,700,781274.8609599232,500281.7483708839,344878.91017435165,2.265359921732976
2100,400,646559.1353886467,584578.7373177267,376561.66325388785,1.7170073283660834
1100,700,1522905.7189416764,1682933.0488120625,1317324.4657087862,1.1560596941637133
2600,200,399121.64921919873,286057.69469689165,136821.3611759901,2.917100413186344
1800,800,1193996.053613799,1356171.5003378326,909551.9176208215,1.3127299612945875
3700,600,1039719.5983206457,697045.432384373,338839.0013568165,3.0684767519597385
2600,200,255551.87772418413,247771.5159096308,148695.00999878772,1.7186311613702947
4600,700,743294.5995909311,426704.5580471698,311613.5378537558,2.385309074536321
4800,700,725211.154559175,396287.8481516706,287085.60345497885,2.5261146704380235
2100,400,512586.75599948055,570329.2914499481,371780.6937126122,1.3787341964446167
1700,1000,1533575.985325311,1760695.535592073,1186806.294882178,1.2921872692607845
4100,500,830127.4627812676,393114.85081482417,288145.1780149138,2.88093477218731
1900,900,1377229.3891673111,1466795.7001478702,974500.5278154009,1.4132669504599786
400,900,5217200.536740745,4719341.196937888,4451827.7032136265,1.1719232828742725
2600,200,264024.1542494991,213336.8326062727,151878.72397038777,1.7383880200427324
2500,700,816162.0118189874,885216.6180463604,551204.3586335594,1.4806886031203752
1200,900,1737986.3789730824,1919746.4088620346,1501055.1604686351,1.1578431124612878
3900,900,1051567.4562038844,759501.4250321016,465171.1440740616,2.2606033706090347
1200,1000,1980472.6588023314,2189341.2811319456,1679328.018810621,1.1793244896878425
2600,200,349953.6785816724,299905.8687588283,166659.9343702816,2.099806890624069
2100,400,587837.6620127208,630271.387359434,395465.81456565537,1.4864436832760113
2900,800,933215.6335507806,953979.7848387136,554186.5645648645,1.683937672295469
3800,1000,1137092.587689959,908204.7566600546,508563.54052258714,2.2358908908835877
1100,700,1385846.3072655818,1537339.2327563332,1194769.8032319597,1.1599274634467183
2600,200,318977.306848539,271259.4147018707,154271.97005116168,2.067629698011606
400,900,5361971.417395571,4812181.163618614,4551092.653022692,1.1781723261191617
2100,400,543071.2846131588,603803.7020907219,390563.49368011794,1.390481428502247
3700,600,554854.4501229883,535058.9600526667,338982.976415527,1.6368209872664667
2600,200,401532.6120369902,286088.62061228516,163616.48199570668,2.454108578422597
4100,700,773208.6519045333,501792.6284031625,345047.72263124696,2.2408745260169782
2700,900,1004615.7686722758,1088654.1182755232,660066.2154729996,1.5219924079167937
100,200,5022605.176979192,4036731.230486634,4036731.2304866333,1.244225808011922
4600,700,869058.5965272111,433009.9018471967,315012.37223470974,2.7588078219343464
100,200,5258149.705471341,4294499.76656987,4294499.766569867,1.2243916617257538
1800,800,1137795.9726755114,1314426.9614765183,864088.2169379322,1.316759041926896
300,600,4886257.2172230845,4157448.39696598,4053763.2158131893,1.2053632531279694
100,200,5131110.8771460485,4061790.8441073745,4061790.8441073727,1.2632631945069224
2100,400,595742.8159251069,607803.3180056115,364005.38492343156,1.6366318757905771
100,200,5075053.88687521,4108703.744730693,4108703.7447306924,1.2351958676465387
100,200,4484123.3116966365,3557355.390575744,3557355.390575743,1.2605216008431759
100,200,4787132.281686643,3866070.2599684815,3866070.2599684806,1.2382424425275893
1200,900,1685879.657469792,1837418.786755046,1460805.082059338,1.1540757067282106
3700,1000,1158815.3425956238,904086.9336306724,522308.5010772516,2.218641550358818
1700,1000,1555584.4596623657,1633128.905696821,1185408.0132780855,1.3122776649371615
100,200,4906183.129443965,3948846.8232300817,3948846.823230082,1.2424343989698743
300,600,4894925.887905688,4230700.992754911,4077147.1849470837,1.2005762033752083
2900,800,974899.1543615167,961818.4826527834,551926.3489714816,1.7663573340505445
1900,900,1262243.7231730649,1469979.7387036132,956722.9517103198,1.3193409031492032
100,200,5282664.299495831,4333158.29362732,4333158.293627322,1.2191256218968336
100,200,4880150.596333316,4011071.2213302073,4011071.221330204,1.2166701429736508
2100,400,591915.5653828771,612216.7860481951,369330.57604071626,1.6026714379521676
2500,700,959181.223867128,983940.1449043311,575909.1663088046,1.6655078265464027
100,200,5138671.575383315,4254028.531888374,4254028.531888373,1.2079541866876589
1200,1000,1988075.2607548768,2179685.92412079,1674642.5511046767,1.1871639469828619
3000,1000,1083551.150548665,1184610.6550996725,682308.1922527074,1.588067038988957
1100,700,1431806.0300321784,1548565.2260891006,1232197.3391787175,1.1619940934026882
4800,700,879119.3686918336,407280.82682577905,299952.6907858358,2.930860084597537
300,600,4631567.819428568,4029009.1971704676,3860325.03517347,1.1997870068525047
3700,600,630759.7434200685,535902.0286531964,332443.23079254484,1.8973457270173224
2100,400,587387.6342628439,605075.890046561,380604.4612923385,1.5433020208653763
3800,1000,1117052.4354078628,921889.8577690319,530939.6582367639,2.1039159875861664
4600,700,798848.0063577945,388303.6424140095,285705.8225119904,2.796050844656023
300,600,4983638.3217036845,4368076.594057943,4179014.350067403,1.1925391741292546
3900,900,926092.4772984062,693951.0977129968,456968.91840438434,2.026598396521318
1200,900,1807009.8020541656,1948511.4359388521,1483942.5677378755,1.2177087182078579
2100,400,644359.7714956066,651114.7124928785,397578.7579618855,1.6207097552162966
1100,700,1489463.0053752186,1510221.6588560338,1250880.032411855,1.1907320980280942
300,600,5070485.063363015,4280155.035267764,4180790.0424581664,1.2128054774024808
1800,800,1061093.943958949,1284140.8359327067,872616.5816411226,1.2159910392298054
4300,100,153540.2271934105,68540.09634465263,47185.44834300483,3.2539741082310307
2500,700,829821.6131471526,942734.3924013682,573368.9096509106,1.4472734729414964
4100,700,732697.7480111729,467944.9456111092,336100.21867899963,2.1799978318697644
4300,100,257338.20453536572,89097.38628381466,82739.16147748545,3.1102346209465908
2700,900,1071427.9193176874,1101062.9796751174,654158.8885253614,1.6378710709457074
1700,1000,1419871.1151033917,1698276.0372535367,1182100.6243091836,1.2011423443187508
2900,800,874907.1892143248,1033062.6599494164,565294.3679770035,1.5477019386294621
300,600,4961106.587877277,4199587.536001207,4100133.1797747198,1.2099866932005032
1200,1000,1980819.930132724,2157764.1476745917,1695613.7491074488,1.1682023286113388
3700,600,605991.3710873373,551206.0876861825,327770.3262780816,1.8488292639804493
1900,900,1294806.8299268621,1514453.8620210923,954824.9799414949,1.356067192551036
4300,100,196993.81104970086,82931.06827913893,54290.25884700422,3.628529596899705
4300,100,217005.83990062025,89253.30610891312,70156.3045836674,3.093176603135107
4800,700,746452.4792739567,408564.9894172414,298629.6404431826,2.4995927335484205
300,600,4942320.834302357,4139617.8516628565,4042500.690763006,1.2225899789195864
4300,100,136512.16716646453,69996.77484202811,48563.68356277515,2.810992847978758
1200,900,1796043.0444592342,2015507.710100285,1517030.8843408972,1.1839198944453653
4600,700,599500.7306375654,402487.9403751053,294655.88545578026,2.0345791827990958
4300,100,215324.16702758218,91027.24477297184,67742.26274582943,3.178579490848771
3700,1000,1141297.2738656746,972679.3404252415,545289.3787296495,2.093012111338999
3000,1000,1196337.2456846812,1150416.2722899897,655118.2864199795,1.8261392949696111
300,600,4783377.50014942,4158926.1557712588,3981552.758767407,1.2013849344621617
4300,100,310332.08389661077,116097.79212974518,96621.71431835281,3.2118254792511456
5000,1000,1000268.9017213411,532725.2039189633,409384.9153516244,2.4433457712094766
4300,100,163933.11115717038,80035.96397370317,50459.111537190256,3.248830709917386
300,600,4879571.452264115,4165666.788793435,4042089.3714689645,1.2071903918568716
4300,100,186038.00169980936,75728.47892179595,54138.05797390288,3.436362674654649
3800,1000,1108027.6449338205,843778.2000126515,530314.1112033541,2.0893799005641327
3700,600,807731.3370868034,581694.6980914479,322828.6020622222,2.502043907903553
1800,800,1141981.1720269232,1340912.2799265739,892856.1317989483,1.279020361013853
5000,600,716984.9505423649,332830.68309089955,243225.79294879135,2.9478162733066657
4300,100,307660.4245389764,113065.43121773395,100419.32952364009,3.063757007723786
2900,800,839608.1880976429,903020.5718244683,550197.9131162504,1.5260112190215513
2500,700,932740.713651232,992697.6025953278,579622.7649118659,1.6092202896707466
1200,1000,1951905.1053543629,2276579.2611752595,1717837.764350066,1.1362569538648226
1700,1000,1463042.4702457027,1678416.0943941383,1196903.8228993756,1.22235591720447
300,600,4724039.665852091,3971386.417485461,3883745.7552763154,1.2163617197223024
3900,900,1047858.6971019096,723751.5820173988,452879.2305175579,2.3137707063854513
1900,900,1216404.584905333,1416325.0751386643,937988.8325142625,1.2968220332056426
1600,400,595640.2978348539,684048.2858535046,494080.84930508904,1.205552286984216
4600,700,717568.4870236686,413858.78497741435,299123.4860115305,2.398903866064225
4100,700,882156.028392218,498854.39947354904,351164.12579805165,2.5120903975810176
3700,800,957314.9932848535,772458.1644004504,441527.5778041242,2.168188447131493
1600,400,685026.9197826987,700767.9886028535,475801.6744256834,1.4397320493030226
2700,900,998730.137418865,1080383.3724346599,667135.626874949,1.4970421263472287
3700,600,669496.8242557805,556725.7638743708,327736.97606505116,2.0427869698867758
3000,1000,1173900.1323995227,1210551.0852536042,657871.3000766746,1.7843917682116628
2900,800,873569.6399747942,863053.2155888713,557266.0675789533,1.5675988379662593
1600,400,718806.7393547853,694471.4652804467,494237.18302072777,1.4543760851045464
4800,700,876797.6619319892,422277.7727536964,301886.85672493017,2.9043916368008684
1200,1000,1859504.2859569779,1957179.2907130881,1594022.2616407876,1.1665485048138033
5000,600,759967.2097995944,352178.71367839794,244628.83109682502,3.106613420798289
2000,900,1121780.6688046318,1287888.5943932298,900315.3143231972,1.2459864349279883
1600,400,608553.2410669854,674241.0287374334,487962.16049780353,1.2471320326276092
1800,800,1199055.531117566,1297157.9054862983,889214.6733429425,1.3484432579253305
2500,700,859298.5954406578,896658.0866567635,525698.7134220623,1.634583790108616
1700,1000,1475050.514122358,1797739.5222976322,1212591.363070635,1.2164448461739823
3800,1000,1104758.221168128,891481.1831504386,528834.4898225295,2.0890434387871935
4200,300,461680.4114360291,233198.65132289767,149566.55544035122,3.0867890891567153
3700,1000,1106952.8308279754,875325.7033224619,544646.9250196608,2.032422804531608
1600,400,690208.4262843047,774905.9094743909,519048.8816174227,1.3297561187946827
1900,900,1253273.5219661216,1419052.5733220875,929594.2100097241,1.3481941996529987
3700,800,837564.3598159592,723889.6000442033,443958.0202911307,1.8865845902878757
4100,700,748910.151726055,516772.4676916537,349615.1888115309,2.142098443353885
2900,500,735547.0530815384,630815.9148088794,352238.57365959714,2.088206994025504
2000,1000,1296362.9995235754,1563482.4929518695,1023462.2883790612,1.2666446182171782
4200,300,504555.9696899629,233730.09836434602,148288.0517849619,3.402539608664079
5000,1000,1140501.773991695,543297.4354103963,393070.97185198776,2.901516152714413
3900,900,914189.224542869,731243.4104611265,461863.1262980416,1.9793509645819616
3700,600,610215.4514442348,492228.14530032687,314898.3044818634,1.9378175200031293
1600,400,619153.877184056,717852.8380765921,512614.58545515477,1.2078350767844501
5000,600,851236.3560347527,356080.62534293043,277514.5116622374,3.067357994852505
4200,300,474819.76011851104,229805.51848792756,150495.8541588521,3.1550354843484727
1600,400,669044.0846728855,694404.6582523322,477757.0677120039,1.4003855304055723
2900,500,658274.3525182923,620588.557248915,344311.2186351042,1.9118585654216556
2700,900,851465.1873291848,1022150.2431740472,649246.7031374836,1.3114663243024274
2000,900,1322217.0208957526,1438877.6485715408,925775.5014246308,1.4282264100325157
4800,700,794159.697002681,370341.1250424509,273801.4132406574,2.9004952443567387
1800,800,1131685.4497747628,1412483.5431290457,910752.0372962833,1.2425834952116677
4200,300,427223.7316899398,241029.06427680218,141716.16858857358,3.0146435367600417
2500,700,718343.4785641842,856522.1641935961,542166.8292386356,1.3249491481670932
1600,400,660134.2468459791,742299.6248341304,484746.3810534401,1.3618136672034353
3000,1000,1194529.6508373609,1134416.6497348226,644180.4846619436,1.8543400169352109
1700,1000,1309254.315452718,1533578.2295269333,1125192.1846876147,1.1635828379097781
2900,500,610105.3451382463,586496.9386803854,336882.0939676591,1.8110352436743544
1600,400,634823.5704802707,705076.7780169892,499543.35544619424,1.2708077558418198
2200,100,169907.8865115386,148152.84305003507,92226.10357950944,1.8422971362447143
4200,300,420896.67516888294,205040.68128340173,144122.41027926438,2.9204110197249418
2200,100,257961.51931807646,164017.18201351946,90050.86061457201,2.8646202552375515
3700,800,958896.8027110095,746466.8652799034,442484.71668039967,2.167073271829198
2000,1000,1359407.4448089718,1611705.783205449,982677.4296299694,1.383370986062905
4200,700,756777.1897409905,503546.467634237,339343.20231478993,2.2301233222847063
3800,1000,944836.2444121309,826028.8711193926,535456.9734023523,1.764541861148129
2200,100,198682.27256100386,196812.87553038629,92493.81276717446,2.14806014172134
1600,400,702376.6447434762,741788.7221289622,521822.1198249747,1.3460078023887942
4100,700,880446.283057019,507242.355417827,353428.5151901621,2.4911580283308354
2200,100,230180.40188975394,193058.22572935716,92525.99975203944,2.4877375279015057
4200,300,449512.12235689716,227930.0155635639,144863.04739585196,3.103014401792631
2200,100,151800.66783418713,140904.92845622115,94919.92696360598,1.5992497328025785
3700,1000,1092445.157476817,857141.8309767899,543127.313871787,2.0113979348398305
1900,900,1231775.9245447349,1372177.5723317182,948034.8381907169,1.2992939446144463
2200,100,236694.36277519868,148329.97051963833,83853.25800476263,2.8227211250605806
3900,900,755742.0537534443,664754.4696739528,449478.4867874886,1.6813753627117547
2000,900,1158659.3812788688,1384968.3053276483,908886.8041248039,1.2748115343082562
2900,500,800386.871859365,666552.8607798538,359577.81155278,2.2259072894487586
2200,100,325095.0183856848,201679.834236834,96748.51380656994,3.360206845509274
5000,600,1009731.7567512486,396168.26538581506,314954.4837664354,3.205960888939265
2200,100,173198.84207445203,137767.19594268707,90396.39316459172,1.9159928401025412
4200,300,404087.42496896535,217373.79132245693,142541.23944888773,2.8348808143615347
5000,1000,1147839.653673132,533806.8942070825,394722.78004600474,2.9079640489443044
2500,700,813202.9889447715,874814.1738599286,550387.2142612161,1.4775106831584606
2200,100,190411.29917032045,157842.63441540016,85768.5344031476,2.2200600779221498
2200,100,312159.5710457411,205670.19369150902,101520.01014978602,3.074857563402234
4500,100,152452.4644007193,74099.94146507865,45088.317305537945,3.3811965828672523
2700,900,1052002.8196286594,1104393.3600661284,659530.0301057225,1.5950794832799708
4800,700,591029.8781777467,377803.3909225162,282378.55689512275,2.093040932981533
1800,800,1116691.9083105936,1250383.919657227,886429.9711317366,1.259763257874588
3000,1000,1170901.51594041,1280184.0736085,672523.5670999009,1.7410564822131755
4200,300,445658.36396938335,209897.5462969477,144424.07057131143,3.0857623816199893
4500,100,257746.4720365153,91770.1936162237,82739.16147748545,3.1151690134864602
4500,100,195383.47388876538,75510.36190556573,54290.25884700422,3.5988679744441265
2900,500,687105.5063022424,645648.6865495631,342394.6325129849,2.0067648293995517
3700,800,926255.6675668322,669037.1617229506,420367.24067250756,2.2034439840863893
2000,1000,1359554.8353526876,1590990.5513409786,986806.9501150118,1.377731313297127
4500,100,216718.15620549707,86814.4792152094,70156.3045836674,3.089075992408382
4100,700,795555.3301681743,491074.3050430255,320547.99598906236,2.481860252201733
4200,700,789754.8975844814,492463.7295548291,336667.50755115284,2.3458007674366588
4500,100,136512.16716646453,69172.6577159925,46405.29762665181,2.9417367013731193
4200,300,373751.56834066944,214214.82289568507,143926.53843627588,2.5968217703377174
1900,900,1142163.0474242512,1354292.5218338054,922613.7360374767,1.2379644945778874
5000,600,542818.2035730619,332183.3793550792,250847.40254748997,2.163937908307807
3800,1000,1152133.4953542196,856839.696163603,542475.0834789682,2.1238459248034527
4900,900,843072.9963725378,486716.555746085,367475.6384992642,2.2942282645335847
2000,900,1259374.287051536,1441732.4755319387,907083.7309444201,1.3883771079659037
4500,100,214794.22478388174,98558.87517480826,67742.26274582943,3.1707565717105544
2900,500,649815.5218052496,619778.5623964205,339703.68078069907,1.912889257813924
4500,100,313506.0072501903,110081.95237180995,96621.71431835281,3.244674444682684
4200,300,374313.3510321526,220740.78509893743,147318.8723806816,2.5408377418536197
3900,900,958293.5280057932,697753.7174359693,456597.71315011557,2.0987698808091384
4500,100,163933.11115717038,73800.14661706216,50459.111537190256,3.248830709917386
1800,800,1068423.4526662892,1226284.5955152484,897817.553321647,1.190022904668608
4500,100,185518.26868304107,73790.29667953696,54138.05797390288,3.4267625331604927
2700,900,1140606.7667866037,1124720.0699344147,674235.9485959543,1.6917026882975188
3700,1000,954816.377354386,896155.4546120266,549928.7834943078,1.736254595162992
1300,500,1010571.670033098,1090393.8536951065,785762.9720098707,1.2861024329616835
3700,800,846551.3876508983,676418.9212146018,424516.17485243804,1.9941557891054678
4800,700,719109.1051163527,385166.71648566454,286660.00742771674,2.508578408160688
2900,500,557286.6773152255,618822.6865850893,356214.03935623437,1.5644714013023697
3000,1000,1171128.0590721697,1135146.185073399,671731.2075242484,1.7434474473629304
4700,1000,1009771.9551874115,586156.7125377433,435515.8673953451,2.3185652482112165
4500,100,307660.4245389764,106853.07553092093,100419.32952364009,3.063757007723786
4200,700,777290.8041788194,469796.037290316,336832.30066383636,2.3076492445852668
5000,1000,1134659.4783155047,536490.0653871179,386508.2907971662,2.935666595858243
300,200,1640588.4235115976,1358888.6619952228,1345577.0768288777,1.2192452233044675
1300,500,1011324.4854826865,1010675.5864890105,768078.8723398478,1.3166935348733444
2000,900,1167158.0775981806,1301799.9154706455,891089.3908885495,1.309810317048382
5000,600,611184.161023902,336055.3197912586,246007.9907864832,2.4844077587478237
4100,700,617950.3130702924,481340.3548305373,330589.5300235583,1.869237398493099
300,200,1743190.9758629317,1477274.304350984,1431499.9221899556,1.217737387785632
2000,1000,1477420.0861955886,1523353.8699481217,966270.7269929155,1.5289918704185486
300,200,1658768.865789596,1425211.9809738486,1353930.2813691243,1.2251508726964968
1900,900,1288078.059461236,1443889.7516612532,937226.8848870794,1.3743503096546665
4900,900,1019247.4183703702,539632.9094401129,377867.5516018901,2.697366879081003
300,200,1638092.8042687483,1468579.5314146806,1369567.9149102308,1.196065406056273
2900,500,605114.7697871812,600503.6157394096,352959.43340602913,1.714403165111282
2400,600,805984.4074112506,820527.8683994155,506720.40197664866,1.5905900063767178
1300,500,982217.6053833924,979095.4728666005,751506.2096201626,1.306998655247093
300,200,1461092.169265072,1247764.200957948,1185785.1301919143,1.2321727875172466
3800,1000,873586.2578939772,780128.0363840343,503375.45104445925,1.7354566180797326
300,200,1638750.8287430205,1316313.9425837954,1288690.0866561602,1.2716407503336846
700,100,360758.3154936262,324286.6107027436,289853.46839274396,1.244623076253164
600,800,3261448.785126477,3026127.486069205,2722753.396458766,1.1978494965311006
700,100,379508.5061052969,354910.5999391559,283016.9905029406,1.3409389500993711
300,200,1628128.0452439592,1329833.641524818,1316282.2744100273,1.2369140547560018
700,100,370528.090764486,364717.1177941686,290694.84012540546,1.2746290598231484
700,100,373257.625993998,359712.6401590279,290795.99922069535,1.2835720814395375
300,200,1711305.8548978362,1505375.701968841,1444386.097875774,1.1847980657073722
700,100,376643.56427431485,315550.65642683,298319.7704570473,1.2625497924501277
3900,900,1111775.5467862855,774501.1581531824,466778.733643353,2.3818041968376154
700,100,386926.7368850091,317315.69127048797,263538.8108721111,1.4681964132894836
1300,500,1078599.0496547527,1183298.1100507283,802135.1180792784,1.3446600520838314
3700,800,929250.9825677077,764855.594265135,434362.44249678566,2.1393446846514226
300,200,1635306.9188569123,1356248.585530825,1337023.7404434013,1.223094900554713
700,100,461504.3012353204,366391.92403027066,290958.7842822544,1.5861500877994545
2900,500,659816.3822367616,648048.7618226593,338516.2670830284,1.9491423201678149
300,200,1720787.2694024972,1482731.7102346995,1418009.510629458,1.2135230804189991
700,100,372409.11509804364,307376.2081646041,284102.94994585967,1.310824527408153
700,100,344761.2699824987,326341.9985016703,269558.25098132103,1.2789861513324214
700,100,378263.17846859,416594.92477621336,304692.49206703226,1.2414588095113688
5000,600,593128.3936145065,323201.27443540207,242550.04144578037,2.4453856617752603
1100,400,826536.3994632617,896425.0877818813,718663.0535346749,1.1501028129914599
2000,900,1194453.8190416228,1369891.050310286,883114.4995092379,1.352546945730595
4300,700,766240.7175044685,488804.22599734494,331451.4999353762,2.3117732689514576
4600,100,154939.0807133699,72752.66195980489,44108.13649454799,3.5127097408098673
4200,700,737054.8953771546,453794.7602389451,328097.83251997584,2.246448535536363
4100,700,723927.7737944706,468557.3237772181,335601.9599153757,2.1571023422420237
1300,500,944459.5431623348,1048143.8067590881,763803.4109905049,1.2365217666906645
2400,600,859003.3889526753,836593.3857735922,509643.39811838546,1.6854989039868553
3000,1000,1136644.1749442522,1129526.371958959,669857.0204418707,1.6968459540731031
4600,100,257338.20453536572,87224.19274470088,82739.16147748545,3.1102346209465908
3700,1000,1149258.142482563,923047.0976135833,557136.5722216431,2.0627942945834095
4700,1000,1148181.6201578144,585439.8295554084,418160.6083531784,2.7457909645761283
600,800,3230535.105162109,3060407.4942599614,2737741.125128639,1.1800002109440917
2000,1000,1412553.4428556368,1581982.088026441,1008785.3506498515,1.4002517403188708
1300,600,1146606.1893437223,1227429.5694437781,935483.819033813,1.2256825463084555
1100,400,881154.4318254766,864321.3359775572,692075.162800994,1.2732062631163261
2900,500,857390.8306176629,704114.9999604402,347117.90965325147,2.470027638372625
1900,900,1369252.1206257048,1441952.8721024818,958124.7690574088,1.4290958389195574
4600,100,195627.31610940368,68850.58851936276,54290.25884700422,3.6033594288194957
4600,100,216718.15620549707,88987.56737378263,70156.3045836674,3.089075992408382
1300,500,978469.8943989003,1011298.7549828772,757800.5186646363,1.2911971822388275
4900,900,954236.0880257925,495009.55174507096,370974.2057652261,2.572243765728791
4600,100,136834.56500463758,70692.55398970499,45396.48680868112,3.014210451599767
1100,400,871717.6987538935,918401.2484505035,718890.4480301494,1.2125876775001114
5000,1000,1088367.9246871737,571378.1968079632,403514.1402599406,2.69722375524698
4600,100,214235.2161896479,84904.28103853749,67742.26274582943,3.162504579946842
3000,300,483989.9516288169,387664.22852705553,209393.1776164917,2.311393127216663
1500,500,936361.1897782976,991275.4069984899,680994.5757418879,1.3749906726616854
2400,600,888497.324761808,937041.9357899921,482540.62939668377,1.8412901849792178
4600,100,310991.1315754706,117774.65503427456,96621.71431835281,3.2186463857472605
3700,800,921366.731100868,747619.9202793963,432590.9221668369,2.1298799486724445
3100,400,474564.85875844245,467869.96258769825,255009.4706090782,1.8609695460524132
1100,400,855484.3823403924,897984.0094408765,709763.1425422597,1.205309674543232
1300,500,934766.9540238223,1062039.5305439117,794631.3185639074,1.176353023328069
4600,100,163933.11115717038,71741.62030094914,50459.111537190256,3.248830709917386
5000,600,799653.2299004957,354493.76369705447,258690.3915727318,3.091159377968896
3000,300,528067.3801127011,383853.07481921016,198813.28951575665,2.6560969912972037
4600,100,185518.26868304107,65136.26990624831,54138.05797390288,3.4267625331604927
2000,900,1217807.569119981,1393405.0434329575,900633.0962811811,1.3521683515167833
4200,700,886091.9789431252,481924.02603066503,342803.0751838123,2.584842561485189
1300,600,1159431.3543945353,1298425.784827208,940880.1196031732,1.2322838268530305
1100,400,910165.0059570823,983573.0936012005,754980.191443524,1.205548193545111
600,800,3254082.1718430854,3062587.7905429853,2728655.7528624646,1.1925587053000102
4600,100,307660.4245389764,104580.31098670595,100419.32952364009,3.063757007723786
1300,500,979876.9067697175,1049408.8912251592,787371.0437519111,1.2444919260689271
3000,300,476599.842960787,383630.1579521322,210694.19582239294,2.2620454308221296
1500,500,868960.8449638999,898867.8459976194,665668.3560278681,1.3053960535980789
4300,700,778158.6799276477,446744.16410495254,328838.03063135856,2.3663889436194707
2400,600,1080225.4701224023,998472.8490853992,522376.7937584254,2.0679047825810493
1100,400,891143.4578609527,930333.3475377761,745621.2152074978,1.1951691283528698
3100,400,504757.49851213186,437011.0627129579,245575.05776809464,2.055410281075013
1300,500,952327.0324705729,1064131.3478916383,755151.6727236788,1.261106962837972
3000,300,452635.24733017426,383576.98005437275,198402.63602400303,2.28139734633069
2000,1000,1367012.808172847,1495701.8817463627,1007596.8112863727,1.3567061674476888
3000,1000,1003874.0612115547,1082009.164289899,678245.4996429796,1.480104271594846
1100,400,867877.6522378793,846590.4526118648,694919.3712174603,1.2488897103521603
4700,1000,1146092.465812001,576798.312914691,419917.85111277096,2.7293254210910227
4900,900,1020227.5190836942,488529.85609226103,370238.25752833474,2.755597235938307
3000,300,435149.0619578627,378507.8963221407,201771.37439097016,2.1566441883608283
1500,500,854295.8454359372,877586.475529701,651305.3816708076,1.3116671065182877
1300,500,1056307.4102586976,1176870.908708206,774339.9523034071,1.3641391059786208
3700,800,841006.7803325143,803164.4273608311,443068.55868467834,1.898141413665598
1100,400,860117.3117167414,927049.5994827575,705085.6451686402,1.2198763619858142
3700,1000,890480.9196959243,785420.8473658458,516980.19296457974,1.7224662217512354
1300,600,1150085.615954406,1297078.333232928,890844.2388861855,1.2910064024125563
3100,400,570868.2592458245,436291.94980961626,255090.15897844016,2.237907810838259
2000,900,1067632.6597461565,1281383.8512266893,876483.0492356028,1.2180870590449626
2400,600,669109.8825799323,815479.973119899,522598.7553072708,1.2803510834741998
600,800,3042006.3029423477,2871628.276748292,2592264.6508137966,1.1734937256453977
3000,300,459433.02872167836,351888.6013653404,182148.61289322504,2.5222977074823874
4200,700,754891.2348303203,492817.62369898695,341291.01764935156,2.2118696238466757
5000,600,646866.5547508422,337930.86305112013,242525.36228813787,2.6672119923784194
1100,400,909456.3112206043,944648.483336765,726608.5170126462,1.251645542168584
2800,900,933215.5357447438,1014186.8787529798,643082.3673737124,1.4511601982743016
1500,500,949952.4073205626,1032188.4085292489,695183.7690020413,1.3664766780793083
5000,1000,1060173.0886750256,544806.886325252,403038.7245145491,2.6304496917808082
3000,300,419046.2944677615,368823.633393982,199557.73522844282,2.0998749759715407
1100,400,915075.4079541313,965707.7974205423,759013.9924726904,1.2056107226337542
3000,600,753556.65832499,718168.8374784599,405376.3215813189,1.8589064486684028
1300,600,1329410.6779681703,1402418.9844669497,964387.9269386316,1.3785019916085768
3100,400,480200.68241924956,453989.6571318325,251851.43767628568,1.906682315772483
2000,1000,1330191.1972138481,1536012.6403371822,1004785.530662806,1.3238558444769686
4300,700,774093.0231854703,452759.94153534825,328998.9913460727,2.352873545351405
1500,500,828218.94645538,927916.309789151,661962.9561917708,1.2511560332923595
3000,300,456604.6046132262,366521.08923727286,202193.698799836,2.258253384371029
600,800,3104062.902798188,2924990.483930046,2617849.744923368,1.1857299712551121
2400,600,718885.4865322569,811365.1230610978,512516.64747183997,1.4026578260011657
3700,800,795120.4094725006,704284.9802242188,431236.20217219624,1.8438164640801709
3000,1000,1207763.1221012103,1203614.458707884,687135.1057400263,1.757679256978846
3000,300,383385.28619436076,332480.7213016177,201497.15381078626,1.9026833825870046
700,800,2849422.2547371387,2677446.945123392,2333788.625536085,1.2209427295852937
2000,900,1178797.1887213425,1407007.279208781,890365.5406427253,1.3239474518189551
4700,1000,1133607.8714523972,572568.9138652978,411179.0327629428,2.7569690600103063
3000,600,824457.1498900368,724940.9218198018,407714.71849470836,2.022142229581386
4900,900,908529.4643697315,477767.4319495458,363709.95546471403,2.497950497970007
1500,500,836143.8335475677,912361.1955485474,656760.4495093515,1.2731336580517734
1300,600,1111918.4647901347,1243619.4168733128,964797.7021057307,1.1524887158865573
3000,300,390502.2210305715,360193.2055717574,206246.42133295425,1.8933769541637941
3100,400,551111.4635287124,481875.28484135325,267896.1969638311,2.0571828558026093
4200,700,875042.1047822897,508300.40273116634,345013.55054277735,2.536254310607999
2800,900,1132076.1603621996,1152356.0871905691,661268.2153033076,1.7119772796624497
5000,600,584739.1927530429,310187.67792051,233024.74531657892,2.5093437693007132
4200,900,861347.0128656194,619623.2089579934,428721.5782491416,2.0091058079774737
2400,600,685965.1612763465,832566.5024266341,505312.58634537575,1.3575065807038826
600,800,3114389.0638712305,2991598.5388468867,2678568.395396845,1.162706567143609
700,800,2799908.6736676283,2655989.8010423705,2346635.250110262,1.1931588744079713
3000,600,862001.5960436468,770162.7687715198,386032.50351734704,2.232976726543731
3100,400,466192.5748316025,461210.68585100764,264575.26991233794,1.762041384238469
1500,500,814544.462861275,1008395.4576069447,688680.4760887198,1.1827610788204495
2000,1000,1277465.6981898905,1498147.4466547074,1017368.2494644693,1.255657131881532
1300,600,1124787.4184380274,1223308.9476822377,946184.5799480123,1.1887610961698705
3700,800,807898.5104469706,673528.6695553729,436776.1070213418,1.849685679824732
2000,900,1317683.583896858,1424070.2115022903,910218.5306045383,1.447656293068099
5000,1000,1087808.8978553663,546748.9889310265,401914.2122651224,2.7065698715271957
4300,700,734596.0932889663,447293.69830157777,320467.6503683485,2.2922628616168113
2400,600,844253.1695426943,824126.722676689,497694.09484592587,1.6963294889083522
700,800,2805503.9308797163,2657106.636958578,2338847.788167827,1.199523947249877
4200,700,802742.8408641526,438654.78849536565,312915.90084646567,2.5653628936486164
3100,400,557555.1847905163,467696.5187438195,246584.29301264716,2.261113950035413
3000,1000,927543.736164381,1002559.6597268186,637608.904656315,1.4547220551512643
3000,600,1037577.8205261491,862422.4738860837,417901.4350067403,2.4828290443879766
1500,500,852255.7422080863,898750.2147459849,682388.2379183229,1.248930879594228
600,800,3136445.5872524916,2979202.9639033205,2667644.0200288277,1.1757361790793204
4900,900,1008134.9727839726,496587.14462171507,360454.8977588726,2.7968408226717107
4000,100,153540.2271934105,95446.71779808821,50724.356968730186,3.026952658819564
2800,900,1027198.5114268399,1149184.9211011212,649204.8600891456,1.5822409451552628
1300,600,1092790.4227267837,1226455.2186200994,932884.7747914629,1.1714098592412616
4000,100,257338.20453536572,91070.78617255858,82739.16147748545,3.1102346209465908
4500,500,695672.4326653925,339125.31950997235,226998.1919139626,3.06466067768975
4400,1000,1008504.3817534135,611685.1063702826,465210.1310813914,2.1678469886481673
4700,1000,1100456.2762411023,644484.6843434804,429270.36197866016,2.563550558600661
4000,100,195627.31610940368,110223.9967980477,54290.25884700422,3.6033594288194957
3100,400,554616.9166324328,497549.315288102,250191.68054371103,2.2167680213312915
1500,500,875746.0226552108,950955.9817347294,654464.7830271883,1.3381102320043856
4200,900,1023224.0450101135,638547.4351293992,440845.4768688718,2.321049208166127
4000,100,217917.53259712688,104873.8867496315,70156.3045836674,3.106171767317669
2400,600,747778.7945570955,824835.7261130117,505261.17143362056,1.4799846828430514
700,800,2638078.3717864216,2584044.8984379903,2221941.1292689685,1.1872854492118632
4000,100,136661.43587086993,78716.71972113923,52205.95982998329,2.6177362951649363
600,800,3231746.3905251143,3062865.71956932,2732256.1118888496,1.1828123931950725
2000,1000,1372433.175655402,1584731.7557231786,1030702.6586100396,1.3315510192883417
2900,1000,1123797.524708883,1177941.5628921723,705836.0609510767,1.5921509071024584
3000,600,607212.1977716212,700050.3626476657,418079.0042458166,1.452386251414339
1300,600,1154929.2540490464,1263301.6042062822,918819.8674078631,1.2569702669874623
4000,100,214576.56372854015,101630.58035370619,67742.26274582943,3.1675434954636295
4000,100,312573.69680472824,132715.98708299446,96621.71431835281,3.2350253668119446
3100,400,543177.0262341049,428044.9405202357,257828.8286173906,2.106735034817078
4500,500,625210.7696655876,322293.37213961803,221889.45200928938,2.8176678251448077
4300,700,881990.503416626,459300.9021684065,334830.9106446539,2.6341370386578684
4000,100,163933.11115717038,82676.11780008288,50459.111537190256,3.248830709917386
1500,500,1005073.9938081844,1092073.2985495036,671094.6253296195,1.4976636019317324
4000,100,185518.26868304107,89636.27273768012,54138.05797390288,3.4267625331604927
4200,1000,1019105.6632897654,660821.198692012,487362.99446621956,2.091060820910157
4200,700,610355.4535986785,441316.6441411302,322718.3507372831,1.8912945365649612
700,800,2645658.132993873,2565736.589406611,2243871.209934315,1.1790597077411227
4000,100,307660.4245389764,117588.55475699213,100419.32952364009,3.063757007723786
2400,600,689166.391690334,770220.718228492,485468.2194095394,1.4195911578486982
1300,600,1186723.1849533897,1241778.052428971,932789.8549543764,1.2722299440225295
4900,900,883810.428741131,492327.11609031685,367605.34542089025,2.4042371520175014
2800,900,1108395.5613067762,1172297.7176634707,647916.9506745858,1.7107062257790264
5000,1000,899125.4654219488,530158.3698101663,406947.2997857877,2.209439565995985
3100,400,622302.3789522874,478337.4150208821,269327.545716116,2.310578285996129
3000,600,648855.5578424217,683208.6532898265,410013.317977472,1.5825231264270123
600,800,3179532.4185093814,2938008.7137678713,2659289.91339521,1.195632113104193
4500,500,581907.2735261417,316151.6340126492,217101.7938902692,2.68034299993052
700,800,2703812.7354882527,2627326.1004124475,2295915.76748301,1.1776619916907562
4400,1000,1153996.7207632458,627846.7839029765,446671.55892271333,2.5835464508787305
4700,1000,1059735.6507371145,581025.1979343197,428764.6005473926,2.471602481604539
4200,900,956783.7133943305,594102.5244721174,432803.2400594304,2.2106667067994907
4300,500,699931.1083765269,350367.8598750506,237556.24735182134,2.9463805569378576
2000,1000,1156260.6084934194,1346026.3821226128,956413.3569844725,1.2089548938746069
3000,600,658671.066214494,637656.7811134007,404250.0690763006,1.6293653770289709
4500,500,784561.7503502824,343107.57819224935,237834.46181356232,3.298772366156499
1300,600,1044540.1079550281,1147614.055092566,896249.0204483804,1.165457461177988
4200,700,711120.176339426,458301.4366229658,327611.4370602477,2.170620728996867
5000,700,751113.4356837054,409104.98424282816,285048.28994442354,2.635039262400597
1300,400,736251.3665607665,805515.1649631867,608099.5068370326,1.2107415945628746
600,800,3200441.5737942443,2920289.259597297,2693452.659964941,1.1882301186744832
100,600,14914361.478833161,12161289.647439554,12161289.647439567,1.2263799244328684
4300,700,747870.2279313721,456912.6546270147,333354.0172389015,2.2434714725378675
700,800,2742540.8615812273,2631835.894562199,2286552.0171675663,1.1994220297592488
2800,900,995108.8657961717,1122766.5455461773,636492.4220632496,1.5634261010844928
4900,900,746818.2561098874,459522.6903566003,357748.1833614705,2.0875528957062475
4200,1000,1151249.86177908,660069.3991357068,467941.6331571283,2.4602424323986285
1300,400,773487.9530646248,787142.8453508781,585602.0608316103,1.3208422661050727
4500,500,666299.8420442,311830.2900822743,220654.31873059028,3.019654661088797
2900,1000,1220717.6921129527,1222736.0741058176,677708.5721585995,1.8012428088740133
100,600,14932373.446771517,12231441.554841256,12231441.554841252,1.2208187710189586
4300,500,629469.5556938879,355968.65567386465,232209.8916376284,2.7107783878397265
4900,700,754540.399172463,395192.55403077527,290865.60198410565,2.594120425466105
3000,600,819978.0598277741,693661.9559442236,398155.2758767407,2.0594429096090128
3600,900,867301.1756755932,817975.9968206898,500175.17462399846,1.733994847560313
100,600,14126919.358169029,11580975.105520394,11580975.10552041,1.219838504914411
700,800,2753474.657775408,2706674.330567484,2341933.8101904425,1.1757269337819158
1300,400,799041.0909523666,793649.3960359558,608291.9175639726,1.3135816338844142
800,900,2565951.687208706,2570587.362451389,2250788.2858079933,1.1400235656938185
5000,1000,1136830.5058504508,527825.2257182659,412281.06344401586,2.7574162547119325
100,600,15305220.71963827,12537043.0502022,12537043.05020221,1.220799885455559
5000,700,778280.9290314949,373335.5760450321,282800.7063429684,2.75204733077162
1300,400,763725.6378991364,801211.0951340453,600568.8129203736,1.2716704921545683
4400,1000,1166553.9980699092,601944.9219309965,448548.61368864175,2.6007303611458
4200,900,1037227.556346728,593362.3209798061,431944.6337830572,2.401297470146769
4500,500,589370.662047833,305416.14638203604,218920.1498364505,2.69217183748566
100,600,15280397.587179564,12542370.127374502,12542370.127374498,1.2183022372963745
3000,600,692801.8227766886,706191.0510405711,404208.93714689644,1.7139695813428109
4700,1000,1088997.683997309,579831.1016246811,427568.310920343,2.546956021257132
4300,500,580012.4000510438,338540.942599674,227199.55174563057,2.5528765157970805
4300,700,871224.213941909,484572.9502113884,336989.979599922,2.5853119281951216
2500,800,1020588.9506436655,1145956.3495344436,653460.8151501039,1.5618211941434164
2800,900,1067145.5226606047,1070031.0077331641,630796.071078027,1.6917440859085549
1300,400,799179.2064983821,884162.0648011303,638829.3927599048,1.2510056919042587
700,800,2706755.9612012357,2604813.163667394,2279391.3543387516,1.1874906676508221
100,600,14949185.284197384,12300399.539324164,12300399.539324159,1.215341439634144
4900,700,779190.3152028862,368526.0259858267,288572.1493295596,2.700157714502876
800,900,2720947.74721917,2734658.541788156,2314438.753561577,1.1756404195323968
1300,400,759640.2703699315,856972.0811645718,630910.259021729,1.2040385451138604
100,600,14806746.00169801,12127502.072289031,12127502.072289018,1.220922982609171
4500,500,536785.9262307492,318784.25743589335,229560.15869623993,2.33832355439795
4900,900,951380.6013437555,493825.86063637165,363414.50638478587,2.617893850215288
1300,400,780816.896690202,770888.4806254327,588008.6987224664,1.3279002477117077
5000,700,765374.0248602646,383553.3240004421,282939.1325576225,2.705083662134968
3000,600,615913.426749227,643595.3411040226,388374.5755276315,1.585874734236837
4300,500,796603.5605158884,373310.70930370153,242505.96593094463,3.2848823222053314
3600,900,1068627.8949659367,891271.3052978296,514319.72301368375,2.0777501759105306
4200,1000,1161440.2458442778,680084.8268468544,469908.07148333895,2.471632892318722
700,800,2727637.896144196,2588766.2051215274,2308673.708541378,1.1814739718535279
100,600,14641814.695693208,11944658.276302207,11944658.27630222,1.2258044020181014
1300,400,734461.8266424448,845460.068740027,596610.9305273109,1.231056605002686
2900,1000,1200618.472834154,1294047.92146044,680556.5173206978,1.7641715893940784
4500,500,584886.7300066531,322369.73569571634,227462.7459727743,2.5713517503945895
1300,400,766812.5207334195,820361.8350065614,614822.5913183929,1.2472094089599204
2800,900,985687.3866639353,1075565.2052276942,643309.3544865579,1.5322136695037465
100,600,14781845.321473734,12126268.114406902,12126268.114406893,1.2189937730233609
4200,900,921336.6532585279,608005.0949463771,424328.28137549973,2.1712826924284405
800,900,2578643.990900163,2697792.167997775,2272217.0103120096,1.1348581491985559
5000,1000,836456.0134885123,478445.3167498496,382565.342793789,2.1864395958610925
1300,400,815911.5561878263,829930.9210378133,642242.6090153535,1.2704101919346822
4400,1000,1126203.2993368953,612045.7990332036,439213.9668149616,2.5641336214869472
4300,700,800232.3627249621,431599.4379116127,305638.78687329206,2.618229089676084
2500,800,907019.850359823,1079110.8457356272,657057.8700308733,1.3804261264189783
100,600,14074792.769485395,11651237.265828965,11651237.265828945,1.2080084242009488
4300,500,666835.1157078758,332967.81083823205,230917.31029945496,2.887765819041977
4900,700,768638.964719801,382739.9824193268,288713.40056900255,2.6622905732984714
4700,1000,894263.1546758879,568388.5449401486,432922.65934658266,2.0656418308656197
400,300,1888541.5035063417,1653709.4812725647,1570448.832123688,1.2025488923141183
5000,700,724525.0758955821,402082.21205640346,275602.1793167797,2.628880067972199
400,300,1790355.4100537675,1565065.2904123755,1491099.671368175,1.20069465806468
2400,900,996799.9589311079,1169909.7496518265,750262.7619359978,1.3286011374987332
4500,500,627653.5933953278,320324.7870368518,218154.9276757294,2.8771002336847817
400,300,1874407.6390450557,1647323.9365825949,1580206.468667947,1.1861789432017127
4000,400,476410.5899498932,323330.2063953359,197632.33972203563,2.410590243580334
4900,900,1090775.3228402177,493076.19277805864,371517.7675936891,2.93599773142787
400,300,1790054.5807661884,1579652.551250811,1488019.7701800228,1.2029776866134145
800,900,2608874.1211562282,2701844.861144134,2267709.32736105,1.1504446754612039
2700,100,167508.90741969505,143787.92668094416,75147.1955092299,2.2290772966919423
400,300,1803891.469523454,1610436.3131587696,1513285.307932276,1.1920365975060292
4600,600,720662.395959972,374825.3957874707,264375.86190086015,2.7259008851202062
2700,100,257338.20453536572,146210.58038950677,82989.09935373723,3.1008675421150604
400,300,1635790.7031706646,1451682.553186408,1366114.5966991878,1.1974037222961158
4300,500,594635.3375603755,332774.7309128628,229102.4823869831,2.595499321373398
4200,1000,1135110.5719473832,654979.2549211555,460128.917615674,2.4669403040986277
2700,100,198904.3702991596,180951.25368261727,75365.32892140141,2.6392025769116887
4000,400,492156.0103417203,324998.1939010427,190320.66977027335,2.5859304243505314
3600,900,974644.7465166051,864286.9083765232,504937.11340266885,1.9302299645765226
4300,700,607397.7520565888,432456.1229108909,315213.27281316026,1.9269421830996887
2800,900,852580.9353537426,950256.4283748583,626059.3208825735,1.361821327333383
2700,100,222657.4969972622,190677.4516122159,75391.55535351361,2.9533479705149137
400,300,1810624.5703821736,1572657.5166396287,1496683.0142133213,1.2097582141224905
4100,1000,1012411.4437204767,699621.8961640947,499249.8967702737,2.0278651037685256
4500,500,827044.8400141712,358388.3302661083,288145.1780149138,2.870236613750882
2500,800,1051140.5816690633,1025368.9375252274,654877.3806869915,1.605095263126017
2900,1000,1198644.9987819972,1200954.8702528519,666393.6048227004,1.798704234415495
5000,700,880032.1023041246,392105.227707023,287954.5831544023,3.056148968576229
2700,100,143123.91401915147,119881.93911874939,77342.16271108635,1.8505289870648505
4200,900,1014204.0909690832,568209.8310508081,420530.71405201807,2.411724178709168
400,300,1900885.0515384662,1586679.0490912986,1516452.74099877,1.25350761032388
2700,100,229313.85230341143,131888.40864782996,68324.87689276955,3.3562278152846328
4900,700,723382.958066153,391545.544387197,281226.71358855075,2.5722412669676173
600,400,1585933.0833607865,1430578.4240186175,1317548.9314802375,1.2036995708227893
2700,100,322029.1055180168,169772.5733624465,96621.71431835281,3.332885447022637
400,300,1831809.831283749,1562872.5102588646,1511228.6535808968,1.2121328079263363
4000,400,550171.2671451492,332812.65475743695,197694.8732082911,2.7829313841916847
2700,100,166789.2805606807,115588.87514667439,73656.32035633399,2.264425914216034
600,400,1512390.9875830298,1415135.2846859545,1268804.4651351557,1.1919811358970327
4600,600,763413.3739622184,377374.1035076235,265900.9033661142,2.871044679795947
2400,900,1174617.0136419542,1182852.533903848,771479.5845205256,1.522551000972992
4300,500,531881.4527986951,337068.311575408,240237.37537978595,2.2139829489805884
400,300,1822824.6754387345,1618933.1217561082,1546848.1599971568,1.1784121561369572
800,900,2587815.6661192025,2564055.9414015873,2227723.4772213735,1.1616413314218736
2700,100,187818.6468025656,144639.84905911848,69885.47247663878,2.6875205982952948
4400,1000,1098888.2873554663,663722.5601072538,458538.79574993247,2.396500138136083
2700,100,310524.7419810197,199410.7009873398,101002.65383885024,3.074421613480196
600,400,1570606.4483919635,1452317.596073428,1317965.8213886074,1.1916898169158698
4700,1000,1136818.2363004526,580773.4360531055,438596.87600427214,2.591943304879763
3900,100,152452.4644007193,97590.77794763896,52024.98150638994,2.9303703718182854
600,400,1579314.8313053322,1423921.696641545,1301232.4279941428,1.2137069422254216
3900,100,257338.20453536572,88229.59545097139,82739.16147748545,3.1102346209465908
4000,400,455029.36354202346,324899.5056457567,195184.86419912142,2.33127381781928
600,400,1651869.911905785,1576648.7558983709,1384130.3509797938,1.1934352214272772
3900,100,195627.31610940368,124412.57036382443,54290.25884700422,3.6033594288194957
3900,100,216845.92400800067,96898.87389412665,70156.3045836674,3.090897180158532
5000,700,751729.5321300419,389543.89704239776,286684.4548254553,2.622149612498955
4600,600,850162.9908395757,380576.7573530315,277514.5116622374,3.0634902144299683
600,400,1631391.0371574254,1530632.6827506775,1366972.2278804127,1.1934339292957055
2800,900,1030171.8626224385,1045199.707531364,635975.3861733753,1.6198297686030259
3900,100,136512.16716646453,92043.58350293414,53544.57418459824,2.5495051411900365
4300,500,585121.1053094218,329517.37371898926,238042.40857615919,2.4580540451144794
4300,700,715362.0601580556,439435.7793469108,319992.56643093965,2.235558369798706
4200,1000,1124425.5973442814,691615.1690081843,480373.97649992927,2.34072962390053
600,400,1556529.597937576,1400340.3365211613,1274018.8472320104,1.2217477012364149
3900,100,214235.2161896479,106412.42970650668,67742.26274582943,3.162504579946842
4900,700,879566.72188762,415955.4839761618,293831.20730041055,2.993442153298436
700,900,3027502.987539296,2901285.9814977874,2572329.4694948494,1.1769499294092498
1400,100,225618.50000862626,186957.98343505344,144926.73419637198,1.5567762653294803
4000,400,546914.962180409,345604.045832061,207619.55264696907,2.63421703403036
800,900,2508130.610616293,2594015.34186437,2207786.2487730947,1.1360386957795867
3900,100,312817.630910268,135181.41405757066,96621.71431835281,3.2375499970905595
2500,800,980087.9499529381,1065957.9617004576,622143.5161953112,1.5753406158543914
600,400,1522351.8404918083,1439221.8691526954,1292657.016142507,1.1776920107042368
2400,900,1045902.3354726707,1286116.4551421043,757405.6701040033,1.3809011164770557
1400,100,267096.9211002593,221670.39103048315,141508.4952514703,1.8874974299289222
4200,900,909490.2021619437,606893.525462868,428872.90299103863,2.1206520529019004
3900,100,163933.11115717038,88885.67752564781,50992.837169769686,3.21482624336807
3600,900,1051649.3489793497,937724.9894618464,503935.4060802334,2.0868733101319594
1400,100,225801.0528829672,240565.46821235766,145347.42006270273,1.5535263906683507
3900,100,186250.17474902654,113895.15691260318,54138.05797390288,3.440281785482737
4100,1000,1151046.9737217275,748694.6047451802,479354.8437219363,2.4012419792912865
1400,100,243869.20106937402,248469.0509038102,145397.99961034767,1.6772527938686879
600,400,1583186.5262015318,1473770.5455347798,1332115.6145231847,1.1884753162121104
2900,1000,1165513.356552543,1238598.3641752794,695714.034930932,1.6752764757264829
1400,100,195692.78155869484,179862.0620147151,149159.88522852366,1.3119665603045982
3900,100,307660.4245389764,135910.67467001555,100419.32952364009,3.063757007723786
1400,100,279967.7735548322,197872.83650742003,131769.40543605556,2.1246796449324017
4000,400,443419.1717588661,353369.5219137942,205045.83418206192,2.162536847079519
4300,500,643215.5084346337,375003.5448722135,228301.66849785636,2.817392937453163
1400,100,354252.29341420066,249148.49005749653,145479.3921411272,2.4350685564491927
4600,600,1017181.2659622878,427632.8342607268,314954.4837664354,3.2296135422431744
600,400,1646232.6193736177,1559531.0230124998,1391525.6528665992,1.1830415170444841
1300,300,685253.5970074143,633693.1521758607,483215.02526882704,1.4181131818618165
1400,100,213005.55154911164,184554.690163,142051.47497292983,1.4994955285730276
5000,700,865405.7566284339,389324.28678487136,290855.4444784048,2.975380977242418
1400,100,218231.40075233422,199939.93957611168,134779.12549066052,1.6191780437650674
1300,300,714262.5413749851,619655.9884560524,458799.8988825153,1.5568062310272783
4700,1000,848632.4374338522,523245.15673150046,406984.4072274351,2.0851718698883985
700,900,3162993.3312873174,3010932.130443695,2645072.8612132305,1.1958057479885562
1400,100,318593.8116214648,270353.1630116032,152346.24603351613,2.0912481923012023
4400,1000,1080252.678120345,635782.0959846613,457998.55058471486,2.3586377658645743
4900,700,746223.0607368809,391302.30531895603,292535.1579851585,2.5508833395497024
800,900,2580623.8662296776,2679384.570127448,2251582.7407029527,1.1461377010839926
1300,300,630806.1071658807,625725.8905331786,486217.37497475295,1.2973746715625611
4000,400,536602.2445684973,330020.21075117437,191102.82708480157,2.80792415661324
2800,900,1133274.0160873835,1121685.7751417938,650156.093288956,1.7430798969436254
4300,500,832988.726597679,389132.7461782895,288145.1780149138,2.8908647104084637
2500,800,897747.1587199447,1018651.858241174,628283.9387816082,1.4288876466600269
1300,300,667032.3494440797,647749.7290007878,457852.23697846854,1.4568725356592465
1100,900,1920536.5747752448,1997494.633313731,1636936.9351330858,1.1732501928176615
4600,600,549110.5275522165,357113.6419244468,272660.2201603152,2.0139004040609874
1300,300,633418.8080511307,647428.5410328995,465626.2485945465,1.360358892916909
2400,900,1145553.4564563106,1273704.6936629494,755903.1091203501,1.515476577136188
4000,400,543590.5780539326,309502.24013940146,193898.55242137605,2.8034793002095943
1300,300,610649.2253574274,572415.8970889387,420342.9528305193,1.452740485466492
4200,1000,1097247.0399714739,672395.8505549134,479808.00537446316,2.286846046086985
4600,400,472844.43864166865,228962.96894042558,171854.208453944,2.751427753184109
4200,900,747023.1705774021,578324.3397572263,417372.8805883823,1.7898220160454663
5000,700,795942.1851746022,348472.1185531329,262849.35671103117,3.0281306187469106
1300,300,617763.3848989833,586555.6289086428,460517.85052717576,1.3414537225686287
3600,900,961851.0796939023,805891.1971926364,495049.6616047497,1.942938566155105
700,900,3067663.844216186,2991647.7852049083,2596819.4403565824,1.18131580368751
800,900,2527728.850214759,2506824.0287572267,2191207.623089007,1.153577973889735
1300,300,638306.0647131676,627519.5235691704,466600.8433842369,1.3679916651747985
4200,800,936529.3171311765,560945.7592175906,388964.77092268085,2.4077484315857016
4100,1000,1155822.475110809,697187.3403679068,481369.24395854236,2.4011140919720946
4000,400,525114.6237681353,300963.6477050133,199817.3421784777,2.6279732181559132
2900,700,833122.8570464624,876334.8844904876,491462.56886969577,1.6951908646116098
1300,300,597455.0307079579,594177.2354241644,464993.4318710452,1.2848676771710783
2900,1000,1146492.113020876,1135128.262877501,694894.3526112915,1.649879738858949
1100,900,2037430.1136609248,2171887.6544264383,1683228.1844084195,1.210430132131486
4600,600,611972.4785521247,353122.63172017445,267399.9899853078,2.288603221659617
4600,400,488267.76529402554,250500.1188197369,165496.2345828464,2.950325525681986
4900,700,870912.7208452527,403799.0148394377,295725.90046523773,2.9449998105513506
1300,300,608617.4730309268,627451.0084178107,475953.27999912517,1.2787336459411425
4400,1000,1091430.1527167463,621844.27339643,456720.6957558209,2.3897103040416274
2400,900,1057446.1072680596,1207151.6095776777,742574.4924071245,1.4240269738329543
4000,400,620671.2361211879,343012.2913319073,208728.84792998986,2.973576687058458
2500,800,979169.167533112,1109493.5691536854,642856.4148952428,1.523153763181586
800,400,1133217.1894602878,1161040.1352942458,988161.6986101781,1.1467932738681597
5000,700,592774.4625140482,368191.43125459517,271083.4146193178,2.186686571535484
700,900,3014938.9036086546,2993603.695507056,2591667.802698343,1.163319967346748
4600,400,548711.4752396713,245325.02747128415,171908.585398514,3.191879416421598
3500,1000,1033829.5401606984,951674.0276849032,584835.5933594635,1.7677267797982075
800,900,2586842.1484625936,2646360.0258633373,2225913.8516068133,1.1621483673302262
800,400,1127700.157179032,1095006.5199320286,951603.3488513668,1.1850527412920762
1100,500,1108878.638239437,1242630.7675737692,928628.9669207562,1.1941030031793767
2900,700,819380.227019547,841953.2795877078,487587.4247292558,1.6804785879671258
1100,900,1918303.4673618868,2082905.6104794296,1652521.462045098,1.1608342229866515
4600,600,591136.8472663222,368829.69898375816,263641.34939758736,2.242200810370044
4200,800,806716.256667662,543592.6558558593,391105.87501837703,2.0626544068911175
800,400,1142098.065031484,1144790.4249935455,988474.3660414555,1.1554149548715618
4200,900,953939.5435149955,608969.2376202521,423983.59078225016,2.249944489018964
4600,400,452457.1521410391,236073.1563200923,169725.96886880122,2.665809805986673
1100,500,1115762.6832203171,1144940.4266341233,907729.5764016383,1.2291796061590832
4200,1000,1090799.9694024052,670151.0500949906,478469.30031562195,2.2797700263796647
800,400,1130901.7686189474,1131695.84388707,975924.3209956071,1.1588006818656156
4900,700,797293.3348131542,347420.96187362855,268213.62929697055,2.972605593917742
3600,900,1020385.4879544394,825599.9432387376,490619.1663940211,2.079791328688039
2400,900,1123767.0260451913,1239944.8468177419,735928.7495910316,1.5270051980843093
800,400,1201480.5236433467,1258753.9754619729,1038097.7632348454,1.1573866799398351
1100,500,1096743.2931841926,1131365.46987472,888143.702278374,1.2348714407034511
700,900,3055815.3714641007,2899992.1512571857,2545969.6882529985,1.2002559910919244
800,900,2583211.884486778,2683907.3725454165,2275546.326511346,1.1352051392630254
5000,700,710669.0242962688,379090.6150132253,275193.60713060806,2.5824328977198308
4600,600,800840.9631979357,374173.0518627433,259666.48426743958,3.0841137063076713
4600,400,545945.8462985395,265031.3856424255,180538.741432147,3.023981678213514
2900,1000,1150859.7197522733,1135503.7308436239,692955.5383881421,1.6607987901059929
800,400,1168467.0719130721,1150249.9713970146,1025229.1709103095,1.1397130564238438
2500,800,1008541.2982260745,1116480.0408543253,640234.5648069186,1.575268430766823
4400,1000,908357.5531356956,622061.5627024058,462440.1133929406,1.9642706738198854
1100,900,1934698.0772262565,2115408.073502036,1649243.147171673,1.1730823805720323
100,500,12476933.961117495,10214918.63612832,10214918.63612832,1.2214423242676486
4100,1000,1140916.3843924478,682077.6837620841,471351.5741428856,2.420521001689898
2900,700,824386.4624266854,858652.2348725812,487826.0906165906,1.6899187605662858
800,400,1126763.33106268,1128426.1980028318,955514.1354240078,1.1792220431806388
100,500,12253219.7419656,9985025.340418024,9985025.340418022,1.2271596039287187
1100,500,1148034.5628136334,1324673.4211547894,947977.8668209653,1.2110351971228572
4200,800,943838.6979418905,557052.6366103115,389807.9646946378,2.421291465096824
4600,400,436241.32583046396,263175.6411713207,178300.725375706,2.4466604098846987
800,400,1117713.4959652575,1169658.2124926273,969492.7621068802,1.15288482766624
100,500,11916810.513034776,9769580.725062119,9769580.725062115,1.219787301871034
100,500,12683388.228312239,10427756.535030616,10427756.535030618,1.2163103526347336
800,400,1206436.2345296645,1172194.946937174,999086.7108923885,1.2075390668063941
1100,500,1078142.5881728646,1148197.721688655,902676.7584433239,1.1943839010900574
4600,600,656996.914063317,366722.07020090683,263614.5242262368,2.492263717227793
100,500,12175919.420909671,9929444.342876572,9929444.342876563,1.226243785700329
1100,900,1911315.6798462216,2064227.2525268802,1620162.5288882717,1.179706137974771
4200,900,1087450.268942613,589708.8263730516,433437.3955259706,2.508898125006049
800,400,1211608.7528797556,1218682.086455824,1043644.2396499494,1.160940392183972
4800,600,730117.3852769118,352659.0280720963,253360.20098832433,2.8817366833023548
100,500,12076815.68700536,9851406.742640283,9851406.742640272,1.2258975801631207
4600,400,538341.0942600314,249214.64344537765,171534.09013886217,3.1383912890098262
4200,1000,943202.4242120889,648503.0920063957,484461.0711735568,1.9469106608035165
4900,700,589419.8045288876,373337.9538514617,276615.72920338553,2.1308253374684583
100,500,12460663.351829529,10330207.141330782,10330207.141330797,1.2062355750810505
2400,900,1069796.1064428464,1251632.111824179,750527.5802343176,1.4253921303049941
1100,500,1104646.201761216,1141435.442947272,895582.4311491157,1.233438892212135
700,900,2983075.7809257056,2868701.5199025664,2523184.284312108,1.1822663130366544
3500,1000,1179472.0609743127,981383.3073105306,561529.9597885539,2.100461498828036
100,500,12653023.862383818,10235823.568774838,10235823.568774844,1.2361510314600213
2900,700,763712.3897528022,788933.657574715,475176.1712358271,1.6072194608718633
2300,500,779886.9370638339,722826.4071709547,444126.8972229703,1.7560002376354567
2500,800,920660.2870731178,1173016.0792741957,655741.466853324,1.4039988831132602
4600,600,584283.6573692615,348110.16510799533,253287.76664845535,2.306797778276453
100,500,11989073.960170563,9816971.745407822,9816971.745407823,1.2212599028594338
4200,800,914528.7373844152,543752.3574371451,370323.5215448281,2.4695399675651184
1100,500,1108986.4916351805,1211045.2504483124,939109.7401209815,1.180891267821708
4600,400,545298.4202261147,246561.75410779673,168607.43688815308,3.234130298699945
4400,1000,1136663.282002571,617202.9189161585,468501.2084591089,2.426169370493267
1100,900,1857565.032313003,2056140.3712336877,1605662.7263804325,1.1568836977989903
200,400,4842309.915899064,3975616.4162671333,3952646.7944407123,1.2250803493774447
100,500,12500816.41601082,10066419.379944284,10066419.379944293,1.2418334607553374
3600,900,925190.9568858016,821865.615196178,500351.7201562117,1.849081195517732
4800,600,763692.4504046455,362867.17444100446,254821.69905919273,2.9969678925468854
600,1000,4105286.8342298833,3720069.7079605726,3411540.961263537,1.2033526435248787
200,400,4686797.026936178,3831634.55859818,3806413.395405467,1.2312895474236663
2300,500,708740.7285161205,695567.0867293604,434131.53653991397,1.6325483611830605
1100,500,1123208.5597696921,1159236.8536793818,930529.4153431677,1.207064001684962
500,600,2822607.8192120087,2610563.3733072877,2432257.9294879134,1.1604886903611737
200,400,4818186.833629508,3991934.3177280133,3953897.464165822,1.218591750872839
2900,1000,1036524.8796263806,1179292.7303990063,701633.2754927374,1.4773029099830794
4100,1000,1114454.7117159055,731058.3645010634,492090.41495114705,2.2647356620968617
4600,400,515036.8723358081,254303.9244850526,173754.21058998062,2.9641691593372372
700,900,3044972.875090203,2950723.2521871077,2573237.4179462316,1.1833237204829998
200,400,4830092.284117549,3924999.422535212,3903697.2839824287,1.2373122024436385
4900,700,713506.4428538112,386316.21031976223,280809.80319449806,2.5408886539463627
2400,900,916233.8783221727,1090231.6823212777,730402.541029669,1.2544231801692969
200,400,5016705.90229602,4207359.12509334,4152391.0529393815,1.2081487119920484
2900,700,924039.1830969824,883509.1983551835,496473.4192317282,1.8612057510085722
500,600,2834978.137779325,2700903.422350176,2446288.3109682505,1.1588896227269423
200,400,5085949.510756385,4124116.393145309,4100916.683641238,1.2401982052072629
1100,500,1074906.7853256792,1163419.2218560944,892451.9768552567,1.2044421584602687
2300,500,671538.2330846585,709292.1378121194,424764.3793505267,1.580966450415296
1100,900,1871478.877202634,2024990.211188192,1637514.7205112383,1.1428775898993757
200,400,4791805.209982811,3857239.7238730984,3822056.541696031,1.2537243124761455
600,1000,3858696.397838955,3702939.2516471148,3275591.432099898,1.1780151700315211
4200,800,832378.3781524075,528695.9109286579,373978.53498905257,2.2257383787461853
4600,400,620564.4344873739,283484.63949250017,184114.18593069012,3.370541120177376
200,400,4700272.543574298,3915981.6343225455,3877971.048427521,1.2120442584222522
4200,1000,1144059.8254716103,671369.6102926013,490810.78981430456,2.330958995225958
500,600,2673618.4964377186,2578903.061818381,2316195.021104082,1.1543149312026673
1100,500,1172951.3601325974,1303567.4651238462,915129.0345403902,1.2817333030217914
4800,600,850522.268942562,369463.0123413073,277514.5116622374,3.0647848425949404
2500,800,883222.7118427503,1037508.5275615099,638229.5792148504,1.383863645005752
1000,100,293258.786936268,244736.41756862198,202897.42787492074,1.4453548771305857
200,400,4922017.3109338535,4036545.7679688516,3996346.843569554,1.2316291612310324
1000,100,297946.32666680135,281594.3838314308,198111.89335205845,1.5039295300526467
200,400,5170216.22985929,4206109.503038373,4174576.9585997975,1.2385006387793223
1000,100,258967.22044075505,290593.7085952182,203486.38808778382,1.2726513201906993
2300,500,834679.6484019087,821389.2930223069,453380.7189143747,1.8410126712061303
500,600,2942777.681464885,2807752.905931799,2507408.610040442,1.1736330766677159
1000,100,308036.2546299852,293348.0606555658,203557.19945448675,1.5132663224660785
1000,100,262867.8814312819,239393.31645265184,208823.83931993315,1.2588020711014196
4400,1000,852966.9317388857,573306.5615725501,434733.34408385115,1.9620462597282757
1200,700,1492846.786869952,1566123.1706586597,1187701.2081017648,1.2569211655984454
1000,100,318055.85311476106,240016.19965405142,184477.16761047777,1.7240933240385268
2900,700,780510.8529544517,821004.766825313,494283.5428025092,1.5790751367708484
500,600,2878267.398110202,2626859.4940182203,2508474.0254749,1.1474176606494035
1000,100,386998.02205956564,287405.0009775926,203671.14899757807,1.9001121364723463
3500,1000,1166828.697019649,1025247.4771052914,563889.6857800067,2.069249937433454
600,1000,3852534.2271021795,3723755.674758045,3289356.500383373,1.171212128163417
1000,100,253937.56829292327,228856.85880262326,198872.06496210178,1.2768890811352267
1100,900,1820881.6357753763,1946199.2108917283,1593605.5440647325,1.1426175332767365
2400,900,1096054.3743523324,1183074.4522244327,741971.2838689378,1.4772193994315554
1000,100,249672.48945165667,231808.526126674,188690.77568692472,1.3231833328509532
1000,100,354612.04070252867,302006.5410842259,213284.7444469226,1.6626226203945702
700,900,3023369.193781337,2783770.5658930973,2504237.283530294,1.2073014061667542
500,600,2853324.255710901,2609121.566683746,2460079.907864832,1.1598502335590295
3600,900,767385.9782850292,755510.8568443023,486935.0273531127,1.575951482595933
4200,500,695177.7080223042,355661.30762553023,243212.34847924564,2.8583158395085633
2300,500,695480.1105026458,762466.5963636006,431714.9714294158,1.6109705628227324
4200,800,923968.2284965382,555990.6083373805,382652.627913835,2.414639704773165
1200,700,1337646.075558318,1524936.8096350294,1178336.2764290348,1.1351989260757327
4800,600,1011892.508329144,414973.6967646504,314954.4837664354,3.212821409075558
4100,1000,1082113.7698503926,695854.6947729345,491510.6396518891,2.2016080274819614
2800,1000,1111952.7886673014,1165514.7601168584,731044.4916993293,1.5210466685584925
500,600,2803666.3128152518,2609520.0695733363,2425500.4144578036,1.1559125267937682
2900,1000,1188315.0282137718,1242860.8955540457,710829.4197310618,1.6717302284187447
2500,800,942479.4235871881,993228.1580434104,646428.6383915858,1.457979067778034
2300,500,668955.057629833,726082.5405927293,428322.0322887075,1.5618039867230749
2900,700,917136.7962518355,867451.6337721092,499674.79733781546,1.8354673902670067
1100,900,1968361.6881838087,2099496.830856324,1618846.437532228,1.215903894617937
600,1000,3798845.777703291,3610122.7939848662,3220902.4233097183,1.1794352260444116
4200,500,623489.6326838406,340930.42366785766,237738.69858138147,2.6225836870660366
500,600,2738827.9626511307,2614902.306769656,2388931.655260444,1.1464655996416693
1200,700,1373870.8474281072,1557306.7044745595,1178913.0523234273,1.1653708004338852
4200,1000,858776.1171786874,628812.4631262304,455434.9318973679,1.8856175866901055
700,900,3050214.9063135963,2894355.954179825,2543901.544693501,1.1990302504734307
2400,900,1178183.786734704,1273400.8207934569,758515.4421704486,1.553275940386129
500,600,2883856.2631894657,2635325.259662014,2425253.6228813785,1.1890947140461268
4200,800,895789.4122089318,556199.4836786428,381092.0028612611,2.35058569973469
2300,500,604932.9998712386,729667.6325071225,449139.4409274259,1.3468712492096335
4800,600,549964.3754475425,360104.5499936532,261299.3776536354,2.104728990883959
4200,500,583675.4468027551,337951.2573769241,232609.0648824313,2.509254947126695
1200,700,1342054.8256403932,1489546.7858739106,1148342.4138199154,1.1686887199229201
500,600,2669289.257580753,2505389.7380600837,2330247.453165789,1.1454960519125785
1100,900,1928886.042049834,2082199.4516032857,1654942.7829173424,1.1655303506321728
600,1000,4029491.5908621736,3758834.985327188,3362617.8354995046,1.198319817471499
2900,700,817366.5918853114,793948.2980663719,453188.546053502,1.803590578365623
3500,1000,1151127.3569118269,1002225.6756885273,552154.7011388089,2.084791371942769
2300,500,656246.6721917694,723094.2955351601,445035.8073380367,1.4745929684109729
700,900,3089785.0037670517,2962832.3733816254,2600624.373155824,1.1880935346374677
3600,900,966962.7483132129,822256.5751639225,494647.52257929184,1.954852100079424
4200,500,796382.1602770026,380258.9379083009,248279.91750072903,3.207597973664802
1200,700,1417685.1876632238,1559442.8485415264,1199810.7631433432,1.1815906568041439
4100,1000,1085485.6190994133,707136.5634416565,490139.2832501493,2.214647256799086
2800,1000,1220193.6521853074,1276964.528158371,701912.4497356924,1.7383843991437617
2900,1000,988360.0940625661,1064858.9939029608,659595.4186099811,1.4984338371321884
4800,600,616058.893955192,340465.4896103678,256258.32373591998,2.404054178509552
600,1000,3933410.785808336,3677268.015773859,3358656.037621242,1.1711264094176677
4200,800,825508.3826391102,531715.1256200533,390322.3016984071,2.11494034301161
2300,500,707145.7645391588,715177.8236208169,426824.8584959923,1.656758622332674
4200,500,664398.4067286812,358244.87456652883,236415.34149706102,2.8103015756993104
1200,700,1374792.5843996773,1530706.1382351492,1194518.5617727304,1.1509177240070765
2900,700,684556.6258792701,809951.3476055183,467385.1976195135,1.4646519174459403
600,1000,3927996.674585305,3708090.756622322,3349285.1022093534,1.172786596158746
2300,500,854151.7728331854,786246.0776591874,437670.4078236649,1.9515867592705025
1200,700,1438957.519370265,1599932.2787214366,1207547.4268997207,1.191636442027516
4200,500,610317.0545959696,356606.0910253657,234557.30339619695,2.6019955284234615
4800,600,593075.2745717618,343872.36417889583,252656.29317268787,2.3473599929941233
1200,700,1263570.787021762,1447675.879653257,1095205.6529626297,1.1537292412650442
4200,500,536734.0189976672,348730.9270009083,245957.31288882848,2.182224275804592
4200,800,780992.469371225,516521.2861540312,379898.5590564586,2.055792133855285
2900,700,771885.2536291132,779730.393304359,474471.7364320829,1.6268308401961111
600,1000,4006167.774958146,3728146.9427929614,3391227.4982148977,1.1813326522820853
3600,900,1116449.8936355552,888234.5897636749,505676.96144696575,2.2078322303648115
4100,1000,922037.6008508931,691339.7303285315,496277.19486071676,1.8579084640584151
3500,1000,1138510.8000960727,1066528.9170162717,576448.7717999151,1.97504245961209
1200,700,1307186.8384377193,1455831.2135536077,1129514.227580491,1.1573000202377415
4800,600,801670.7774695893,353837.82560010056,258690.3915727318,3.098958459940312
4200,500,586941.4548926584,351436.67991558625,243710.08497082963,2.4083593215394066
2800,1000,1222390.1702440782,1231905.3151828707,704862.1072250084,1.7342259680500356
600,1000,4087201.139742997,3858550.4159726314,3435675.528700132,1.189635373189437
1200,700,1352430.1197095946,1433843.9652675744,1146640.029710867,1.1794722708665761
4200,800,767157.2608968185,515361.4731866049,384778.951423563,1.993760984218534
4200,500,643681.7313734889,375171.93011364655,233737.42250971007,2.7538668154293893
4800,600,645467.2191555207,358652.6194599832,252630.58571681028,2.5549844541747846
4200,500,828555.8297187408,389740.44749057473,288145.1780149138,2.8754804624072396
600,1000,3764655.012153436,3491001.60641417,3188044.523281575,1.1808665106967622
4100,1000,1144076.454847383,703157.3801927265,502781.7846878242,2.2754930462680485
3500,1000,1096976.1336752616,966379.9089507741,575769.6064493558,1.9052345267755126
2800,1000,1203502.047378356,1231806.7288829663,690193.3764235111,1.7437171791110795
4800,600,580713.8842522947,336191.4567064641,242734.1097047697,2.39238681765245
4100,1000,854925.9670236306,659628.5689960567,466543.10096803535,1.8324694229745022
2800,1000,1193696.9259187747,1314107.6377532273,720560.9647498939,1.6566216938119953
3500,1000,1101158.6269594792,990327.9873711668,574163.1603787463,1.9178496687824775
2800,1000,1202870.063979373,1203847.3627586528,719712.0080616948,1.6713213764751598
3500,1000,963090.3329792129,928586.4176049416,581353.2854082682,1.6566352287883974
2800,1000,1170943.1655549984,1207593.3478639156,717703.9504734329,1.6315127773542093
3500,1000,1156096.1047543446,961805.1506628434,588972.9477771654,1.9629018771024216
2800,1000,1057956.5971951014,1193279.4093187486,726691.6067603353,1.4558536074354553
3500,1000,924031.0328594651,857341.8031649956,546521.9182768414,1.690748352367811
2800,1000,1202003.5435436585,1236633.1189494887,736216.1847214568,1.6326774234098502
2800,1000,962240.1086804338,1081409.8424372012,683152.3978460518,1.4085292120972315
