P,n,Paper,Min Time,Time opt,mast
4600,100,10637.310811162255,68260.71180752321,44108.13649454799,0.24116436686181666
1400,200,8321.319670106166,351269.88505333604,288337.9450347595,0.028859606629654727
700,500,0,1701660.6839484929,1459274.090875474,0.0
800,400,0,1150523.5813315583,988161.6986101781,0.0
3700,400,10767.544328463737,370110.39795211406,213656.58348328175,0.05039650149280927
1400,200,0,449536.64585027896,306749.983326419,0.0
1400,200,54407.52177217454,438048.6670461178,290127.9174362408,0.18752942582346033
800,400,20917.526689184197,1136821.720545706,951603.3488513668,0.021981350438113428
700,500,0,1632726.8471598753,1426432.1914882888,0.0
4600,100,57983.5547058457,91508.35496608575,82739.16147748545,0.7007993998298361
1400,200,0,477837.155085422,293478.8389093352,0.0
4300,500,8397.590111466117,345467.4719232512,237556.24735182134,0.03534990220244247
4800,100,10637.310811162255,73940.44139680227,42511.79157511906,0.2502202428322962
800,400,22922.33549935797,1161937.1399845174,988474.3660414555,0.023189610461174702
1400,200,52949.859703638416,393835.03163345845,254096.81361255306,0.20838458755479078
3900,600,7238.451994239771,482195.2819525928,311827.93967793765,0.0232129680288296
700,500,0,1575926.0745018728,1395654.3892945878,0.0
3700,400,20080.345240725746,361942.9610626856,205752.07542732256,0.09759486118923107
1400,200,0,369525.4071382941,276147.8757120343,0.0
1300,400,0,843425.6777688751,608099.5068370326,0.0
2200,300,22596.291007034677,455110.82720272726,285536.151295216,0.07913635770649706
4800,100,57983.5547058457,86161.50168128758,82739.16147748545,0.7007993998298361
800,400,0,1136669.6455885347,975924.3209956071,0.0
4600,100,77938.11439889878,76672.76019064407,54290.25884700422,1.4355819267418997
1700,900,10758.06552467365,1451539.7743324786,1059194.4874390557,0.010156836777620267
1600,900,12735.65109906219,1551425.7610397923,1125394.1429039966,0.011316613987521547
1400,200,0,355185.3443120446,282060.48737357726,0.0
700,500,57131.553713523615,1770057.9199080928,1489679.505004374,0.03835157396043779
2500,300,22596.291007034677,414090.5451208373,251271.81313979006,0.08992767921192849
4300,500,19317.144807107106,351497.85880693543,232209.8916376284,0.08318829430940944
1400,200,5007.670929544319,443727.61275625514,309511.3066876658,0.016179282699347916
3700,400,22922.33549935797,372653.8091323919,213724.1872522066,0.107251948382933
4800,100,77938.11439889878,69133.41196293493,54290.25884700422,1.4355819267418997
800,400,24169.867246945985,1224320.272061971,1038097.7632348454,0.02328284300664476
1400,200,0,390394.8253024149,286505.0872378717,0.0
700,500,0,1667442.7516759255,1418492.0489823662,0.0
5000,1000,45353.71342736436,547188.253811653,409384.9153516244,0.11078501363053313
1400,200,22566.67935407699,427837.8663283322,303859.18084916956,0.07426689985476759
4600,100,6881.239627072707,89848.05173418937,70156.3045836674,0.09808440834944833
3900,600,17300.89366834403,502115.9974910684,313626.70653439104,0.05516396820768477
4800,100,6881.239627072707,88406.50528958795,70156.3045836674,0.09808440834944833
800,400,0,1164613.3775750857,1025229.1709103095,0.0
3700,400,8408.96180874989,389768.3031342412,211010.6639990502,0.039850885492629606
700,500,0,1625246.4369692565,1407343.8203771817,0.0
4300,500,9063.95521004553,342401.6084094023,227199.55174563057,0.039894247767677846
2200,300,11247.993420197958,439541.34962483984,271109.03115785,0.04148881862090735
800,400,38196.14028701521,1120486.6269884496,955514.1354240078,0.039974437709459666
1100,700,0,1658597.2358590355,1295674.045201925,0.0
1300,400,19921.453989699232,784849.4853783771,585602.0608316103,0.034018756630413635
700,500,54682.97303514246,1670102.5705531565,1475743.877332971,0.03705451459095187
1600,900,27959.54175125198,1634392.102621355,1157219.3767807884,0.02416096922696823
4700,500,8397.590111466117,328686.86101598095,218726.61253679788,0.03839308812983758
4600,100,9861.69413379855,65847.4821549297,45396.48680868112,0.21723474275354518
1700,900,27959.54175125198,1586876.1510954737,1089147.6487348597,0.025671029803653746
3700,400,24169.867246945985,426449.2669632874,224453.57042915575,0.10768314890573201
800,400,0,1149366.958564549,969492.7621068802,0.0
4800,100,9861.69413379855,67233.54480614213,43958.40781420668,0.22434147695884932
2500,300,11247.993420197958,411618.50597607886,238575.94741890798,0.04714638479648563
500,900,0,3847671.8536277404,3601261.257292789,0.0
700,500,0,1656168.8031657364,1462260.5098249777,0.0
800,400,0,1174623.9783401983,999086.7108923885,0.0
2000,700,0,1090451.0756054055,712620.7248610589,0.0
4300,500,50087.937502267276,363922.0903228645,242505.96593094463,0.20654311455797417
3900,600,9139.991839554046,505162.0809005992,296948.07962872845,0.030779764095399093
4600,100,12967.147757479688,85619.55250461418,67742.26274582943,0.19141887548298664
700,500,0,1648699.519564114,1402424.5350582604,0.0
800,400,55265.023369268616,1235268.1126961797,1043644.2396499494,0.05295389105755536
3700,400,11391.009459891866,380941.13010503334,221671.17208871557,0.051386968149981366
700,1000,45353.71342736436,3294370.4142045416,2924177.9667973174,0.015509901908274637
4800,100,12967.147757479688,83416.86986587255,67742.26274582943,0.19141887548298664
4700,500,19317.144807107106,307244.46334921377,212447.34766846854,0.09092674029168009
800,300,0,914671.7482614038,785224.416061844,0.0
4600,100,74781.96486586562,125445.94918763879,96621.71431835281,0.7739664462945796
2200,300,0,473492.1558074959,287310.26703053585,0.0
700,500,77416.64199583024,1780105.895578099,1438059.9114206133,0.05383408673102696
4400,700,1519.8610127429386,456841.63380366843,323918.5113004813,0.004692109156222466
5000,1000,32785.350020067905,540797.7195528429,393070.97185198776,0.0834082198072193
800,300,19746.46210829913,898042.7602165337,745549.8356840875,0.02648577085417844
2500,300,0,416709.4287146765,252833.03498687153,0.0
4300,500,25002.704552452313,334711.03591039224,230917.31029945496,0.10827557501007029
3700,400,38196.14028701521,339930.9177209126,206597.65090248818,0.18488177440625095
1700,900,28090.026090432348,1617728.2612285297,1069278.5930880045,0.0262700724320219
1300,400,22922.33549935797,775674.3810957994,608291.9175639726,0.03768311699940889
3900,600,42344.93258939453,617041.4890457309,321462.6423128772,0.13172582756344212
800,300,0,932491.3860457293,790103.2343339735,0.0
1600,900,28090.026090432348,1657081.2387513781,1136108.5051560048,0.02472477405366767
4800,100,74781.96486586562,119201.97686589154,96621.71431835281,0.7739664462945796
4600,100,32945.49333530816,67941.94173815657,50459.111537190256,0.6529146536998792
4700,500,9063.95521004553,299943.6178971821,207863.41968217265,0.04360534058327578
800,300,0,892012.6559273173,744009.8850900114,0.0
800,300,0,895598.7902454188,756642.653966138,0.0
1400,700,0,1335533.1409228607,1018029.6069443697,0.0
3700,400,19023.872233730814,341682.8902824944,209620.0566717579,0.09075406492957933
4600,100,8768.437801708616,69720.56350411123,54138.05797390288,0.1619643949167039
4800,100,32945.49333530816,65530.7919277124,50459.111537190256,0.6529146536998792
3800,800,11626.881101480629,735511.8618089278,429908.43101980514,0.027045017642245307
800,300,0,820060.3076381258,683057.2983495939,0.0
4300,500,10224.235923577853,323003.0496540363,229102.4823869831,0.04462734675352764
2200,300,9454.21081173589,462353.02434810554,270549.0491236405,0.034944535352683236
1300,400,0,821998.0599926343,600568.8129203736,0.0
800,300,0,880346.3140905898,748341.5071066606,0.0
4700,500,50087.937502267276,341043.58003464254,237834.46181356232,0.21059999934547355
3900,600,11854.413592623467,515772.73854624457,321599.2340352436,0.03686082657561417
3700,400,14161.013097406088,377852.48230789177,216018.74830105697,0.06555455583730369
800,300,0,892516.1643148246,758226.370499385,0.0
4800,100,8768.437801708616,68408.62964487808,54138.05797390288,0.1619643949167039
2500,300,13640.355534252147,439110.53215198504,238083.16322880363,0.05729239879572432
1600,900,35318.75029250553,1616709.165149562,1133854.663680525,0.031149274615019748
800,300,0,877664.2019571279,755614.3267904484,0.0
4600,100,47290.783852739885,102960.00481808036,100419.32952364009,0.47093307709853793
1400,700,51782.85906724854,1369972.9926449922,1010002.5226534584,0.05127002943636779
1700,900,35318.75029250553,1631028.1281610485,1067157.3305228471,0.03309610427845848
4300,500,22964.237086399186,344590.88251269044,240237.37537978595,0.09558977677846976
1100,700,51782.85906724854,1669280.7853336222,1285457.7561044018,0.04028359455714611
800,300,0,909103.7728075844,773424.0799985784,0.0
5000,1000,12463.666509159895,530474.3653518409,394722.78004600474,0.03157574667392457
3700,400,55265.023369268616,414342.6088741431,225652.80857296204,0.24491174614119351
4700,500,25002.704552452313,299540.71282505087,211264.77325269283,0.11834772152263498
3900,600,36484.28997940592,522825.6407819223,315394.85998267075,0.1156781374985329
500,900,0,4030226.16015374,3703102.005698523,0.0
1400,700,41124.43234388585,1367722.0885790063,1010496.901991509,0.0406972374312449
3400,300,22596.291007034677,340085.9133482098,184758.68613219858,0.12230164372822273
4800,100,47290.783852739885,106051.2339846001,100419.32952364009,0.47093307709853793
400,900,0,4701834.2784194555,4501576.5716159865,0.0
4300,500,9463.252965994488,345294.68283882464,238042.40857615919,0.039754483340168435
4700,500,10224.235923577853,293827.4105338105,209604.39877958025,0.048778727846879054
1300,400,24169.867246945985,868130.8759915718,638829.3927599048,0.037834619885797734
2200,300,13135.63079640014,461483.2226992287,275142.78326041385,0.0477411424015715
1600,900,5398.463373659721,1556498.3426313573,1113861.7386106867,0.004846618917347132
3400,300,11247.993420197958,326151.16056581767,175423.49074919705,0.06411908332322044
1700,900,5398.463373659721,1445853.2356946212,1048340.4598688817,0.005149532599681327
2000,700,51782.85906724854,1070268.0747242086,707001.765857421,0.07324289919481111
2500,300,13135.63079640014,427831.7404486651,242125.6492691642,0.054251298183603976
3900,600,10516.982614719738,480467.0623675467,310961.5915971543,0.033820841219337205
1400,700,30292.30375731228,1351369.1024372191,984293.4975599275,0.03077568208304451
4700,500,22964.237086399186,301967.79203674366,219791.64130491056,0.10448184903693206
400,900,0,4902888.679582946,4628877.507123154,0.0
700,1000,58864.6057178492,3312704.9559316053,2807649.7989427694,0.02096579343336013
3400,300,0,323141.38640849304,185906.64337269965,0.0
4300,500,19642.388650516023,346438.09762873314,228301.66849785636,0.08603699123075158
200,500,0,5163874.915286067,5107459.31806416,0.0
5000,1000,5256.591929537957,549171.1790093959,386508.2907971662,0.013600204846049574
1600,900,33385.70302994257,1581728.5894532646,1103893.1243865474,0.03024360084541299
2200,300,29428.914581637913,423941.12730731006,248384.47212712505,0.11848129768182922
3400,300,11469.2262796653,345309.9105291895,175061.14943294384,0.06551554309346358
2500,300,29428.914581637913,396575.42338948156,218578.33547187003,0.13463783827480594
4400,700,51782.85906724854,433748.0362068524,321364.43902610044,0.16113437822858445
200,500,0,5048181.901705075,4992512.670209011,0.0
400,900,0,4807143.043157827,4544434.020624019,0.0
4700,500,9463.252965994488,297492.0207399758,217783.4801866988,0.04345257481367248
1100,700,41124.43234388585,1642372.8675441502,1286086.9661710116,0.031976400838835274
1400,700,47528.84571779319,1422746.916603212,1028409.225551437,0.04621588812790749
3900,600,17456.85657404914,528175.6957479224,306273.2891359544,0.05699764619793553
1300,400,18574.14265943879,827856.1599702012,630910.259021729,0.02944022924629457
4300,500,77416.64199583024,383330.26763091085,288145.1780149138,0.26867234957450276
1700,900,33385.70302994257,1532481.5497102828,1038958.2347167504,0.0321338258982513
3400,300,10460.738706951384,355729.8665881216,178033.5656390913,0.05875711509456221
3400,300,29428.914581637913,317007.08966220816,160719.3643175515,0.18310746005373607
4700,500,19642.388650516023,317291.8193298842,208871.73926399625,0.09404043227547265
400,900,0,4793600.57310319,4535418.6547221,0.0
200,500,0,4925259.018864899,4884790.362531057,0.0
1400,700,32503.61864345787,1406274.3221909176,1023873.0529480547,0.03174575065714413
3900,600,20147.24899498684,512920.6397154161,310929.9516514588,0.06479674565919971
500,900,0,3961306.0637960676,3635547.2164992155,0.0
2200,300,0,443024.04170691513,272124.18440242205,0.0
3400,300,0,312678.0830554238,176080.3546133319,0.0
1600,900,17153.509809631636,1602510.8892788885,1125791.3703514764,0.015236846063472883
1300,900,0,1779939.3062884156,1385100.4835741497,0.0
2500,300,0,410548.8246614113,239469.2822741314,0.0
5000,1000,17383.297942359008,567156.6445847196,403514.1402599406,0.04307977393595383
3400,300,9873.827003939745,327150.19917021773,178406.2048233847,0.055344639014738614
1700,900,17153.509809631636,1486544.2150491367,1059568.3485660953,0.01618914894243994
200,500,0,5285778.545828539,5213878.267515309,0.0
4700,500,77416.64199583024,351295.7887885255,288145.1780149138,0.26867234957450276
1300,400,38196.14028701521,795676.4506259157,588008.6987224664,0.06495846127787196
400,900,0,4690003.622586669,4455446.954442747,0.0
1400,700,70396.76072837686,1439165.6236974504,1035040.651628332,0.06801352257771544
3400,300,18101.571424040765,303520.8435546167,177791.60630363494,0.10181341965675621
3800,800,19491.38569806312,700341.6980016901,432274.91449399566,0.045090254013187385
1100,1000,45353.71342736436,2333832.0683470513,1860840.5243255657,0.024372702998717286
2000,700,41124.43234388585,1091482.151469141,707347.8313940563,0.05813891061606414
3900,600,25685.477753953637,449862.9419347505,298749.6734827935,0.08597658854155364
2200,300,0,461848.1846744853,275718.68018159457,0.0
200,500,0,4999904.754920537,4964722.171438281,0.0
3400,300,16423.937491676206,316818.9696349819,181982.13647025375,0.09025027296764819
2500,300,0,408567.28780548583,242632.4385598032,0.0
1300,900,29043.244919905163,1886821.3578060635,1424270.0021917396,0.020391670733226095
400,900,0,4671013.11389385,4415572.497546189,0.0
1400,700,41205.97832777563,1283897.1592427965,938747.7025393969,0.04389462495227392
1600,900,0,1500971.9458569735,1095603.8115445036,0.0
1100,700,0,1557060.2194692807,1252737.178712635,0.0
3400,700,1519.8610127429386,736747.9579431654,419188.66168297577,0.003625720711626451
3600,500,8397.590111466117,524161.3266525553,283747.73989245325,0.029595266960184396
1700,900,0,1433955.7231993345,1031156.5285124739,0.0
5000,300,22596.291007034677,195467.72631653174,142348.1066563424,0.15873966670724163
1300,400,14421.41431370927,822338.2796344811,596610.9305273109,0.024172226112188375
200,500,0,4962861.119628381,4925703.371320136,0.0
400,900,0,4739654.602859839,4503165.481405905,0.0
1400,700,7985.116973434096,1279080.9401452674,968155.0522118494,0.008247766672488336
5000,300,11247.993420197958,197803.4418156307,148288.0517849619,0.07585232447796332
5000,1000,19976.894825143478,549923.6702025015,403038.7245145491,0.04956569582539541
2200,300,18101.571424040765,414016.3071001155,274768.8461056176,0.06587927154260696
700,1000,0,3303197.3293730323,2819448.4289000337,0.0
3600,500,19317.144807107106,468917.0647148404,277361.81501161173,0.06964601384043581
2500,300,18101.571424040765,390144.763496449,241796.5845729435,0.07486280857114427
4400,700,41124.43234388585,454625.6603247118,321521.7415427529,0.1279056033553411
3400,700,51782.85906724854,712040.1967640728,415883.39168083586,0.1245129286311789
5000,300,1040.641209115024,180517.6370017001,143441.4983667211,0.007254812735255533
1300,900,26644.07843342859,1917122.412494027,1398287.3909612368,0.019054794175832782
500,900,0,3954944.550541813,3628334.9237776804,0.0
200,500,0,5210324.77249269,5165103.570665399,0.0
1400,700,16868.346961462878,1326586.5878627067,982834.3111807432,0.017162961009366706
400,900,0,4543192.339120012,4382415.246178014,0.0
1600,900,36973.54781425388,1609492.2721720715,1112956.9258034066,0.03322100519529442
1700,900,36973.54781425388,1535161.848595547,1047488.8713443828,0.03529731802000032
5000,300,11469.2262796653,199978.75794116253,130823.99861272547,0.08766913105612466
3600,500,9063.95521004553,480413.38879000134,271377.2423628365,0.033399835340381455
1700,200,0,394188.98314075574,252617.6333276392,0.0
1300,400,0,821053.3556803574,614822.5913183929,0.0
1700,200,54407.52177217454,370685.2029785706,238928.87318278657,0.22771430278563037
5000,300,10460.738706951384,189093.58287298153,131967.49793690105,0.07926753837488897
2200,300,10714.11949663378,419642.27378505364,281245.11999948305,0.03809530809513592
200,500,0,5162644.296603689,5117911.784387422,0.0
400,900,0,4693474.001577426,4451827.7032136265,0.0
3400,700,41124.43234388585,740988.5925646301,416086.95964356256,0.09883614804730903
1700,200,19989.211401296798,426312.5035822851,241688.45557239366,0.08270652131048671
2500,300,16423.937491676206,396432.99222390587,247495.7055995451,0.06636049482915309
2000,700,23947.294186523894,1044981.3421077143,689005.4482919492,0.034756320499191196
1100,700,47528.84571779319,1665029.6382537254,1308884.4688836471,0.03631248352907017
5000,300,29428.914581637913,188801.4758614309,144863.04739585196,0.2031499068304191
1700,200,52949.859703638416,356628.0096077594,209256.19944563194,0.2530384277451031
1300,900,35318.75029250553,1925115.2159555722,1395513.4322221847,0.025308785624703543
3600,500,50087.937502267276,579357.7605809208,289659.9037508505,0.17291981683923419
1600,900,0,1611954.3493059275,1137773.163255673,0.0
1700,200,0,340937.3250346482,227415.89764520474,0.0
1700,900,20112.735814237887,1578175.9368125533,1070845.3301229863,0.018782110962680246
5000,1000,35545.21868299585,541930.760106184,401914.2122651224,0.0884398152597512
5000,300,7087.7796431555935,187494.18192757686,119734.6411370657,0.059195731292516166
400,900,0,4794448.615822179,4551092.653022692,0.0
200,500,0,4958987.305507326,4908485.872703912,0.0
1700,200,0,315062.2553437781,232285.10724882834,0.0
1400,100,0,199046.80144633306,144926.73419637198,0.0
1500,300,22596.291007034677,577720.4650379563,418786.3552329834,0.05395660752715709
1700,200,12973.359025561424,405010.2657886708,254891.66433101892,0.050897541351973656
5000,300,10813.999695963585,183654.143214234,123414.4751336362,0.08762343059235088
1400,100,46360.73588665589,228196.67731943203,141508.4952514703,0.32761804020507523
3400,700,32837.76459042831,704984.4763612191,405297.32252467604,0.08102141999329153
1400,100,77938.11439889878,244581.25770779673,145347.42006270273,0.5362194551872772
1500,300,9532.774810903027,573868.8811598498,397626.5790315133,0.023974189135247726
500,900,0,3871738.506256113,3564357.563554198,0.0
3600,500,25002.704552452313,482378.675076934,275817.8984132379,0.0906493186130821
1300,400,55265.023369268616,878311.4561100473,642242.6090153535,0.08605007296852746
1700,200,0,345241.08573255345,235945.36596060023,0.0
1400,100,0,235018.61790436326,145397.99961034767,0.0
1100,1000,32785.350020067905,2356725.4613712663,1786686.2356908533,0.018349808357588246
1400,100,0,186966.42659655784,149159.88522852366,0.0
5000,300,18101.571424040765,184072.90877835674,120898.29228647175,0.14972561714228855
1300,900,0,1871931.4403130617,1370906.755213153,0.0
1500,300,0,611880.1705542575,421388.3916447859,0.0
1700,200,22566.67935407699,376878.602104354,250236.97246402196,0.09018123553793209
1400,100,0,192415.85724615975,131769.40543605556,0.0
200,500,0,5156835.516338654,5033209.689972146,0.0
1500,300,10115.344434934204,581794.375401105,396805.27204800607,0.025491960786525124
1400,100,73383.29175993473,242947.03845870215,145479.3921411272,0.5044239646584912
700,1000,0,3188822.2603179202,2760773.5056940443,0.0
5000,300,16423.937491676206,189509.2064267326,123747.85279977255,0.13272098965830617
1400,100,32945.49333530816,179486.25373459051,142051.47497292983,0.23192644315440192
1500,300,0,569814.12320974,403542.7487819403,0.0
3800,800,18254.242969308172,673385.3353498956,430840.38203091547,0.04236892299477702
3600,500,10224.235923577853,448341.12831637275,273650.1872955631,0.03736242984016268
1400,100,0,201637.8374805839,134779.12549066052,0.0
4400,700,32837.76459042831,428904.2352474404,313184.29467815877,0.10485124940308316
4400,900,18238.737795383444,553301.7719975986,409234.23378327145,0.04456796692390743
1400,100,47290.783852739885,287992.8788760332,152346.24603351613,0.3104164696144592
1500,300,32042.696136376988,533286.7357396916,364297.2257864501,0.08795756285874194
200,700,0,7202037.298273295,7126207.248610589,0.0
3400,700,47528.84571779319,730704.7946489762,423462.6222858858,0.11223858545348962
900,300,0,837261.108087301,697977.258721639,0.0
5000,1000,23736.402076801376,540497.4642698219,406947.2997857877,0.05832795079189846
2600,600,8335.805934779635,795129.9961699051,467741.9095169065,0.017821379194755134
900,300,19746.46210829913,779374.4380375537,662710.9650525221,0.029796492210950747
400,1000,0,5330045.501266708,5117311.441895305,0.0
1100,700,32503.61864345787,1630605.784538685,1303111.1582975243,0.02494308980204181
1500,300,0,575770.5332360049,399115.47045688564,0.0
1300,900,33385.70302994257,1818739.5855402432,1358637.6915526737,0.02457292568689805
2000,700,47528.84571779319,1167189.0580489081,719886.4578860059,0.06602269732558214
3600,500,22964.237086399186,477987.410195751,286950.1983702999,0.08002865032616073
900,300,0,847812.6133081467,702313.9860746431,0.0
1500,300,0,559916.1561584868,404387.397599672,0.0
900,300,0,803142.9530238374,661342.1200800102,0.0
3700,800,11626.881101480629,762029.74319242,441527.5778041242,0.0263333066516599
500,900,0,3802556.381890338,3532457.9980369518,0.0
2600,600,17300.89366834403,832745.0694035157,470440.0598015866,0.03677597880512318
1500,300,0,549856.0388210816,402994.3076215725,0.0
900,300,0,834460.3590136509,672571.2479699005,0.0
3800,700,1519.8610127429386,653969.3957256323,375063.5394005573,0.004052276089464857
3400,700,32503.61864345787,675636.1992040651,421594.7865080226,0.07709682302449287
900,300,0,765701.2782785235,607162.0429774168,0.0
3600,500,9463.252965994488,538324.5960817153,284328.4324659679,0.033282823261536365
4400,900,27959.54175125198,609312.1036534879,420807.0461021049,0.06644266537416263
1500,300,0,572598.7929787381,412492.8426659085,0.0
900,300,0,770697.2685165349,665192.4507614761,0.0
1300,900,17153.509809631636,1793668.0031336672,1385589.3788941249,0.012379937426571718
200,700,0,7152082.925049241,7070017.65857421,0.0
2300,600,8335.805934779635,850843.4116487846,528751.7238017203,0.015765066210744926
2700,300,22596.291007034677,382429.2810414904,232659.08624054634,0.09712189354888277
900,300,0,831646.0696710226,673978.9959994534,0.0
2600,600,4877.146828613132,824937.1788020026,445422.1194430927,0.010949494009662082
5000,1000,9482.858057806652,538412.9881141922,412281.06344401586,0.023000954685114566
900,300,0,778799.4324437727,671657.1793692874,0.0
2700,300,11247.993420197958,383620.27228204015,220903.65501750738,0.05091809558020448
3600,500,19642.388650516023,513933.582476791,272693.65959466173,0.07203096940248971
3700,800,19491.38569806312,745059.9409624219,443958.0202911307,0.0439036683812614
900,300,0,823118.8496299476,687488.0711098475,0.0
3400,700,60154.13904807664,730671.4304289792,426193.20949401904,0.14114288474819262
2700,300,0,435311.43390859506,234104.66202488105,0.0
2500,200,8321.319670106166,222476.44489321258,161469.24921946533,0.051535011838669154
1100,1000,9747.291752523013,2338169.2752032047,1794194.454754567,0.005432684136712692
2600,600,42344.93258939453,879559.179127724,482193.9634693158,0.08781721837562807
2500,200,19823.248725149642,288187.3719916248,171779.99066279465,0.11539905578445875
1100,700,70396.76072837686,1727376.2113965787,1317324.4657087862,0.05343919631106213
2700,300,13640.355534252147,386121.6420944816,220447.37336000337,0.06187579069938227
1300,900,0,1748283.5455395498,1348435.4603624658,0.0
3600,500,77416.64199583024,561121.5873753682,288145.1780149138,0.26867234957450276
4400,900,29784.29341510324,554497.7654199738,413130.3655112745,0.07209417632190586
1 0 2 9 2 4 8 " ,   a l p h a = " 0 . 1 7 " ]  
     8 9 1   [ s i z e = " 1 3 4 2 12500,200,54407.52177217454,326473.0867833972,162471.63376429485,0.3348739746847506
500,900,0,3936314.9429494184,3602532.3851247244,0.0
200,700,0,7136042.290103929,7073478.313940563,0.0
2000,700,32503.61864345787,1109865.7484704126,716711.1370636383,0.04535107236734875
2700,300,13135.63079640014,360904.06374201947,224190.41598996683,0.0585914020382923
2500,200,19620.020928341466,399698.7624887463,164348.1497892277,0.11938084458817237
700,1000,0,3354004.991566024,2882243.8589995755,0.0
4000,300,22596.291007034677,268075.16828840075,157044.8832123688,0.14388428673908557
3800,800,7808.367956960965,672257.207267767,409304.9448653363,0.019077140540117256
3400,700,41205.97832777563,672891.2359711626,386543.17163386935,0.10660123202695095
3700,800,18254.242969308172,754301.8266792092,442484.71668039967,0.041253951337019736
4400,700,47528.84571779319,443610.8229014572,327221.1172209118,0.14524993411628068
400,1000,0,5253555.406509268,4913387.148149847,0.0
2600,600,14225.29631114816,781201.5274337414,482398.8510528653,0.029488661260491336
5000,1000,11187.924161376039,502020.09723343846,382565.342793789,0.029244479072968645
2500,200,52949.859703638416,295897.7832460541,142294.2156230297,0.37211533491926924
2700,300,29428.914581637913,384068.67990205414,202387.34765913893,0.1454088653367904
3700,100,10637.310811162255,86516.24382327593,54837.142668897504,0.19398003421493948
4000,300,11247.993420197958,248910.12142182692,149109.9671368175,0.075434215674377
2500,200,16637.096855504777,275458.4785470564,154642.8103987392,0.10758403066141133
3700,100,57983.5547058457,108569.56091299668,82739.16147748545,0.7007993998298361
1300,900,36973.54781425388,1784372.8378724714,1369793.1394503466,0.026992066721176718
2700,300,0,369967.5448579625,221730.81692049204,0.0
3700,100,77938.11439889878,144713.30458605758,54996.32110480643,1.4171514172806612
2500,200,15380.094660168052,237031.94501764758,157953.87292920327,0.09737079803710534
2300,600,17300.89366834403,918002.6801526156,531801.8067322284,0.032532596635301274
4000,300,0,267007.4035976937,158020.6468667947,0.0
3700,100,6881.239627072707,123984.2324939703,70156.3045836674,0.09808440834944833
2500,200,15979.02918029335,301361.75398226443,173326.33174509287,0.09219043072920592
2700,300,409.6748871656334,372603.60125913506,224659.66533315112,0.001823535553469825
2600,600,36484.28997940592,736210.0885822142,473092.2899740061,0.07711875833235526
200,700,0,6946873.273667817,6890054.482919493,0.0
3700,100,9861.69413379855,94296.8995331972,56438.87549187383,0.1747322930843733
2500,200,0,251852.5615177724,160442.84885320815,0.0
3400,700,20418.78907102358,653601.1876946643,398652.0803225262,0.05121957235116878
4000,300,11469.2262796653,277819.2720671137,148801.97701800228,0.07707710952172185
3700,100,12967.147757479688,99775.62091009237,67742.26274582943,0.19141887548298664
4400,900,35318.75029250553,566939.3512373405,412310.7867929182,0.08566050519130429
3700,100,74781.96486586562,168696.78629066778,96621.71431835281,0.7739664462945796
3700,800,7808.367956960965,716294.8650463652,420367.24067250756,0.018575110525903642
2700,300,18101.571424040765,355848.0355333475,223885.72645642917,0.08085183325683581
2500,200,22566.67935407699,319130.42599874485,170161.14127553493,0.13261946402637073
1100,700,41205.97832777563,1500783.915057915,1194769.8032319597,0.034488633891072366
3700,100,32945.49333530816,95217.64605640854,53749.206746514,0.6129484569080621
1300,900,0,1889435.1549000707,1400336.200930059,0.0
4000,300,10460.738706951384,240983.949293079,151328.5307932276,0.06912601775830848
3700,100,1571.7572327089167,132003.07526925683,54138.05797390288,0.029032390365139778
3800,700,51782.85906724854,624492.0817889193,372106.19255653734,0.13916150847014114
2700,300,16423.937491676206,375494.53862346354,229162.69036994915,0.07166933441548533
3700,100,47290.783852739885,145393.74701440512,100431.59248451471,0.47087557493456583
2600,600,10516.982614719738,785718.5092418201,466442.38739573146,0.022547227479558136
1100,1000,0,2312469.259348265,1756855.8672598463,0.0
500,900,0,3731885.9993259334,3505932.1969424114,0.0
4000,300,29428.914581637913,247407.0280793835,144863.04739585196,0.2031499068304191
200,700,0,7275734.418451,7198864.578860058,0.0
800,500,0,1537794.4664053093,1276864.8295160397,0.0
3400,700,16868.346961462878,657704.2382066416,404696.48107442365,0.04168147673703343
1000,100,0,234057.02322647558,202897.42787492074,0.0
800,500,0,1453074.8180637662,1248128.1675522528,0.0
3500,600,5033.441922279077,569301.372884609,347465.41849827336,0.01448616654869811
1200,700,0,1538196.8797030444,1187701.2081017648,0.0
1000,100,37380.91231404779,283876.04850797873,198111.89335205845,0.18868585667201382
4000,300,7087.7796431555935,238573.903293238,149668.30142133211,0.04735658503401294
1000,100,77938.11439889878,279411.94814769627,203486.38808778382,0.3830138965623408
2600,600,17456.85657404914,781263.1790937958,459409.9337039316,0.03799843079862369
1000,100,0,288057.0282679308,203557.19945448675,0.0
400,1000,0,5299113.684868499,4934034.750575059,0.0
4400,900,18905.139969839598,540973.9233606413,405040.6322220679,0.04667467524461756
2000,700,60154.13904807664,1135716.2096494483,724528.4561398324,0.08302522632246624
3700,800,23655.621023658136,721339.8168117504,424516.17485243804,0.0557237213208209
1000,100,0,246280.37011102712,208823.83931993315,0.0
800,500,0,1409700.3092907008,1221197.5906327642,0.0
3100,900,18238.737795383444,943543.3364284736,580848.5898859337,0.03140015851457115
4000,300,10813.999695963585,229236.53264183903,151645.274099877,0.07131115532714354
1000,100,0,246350.96726772576,184477.16761047777,0.0
1000,100,73383.29175993473,291097.88467968756,203671.14899757807,0.3603028318989223
2300,600,0,925652.6389520486,503520.656761757,0.0
1200,700,51782.85906724854,1512635.1011692486,1178336.2764290348,0.04394573951688668
1000,100,32945.49333530816,230770.2317900928,198872.06496210178,0.16566174511028708
800,500,50087.937502267276,1563922.7312082914,1303469.5668788273,0.038426625964274264
4000,300,18101.571424040765,236911.60488899707,151122.86535808968,0.11978049371383084
700,1000,0,3264311.1775064073,2878848.032246779,0.0
1000,100,0,240197.05547330034,188690.77568692472,0.0
4400,700,32503.61864345787,441967.9631153946,325777.7895743811,0.09977235920816724
1000,100,47290.783852739885,312268.4166326802,213284.7444469226,0.2217260497246137
3500,600,17300.89366834403,670112.4446462691,349469.75870975,0.0495061253145889
400,100,0,528687.1928203738,507243.5696873019,0.0
2600,600,20147.24899498684,791211.1471196351,466394.9274771882,0.04319783043946648
1100,700,7985.116973434096,1532845.8149943354,1232197.3391787175,0.006480388099812263
400,100,0,554063.9792593489,495279.7333801461,0.0
200,700,0,7212462.665522061,7167111.370636383,0.0
800,500,0,1472560.296858023,1241180.5428595704,0.0
400,100,0,562520.79933606,508715.97021945956,0.0
400,100,0,567716.7085926993,508892.9986362169,0.0
4000,300,16423.937491676206,238051.7855834767,154684.81599971568,0.10617679172664495
400,100,0,532660.5420419835,522059.59829983284,0.0
400,100,0,497381.57141198555,461192.91902619443,0.0
1200,700,41124.43234388585,1520405.2020903726,1178913.0523234273,0.03488334636963848
400,100,0,565000.9679329498,509177.8724939453,0.0
800,500,0,1429779.129528028,1231425.842830034,0.0
400,100,0,513482.65219668613,497180.1624052545,0.0
3700,800,67047.92976735103,763038.3162884564,434362.44249678566,0.1543594086586968
400,100,0,505863.1287362887,471726.9392173118,0.0
400,100,0,590036.8991119396,533211.8611173065,0.0
2600,600,25685.477753953637,704010.8257151293,448124.5102241902,0.057317725694369104
3500,600,9139.991839554046,634662.7803368239,330885.0030148689,0.027622865213819695
4400,900,33385.70302994257,556489.1752076471,401415.6815951081,0.08316990232488572
800,500,54682.97303514246,1543904.8648595545,1291275.8926663497,0.042348016675373565
3800,800,23655.621023658136,709135.1306718925,413344.69656684756,0.05722976784300525
3100,900,27959.54175125198,1032210.2591690194,597274.5170481489,0.04681187787725094
1300,300,0,639188.0093159234,483215.02526882704,0.0
500,900,33631.84603660729,3863033.6125652576,3561462.162570901,0.009443269225224501
1200,700,30292.30375731228,1481963.1315352193,1148342.4138199154,0.02637915607118101
800,500,0,1475232.8521709596,1279477.9460968554,0.0
1300,300,19746.46210829913,617165.0170746421,458799.8988825153,0.04303937763803997
1300,700,0,1446296.2251745402,1096339.5767093212,0.0
1300,300,0,669689.4438629348,486217.37497475295,0.0
4800,900,18238.737795383444,494410.8968027338,375131.3809679989,0.048619600280626285
800,500,23264.367036048512,1468057.5439879342,1227121.468175978,0.01895848751683011
3500,600,42344.93258939453,684421.2286293624,358201.23000577744,0.11821548627488394
200,700,0,7309588.173722194,7245284.561398324,0.0
1200,700,47528.84571779319,1552116.5730619745,1199810.7631433432,0.03961361839534928
1300,300,0,631249.7827239779,457852.23697846854,0.0
3800,700,41124.43234388585,574156.5425326455,372288.3323126612,0.11046393017052186
2300,600,42344.93258939453,1016605.1850013025,545088.8282696613,0.07768446240920945
3700,800,12622.610234339458,746543.0600858061,432590.9221668369,0.029179091810602784
800,500,77416.64199583024,1633132.112553044,1258302.4224930366,0.0615246705497451
2000,700,41205.97832777563,1027264.1967840726,657123.3917775779,0.06270660707467703
1300,300,0,626785.6461706709,465626.2485945465,0.0
1100,1000,0,2412234.5420000385,1834155.1829997299,0.0
1300,700,51782.85906724854,1482172.7763110579,1087695.024396032,0.047607884476627234
3100,900,26644.07843342859,1008570.8415635591,586378.5833063251,0.04543835534237047
4400,900,17153.509809631636,549236.6810670646,409378.6801278096,0.04190132667455043
1100,700,16868.346961462878,1510796.947164942,1250880.032411855,0.013485183650216696
3500,600,11854.413592623467,567489.6465208044,358353.43221069995,0.03308022897811528
1300,300,0,578553.0256725813,420342.9528305193,0.0
1200,700,32503.61864345787,1518230.8435650535,1194518.5617727304,0.027210643420409252
400,1000,0,5159663.491392817,4831353.634964578,0.0
4900,500,8397.590111466117,319284.8847326508,218726.61253679788,0.03839308812983758
1300,300,0,597637.4547922275,460517.85052717576,0.0
200,700,0,6637532.109757216,6571233.917775779,0.0
1300,300,0,614581.4804412734,466600.8433842369,0.0
1300,700,41124.43234388585,1470064.2219318794,1088227.4329139327,0.0377902919004417
700,1000,35545.21868299585,3259786.041988971,2870815.8018937316,0.012381574136365167
3500,600,36484.28997940592,575260.66713774,351439.98683783313,0.10381371313970901
1200,700,70396.76072837686,1632848.1318087908,1207547.4268997207,0.058297305066613236
3700,800,33437.38749354134,778742.6296092562,443068.55868467834,0.07546775061811135
1300,300,0,612253.024768775,464993.4318710452,0.0
4800,900,27959.54175125198,537266.1100522699,385739.7922602628,0.07248290768090468
4400,700,65829.11892080132,463561.7785236109,329331.11642719654,0.19988733416677867
4900,500,19317.144807107106,285319.46257190517,204121.41780085766,0.09463556061497208
700,600,0,1967130.270605457,1737327.092491367,0.0
1300,300,0,618796.246012764,475953.27999912517,0.0
3100,900,35318.75029250553,1057203.7224024043,585215.3102867226,0.06035171956660076
4400,900,21213.315663145004,523087.4515246428,398401.3860161831,0.05324608901406612
600,300,0,1155863.525608056,1046965.8880824585,0.0
500,900,0,3951268.734939099,3640874.122418153,0.0
1300,700,30292.30375731228,1396800.2844453636,1060008.3819876143,0.02857741907711276
600,300,0,1091573.149401312,994066.4475787833,0.0
1200,700,41205.97832777563,1479720.669168666,1095205.6529626297,0.03762396424480622
3500,600,10516.982614719738,615838.5143832851,346500.05920825765,0.030352036991712877
600,300,0,1173336.6577155804,1053470.9791119648,0.0
4900,500,9063.95521004553,298683.51908272697,199379.1984706554,0.045460886991074756
2300,600,13086.036162222686,838757.2676605084,545320.4403206304,0.02399696617740668
600,300,0,1100589.5943009194,992013.1801200152,0.0
200,700,0,6839138.586998802,6777085.365482945,0.0
600,300,0,1123812.6158560698,1008856.8719548507,0.0
3700,800,14677.055278196356,690365.6208939967,431236.20217219624,0.034034840313188
1200,700,7985.116973434096,1477994.3192873395,1129514.227580491,0.007069514290704287
2000,700,20418.78907102358,1004408.6523503127,677708.5365482946,0.03012916020656987
3800,800,67047.92976735103,759035.4753857835,422931.851904765,0.1585312845683913
600,300,0,1005920.280677733,910743.0644661252,0.0
700,600,0,2003227.4403001692,1747348.7935487502,0.0
1300,700,47528.84571779319,1491457.9994547593,1107517.627516932,0.042914753261628386
600,300,0,1101659.7998433993,997788.6761422141,0.0
4800,900,29784.29341510324,510513.7188794194,378702.83505200164,0.07864819235117003
600,300,0,1092258.2676446058,1010968.49399918,0.0
3500,600,17456.85657404914,570854.6844795769,341275.950751492,0.05115173376737804
4900,500,50087.937502267276,318278.0700673973,237834.46181356232,0.21059999934547355
600,300,0,1101454.9524747045,1007485.7690539312,0.0
3100,900,18905.139969839598,970459.4619384302,574896.381218419,0.03288443028598055
400,1000,0,5405245.683770367,5043926.753249257,0.0
4400,900,36973.54781425388,551167.5735394248,404711.609383057,0.09135776428705965
1200,700,16868.346961462878,1424436.3805870635,1146640.029710867,0.014711109436600034
600,300,0,1129837.7782726062,1031232.1066647712,0.0
100,800,0,16336520.378752599,16336520.378752597,0.0
3800,700,32837.76459042831,609200.0470260084,362634.446469447,0.09055335175720818
1300,700,32503.61864345787,1466724.3047658503,1102632.5185594435,0.029478197038776688
200,700,0,6934279.340879943,6879840.178265202,0.0
1100,200,8321.319670106166,424463.49050138716,366975.56640787574,0.02267540520901443
1100,200,0,509419.5387649435,390409.0696881697,0.0
3500,600,20147.24899498684,600271.629943417,346464.80326876836,0.05815092559158949
3700,800,49570.7779832791,701794.2207202361,436776.1070213418,0.11349242137197987
4900,500,25002.704552452313,284045.6026223441,205105.55517118043,0.12190164489491831
1100,200,54407.52177217454,519217.3747772815,369253.71310067014,0.14734454886129025
700,600,0,1938198.0843332552,1654425.0150743444,0.0
700,1000,0,3270023.8297780277,2906766.427041341,0.0
1100,200,0,565130.9036283132,373518.5222482448,0.0
1300,700,70396.76072837686,1492253.6609481624,1114659.16329205,0.06315541382216433
1100,200,52949.859703638416,462535.6926267593,323395.9445977948,0.16373074736447848
1100,1000,29507.156576588073,2298570.4244520073,1831994.2023388594,0.0161065774874817
2600,700,1519.8610127429386,992566.0662246491,548169.7883546606,0.002772609955949639
4800,900,35318.75029250553,523085.6026576613,377951.55456017505,0.09344782384505923
1100,200,0,442719.5040093084,351460.9327244073,0.0
4600,500,8397.590111466117,319173.92889603385,222063.44861148516,0.0378161744491245
4900,500,10224.235923577853,286836.35407835466,201049.11719674026,0.05085441839355475
3100,900,33385.70302994257,980815.5263354041,569751.2900059599,0.058596976637987665
1100,200,0,415615.9935673287,358986.0748390983,0.0
2300,600,36484.28997940592,793444.5687465658,534799.9799706156,0.06822044006323735
3500,600,25685.477753953637,555603.9787450412,332892.4933093985,0.07715847689626609
1100,200,7704.109122375876,517117.53496819997,393923.4812388474,0.019557374691519462
4400,900,20112.735814237887,576729.2331748918,413735.6957293356,0.04861252249164299
1300,700,41205.97832777563,1359476.399921031,1010959.0642731967,0.040759294598540066
1100,200,0,453051.1448329445,364642.83830274583,0.0
600,400,0,1440756.093674732,1317548.9314802375,0.0
1100,200,15089.74902391896,528754.8731065558,386729.8665353067,0.0390188354447699
4400,700,41205.97832777563,402898.28492134373,298692.4508079899,0.13795453556428947
100,800,0,16426446.750771862,16426446.75077184,0.0
4900,500,22964.237086399186,281873.3062814634,210820.55390471013,0.10892788516616321
600,400,0,1402496.3301184764,1268804.4651351557,0.0
4600,500,19317.144807107106,322033.41563720844,217065.76826995699,0.08899212879611243
2500,500,0,710407.5010719034,408596.74544513266,0.0
600,400,22922.33549935797,1444653.4762162988,1317965.8213886074,0.017392207845881028
2600,700,51782.85906724854,873913.4021766282,543847.512198016,0.09521576895325447
700,600,0,2169849.877969682,1791006.1500288872,0.0
1300,700,7985.116973434096,1349602.4334348538,1042628.517766607,0.007658640481596312
2900,500,8397.590111466117,606033.3529485912,352238.57365959714,0.023840631717926317
2000,700,16868.346961462878,982258.3606567176,687984.0178265203,0.02451851572766672
600,400,0,1427997.4056336945,1301232.4279941428,0.0
4800,900,18905.139969839598,494575.1487627707,371287.24620356224,0.050917827539582794
1100,600,0,1373208.3400500803,1105571.7861308698,0.0
4900,500,9463.252965994488,292187.0403616838,208894.35854642538,0.045301620550424505
3100,900,17153.509809631636,972011.4611966419,581053.6105039878,0.029521389247978716
600,400,31640.55348691111,1547698.4878285837,1384130.3509797938,0.022859518588342127
4600,500,9063.95521004553,312287.2664128433,212382.18967526336,0.0426775673793763
2500,500,19317.144807107106,649143.9293096318,399401.01361672085,0.04836528738919154
600,400,0,1518113.9329356155,1366972.2278804127,0.0
1700,100,0,160126.41625110293,119351.4281617181,0.0
400,1000,0,5292755.914989866,5037984.056431863,0.0
2900,500,19317.144807107106,621374.2916246166,344311.2186351042,0.05610373337146218
600,400,0,1406111.6691240845,1274018.8472320104,0.0
1300,700,16868.346961462878,1376228.9755216758,1058436.9505023388,0.015937035222983367
2600,700,41124.43234388585,935752.0867703023,544113.7164569664,0.0755805838008834
600,400,0,1472236.4521860962,1292657.016142507,0.0
4900,500,19642.388650516023,280309.5989465215,208283.00259983508,0.09430624873530404
2500,500,1942.121629477568,666820.9004742445,390783.2290024846,0.004969818265832539
4600,500,50087.937502267276,337784.75577306136,237834.46181356232,0.21059999934547355
400,500,0,2703028.2455421314,2553729.6590320794,0.0
1700,100,46360.73588665589,208127.25633442836,116536.407854152,0.3978219059633057
700,600,0,1995495.1757786763,1791767.1610535,0.0
100,800,0,16371934.51717478,16371934.517174788,0.0
600,400,0,1472750.348192701,1332115.6145231847,0.0
2900,500,1823.0643648352648,568816.6827659677,336882.0939676591,0.005411579889462098
400,500,0,2628184.84706104,2496256.3351045055,0.0
1700,100,77938.11439889878,227654.16304653522,119697.87534575518,0.6511236241559795
600,400,55265.023369268616,1543061.6280132916,1391525.6528665992,0.03971541829316652
3800,800,12622.610234339458,703854.7768174484,421206.9505308675,0.02996771591359205
400,500,0,2553872.7736490727,2442395.1812655283,0.0
4900,500,77416.64199583024,337455.076546002,288145.1780149138,0.26867234957450276
4600,500,25002.704552452313,302666.64871621627,215857.4857147079,0.1158296848944938
1800,200,8321.319670106166,286867.63821659726,224262.8461381463,0.03710520852384179
2500,500,50087.937502267276,758420.5292064927,417110.26140122476,0.12008320613835707
3100,900,21213.315663145004,939856.48425575,565472.9349907115,0.03751428998718295
3800,700,47528.84571779319,596845.8207786707,378887.6094136873,0.12544312491860604
4800,900,33385.70302994257,496488.751802695,367964.3747955158,0.09073080253623896
2600,700,34737.74415255305,849661.2367783751,530004.1909938072,0.06554239521656716
1700,100,0,195770.98695939,119739.52909087457,0.0
400,500,0,2779758.407974575,2606939.1337576546,0.0
1800,200,0,369946.148909861,238583.3203649926,0.0
2900,500,50087.937502267276,726068.4123533546,359577.81155278,0.1392965191204942
1100,600,0,1428134.6056208399,1111949.2322582956,0.0
1800,200,54407.52177217454,368498.9726651764,225655.04689485396,0.24110926177302042
700,1000,0,3380147.948487117,2944864.7388858274,0.0
400,500,0,2642074.36434491,2482361.0857191407,0.0
2300,600,10516.982614719738,829219.3566626894,527282.6987951747,0.01994562430883989
1700,100,0,164604.6963985999,122837.55254113715,0.0
4600,500,10224.235923577853,313653.13520288595,214161.01614435375,0.0477408825735412
1800,200,17590.50603314118,429707.60693024844,228261.31915170513,0.0770630175034182
100,800,0,15553587.904882796,15553587.90488278,0.0
2500,500,25002.704552452313,710886.0586151278,397177.77371506253,0.06295091570352924
400,500,0,2586912.96064243,2462851.685660068,0.0
700,600,6868.102365545244,1962056.3184186204,1757199.9341891657,0.003908549182090898
1100,1000,35545.21868299585,2309880.443024905,1826882.7830232836,0.019456759357145262
1800,200,52949.859703638416,342551.96470859996,197630.8550319857,0.2679230411418739
1700,100,0,178879.0613597189,108515.98094733986,0.0
400,500,0,2713258.8876052047,2582551.7853326993,0.0
2900,500,25002.704552452313,681925.8195500697,342394.6325129849,0.07302306221609392
1800,200,0,311851.71658086823,214781.68110936,0.0
2600,700,47528.84571779319,965277.7411371052,553758.813758466,0.08582950652325677
4600,500,22964.237086399186,318759.0199275749,224569.72046371296,0.10225883097231649
1800,200,0,306666.2181633306,219380.37906833788,0.0
400,500,0,2682740.24683215,2558955.892193711,0.0
1700,100,73383.29175993473,218906.40338287418,119806.55823386947,0.6125148142281678
2500,500,10224.235923577853,640757.7975601914,394056.2697056109,0.025946131833446306
1800,200,12973.359025561424,387655.36261601484,240731.01631262898,0.05389151437267799
4400,700,20418.78907102358,430090.4396078988,308049.33479467937,0.06628415245445371
3100,900,36973.54781425388,1003301.6686578221,574429.3810598229,0.06436569756588292
1800,200,0,328320.34812059155,222837.29007390022,0.0
4800,900,17153.509809631636,502021.15158917184,375263.7901171588,0.04571053819041865
2900,500,10224.235923577853,582154.339387364,339703.68078069907,0.03009751292679771
400,500,0,2617985.988250025,2454242.936351956,0.0
3300,1000,45353.71342736436,1051100.1144333722,620280.1747751886,0.07311810899615186
1700,100,32945.49333530816,170090.71622292456,116983.56762476575,0.28162496668748804
1100,600,0,1411316.4759547773,1052815.9186836737,0.0
1800,200,22566.67935407699,392369.1844042323,236334.91843824298,0.09548601409898691
400,500,0,2767214.759459192,2516604.844986073,0.0
4600,500,9463.252965994488,314353.5296791819,222517.90366901836,0.04252805194529647
1600,100,0,171172.69958537305,126810.89242182547,0.0
700,600,0,1928032.996526047,1732500.2960412884,0.0
2500,500,22964.237086399186,686675.0743696562,413208.28565323184,0.0555754516153894
2600,700,32503.61864345787,918685.6989533153,551316.2592797218,0.058956394077553376
1600,100,46360.73588665589,199031.56268667983,123819.93334503651,0.3744206173772288
100,800,0,15707098.469540235,15707098.469540207,0.0
200,600,0,6124762.532992426,6080644.823719784,0.0
1600,100,77938.11439889878,217957.07885762642,127178.99255486489,0.6128222344997453
400,1000,0,5299296.300750329,5023927.65331403,0.0
2900,500,22964.237086399186,641261.1086133003,356214.03935623437,0.0644675238738517
1700,100,0,184848.53777805917,110994.57393348514,0.0
1600,100,0,221206.62617922956,127223.24965905423,0.0
1600,100,0,174080.78748933284,130514.89957495821,0.0
1700,100,47290.783852739885,230527.12613772418,125461.61438054271,0.37693428453184324
1600,100,0,177297.51825235,115298.22975654861,0.0
200,600,0,6177834.807100559,6115720.777420626,0.0
4600,500,19642.388650516023,324794.903364307,213412.42924799616,0.09203957201429239
2500,500,9463.252965994488,688012.3488446916,409432.94275099377,0.023113071709400256
1600,100,73383.29175993473,222295.86439226405,127294.46812348631,0.5764845310382756
1600,100,32945.49333530816,178089.39805986005,124295.04060131362,0.2650587921764593
200,600,0,5869102.956302023,5790487.552760205,0.0
3100,900,20112.735814237887,1020139.7641479142,587237.7616803473,0.03424973175547574
2900,500,9463.252965994488,579154.1809931555,352959.43340602913,0.026811163182904295
1600,100,0,170553.24874535913,117931.73480432795,0.0
1600,100,47290.783852739885,278716.74338462146,133302.96527932663,0.3547616795593819
2300,600,17456.85657404914,890307.8147708663,519332.96853487915,0.03361399647570557
2600,700,60154.13904807664,917453.0436806871,557329.581646025,0.10793279421920611
3300,1000,32785.350020067905,1102198.6106928685,595562.0785636178,0.05504942507276474
200,600,0,6376944.850307253,6268521.525101105,0.0
3800,700,32503.61864345787,607700.9738871368,377216.3879282307,0.08616703749796263
4800,900,21213.315663145004,464529.5750442294,365201.2705148345,0.05808664256079941
1200,400,0,856230.6010727101,658774.4657401188,0.0
2500,500,19642.388650516023,699559.5670411764,392678.8698163129,0.05002150652950674
700,600,0,2007552.7831164075,1706379.75375746,0.0
4600,500,77416.64199583024,344673.784386306,288145.1780149138,0.26867234957450276
1500,400,0,732228.8273119284,527019.572592095,0.0
1100,600,42344.93258939453,1581293.686735626,1139731.1863820192,0.03715343854353495
2200,100,10637.310811162255,141944.36166736198,92226.10357950944,0.11533947980347753
200,600,0,6303811.040007994,6271185.063687249,0.0
1200,400,19921.453989699232,823936.3034332378,634402.2325675779,0.03140192919730489
2200,100,57983.5547058457,168539.88357155633,90050.86061457201,0.643897840732716
3800,800,33437.38749354134,710087.0753917943,431408.8597719236,0.077507419553736
3300,200,8321.319670106166,200621.28040439953,122325.18880262524,0.0680262156270433
2200,100,77938.11439889878,188876.41553500187,92493.81276717446,0.8426305724371499
2900,500,19642.388650516023,647934.6739514453,338516.2670830284,0.05802494757422781
100,800,0,16071410.372381104,16071410.372381069,0.0
2200,100,0,204840.7453759171,92525.99975203944,0.0
1500,400,20080.345240725746,690004.5425905783,507521.7860540623,0.03956548426590449
2500,500,77416.64199583024,787899.7534865737,402656.77519777167,0.19226459546795346
700,1000,11187.924161376039,3044670.8750799964,2732609.5913842074,0.00409422707021561
200,600,0,6194555.121200031,6150199.769662079,0.0
1200,400,22922.33549935797,853415.4716707933,658982.9106943037,0.034784415691762056
2200,100,0,146872.72885716648,94919.92696360598,0.0
2600,700,41205.97832777563,910387.1730159309,505479.53213659837,0.08151858919708013
2200,100,3130.3752553801396,153255.9823761162,83853.25800476263,0.037331587702917196
1500,400,22922.33549935797,746010.4090814753,527186.328555443,0.04348051961470257
2900,500,77416.64199583024,704950.9188895621,347117.90965325147,0.22302693074282598
200,600,0,6095028.813532957,6063751.036144509,0.0
1200,400,0,842070.5540786088,650616.2139970714,0.0
2200,100,75330.46412309342,202091.22721538797,96748.51380656994,0.7786214088384056
2200,100,35852.07003299851,138484.70815130993,90396.39316459172,0.3966095192284926
2200,100,0,139406.59080504114,85768.5344031476,0.0
200,600,0,6064231.262766744,5972329.13815111,0.0
4600,200,8321.319670106166,121363.7793911584,87755.02674970942,0.09482442178315124
1500,400,0,717145.0701385204,520492.9711976571,0.0
2200,100,47290.783852739885,193495.18047218493,101520.01014978602,0.4658272175403202
3300,200,19823.248725149642,250311.73472454795,130136.35656272323,0.15232675363548553
1200,400,24169.867246945985,955382.3305842895,692065.1754898969,0.034924264509967134
5000,600,7571.394895246277,329980.79763589357,243225.79294879135,0.031129078883670676
3300,1000,12463.666509159895,1101432.2929567879,598064.8182515223,0.020839992804790222
4400,700,16868.346961462878,434835.7798197693,312720.00810296374,0.053940734600866784
4600,200,19823.248725149642,171568.80125594253,115155.9162563489,0.17214268593044804
4800,900,36973.54781425388,502976.89401456673,370985.6419344689,0.09966301558588327
1100,1000,16553.960186188986,2274701.270054271,1849760.4535717624,0.0089492453761915
200,600,0,6123144.025288042,6063134.0572034465,0.0
1500,400,24169.867246945985,786769.0573065019,553652.1403919176,0.04365533063745892
1200,400,0,864809.4321449592,683486.1139402064,0.0
700,600,0,1980338.1819962831,1732324.0163438418,0.0
2600,700,20418.78907102358,815164.0346792698,521314.2588833035,0.03916790826854084
3300,200,54407.52177217454,275159.6347800283,137340.04259498307,0.39615192149475864
4600,200,54407.52177217454,184808.1076104648,137320.72161632078,0.3962076599349018
200,600,0,5854585.811677902,5825618.632914472,0.0
1500,400,18574.14265943879,755322.5377908145,546788.8911521651,0.033969495284186045
2400,500,0,729895.0179571403,425621.6098386799,0.0
100,800,0,16005864.120172974,16005864.120172966,0.0
400,1000,0,5319315.732774573,5086841.247322347,0.0
1200,400,38196.14028701521,817719.250864748,637009.4236160052,0.059961656564189496
4600,200,19620.020928341466,177679.72288564916,153927.2635835206,0.12746293588007354
1100,600,0,1414303.9106097429,1140215.4661249544,0.0
3300,200,19620.020928341466,297640.35442049877,154082.1067420537,0.12733484337144363
4600,200,52949.859703638416,138166.83570207277,112828.85828240226,0.4692935877371802
1200,400,14421.41431370927,887933.3323050751,646328.5080712535,0.0223128241035585
5000,600,17300.89366834403,352433.52254896227,244628.83109682502,0.07072303616369843
1500,400,38196.14028701521,701534.9954178353,509607.5388928041,0.07495207070523688
2300,600,20147.24899498684,864643.0346863415,527229.0484524736,0.038213465388758805
3000,400,0,483402.0503253742,263509.7862960475,0.0
2400,500,19317.144807107106,671859.1618060505,416042.72251741757,0.046430675893623874
2600,700,16868.346961462878,837410.9547872603,529218.4752511694,0.03187407044596673
4600,200,16637.096855504777,140451.03186394373,89579.42667687622,0.18572452931091857
1200,400,0,841263.0284286428,666057.8072615924,0.0
4800,900,20112.735814237887,509732.3649436792,379257.7210852243,0.05303184271815599
3300,200,52949.859703638416,252181.73373882705,112828.85828240226,0.4692935877371802
1500,400,10832.784017657688,745007.799625195,517062.8064570028,0.020950615442417258
4600,200,13444.138688958086,122214.97153281436,85844.49615717569,0.15661037446527432
4600,300,22596.291007034677,214266.1211721076,142348.1066563424,0.15873966670724163
3000,400,20080.345240725746,448567.85845585587,253760.89302703115,0.07913096853180898
1200,400,55265.023369268616,920983.0383620142,695762.8264332996,0.07943083658633304
3300,1000,5256.591929537957,1067094.989525583,585618.6224199488,0.008976135198392717
4600,200,13552.584008471025,163190.37918250795,115640.3076979828,0.1171960216836005
700,600,0,1870008.2314934928,1664462.4665469923,0.0
1500,400,9933.683921693644,737270.8471917496,532846.2458092739,0.01864268351296462
2400,500,0,664533.9631517096,407065.86354425474,0.0
5000,600,9139.991839554046,360443.8429955113,277514.5116622374,0.03293518520818227
3900,500,8397.590111466117,428446.0497676309,261920.99066995684,0.03206153920686643
2400,200,8321.319670106166,228618.05557440865,168197.1346036097,0.04947361136512239
4600,200,8582.384237701184,131107.93729151675,87197.2004637001,0.09842499750062506
3800,700,60154.13904807664,618733.7538652713,381330.76638938545,0.15774793001268586
3000,400,22922.33549935797,480555.7476986353,263593.1642777215,0.08696103922940514
1100,600,36484.28997940592,1340615.1238364198,1118218.13993856,0.03262716698676569
1500,400,55265.023369268616,792142.8399162493,556610.2611466397,0.09928854573291629
100,800,0,16393536.67133312,16393536.671333099,0.0
2400,500,50087.937502267276,836618.5123469101,434489.85562627576,0.11527987789282279
4600,200,22566.67935407699,155798.35552749646,124828.15119872103,0.1807819721542764
2400,200,19823.248725149642,294923.3366973696,178937.49027374445,0.11078309355308039
3300,200,16637.096855504777,209690.813520003,117153.64424146911,0.14201092047306293
2400,200,54407.52177217454,311533.6109014703,169241.28517114048,0.32147901569736054
3900,500,19317.144807107106,411408.2971623816,256026.29077994928,0.07544984832713879
3000,400,2568.782388752938,469212.30386966607,260246.48559882856,0.009870574747021679
1800,1000,45353.71342736436,1625645.4311207219,1137180.320421179,0.03988260490699192
2400,200,19620.020928341466,397780.1435661122,171195.98936377885,0.11460561080464549
5000,600,42344.93258939453,408129.1483487072,314954.4837664354,0.1344477845909848
3800,800,14677.055278196356,683493.3443836591,419887.8810624016,0.034954700862193086
2400,500,25002.704552452313,694027.9429600278,413726.84761985677,0.06043287907538807
4900,600,7571.394895246277,348266.7848540187,248189.58464162383,0.030506497305997263
2400,200,52949.859703638416,306365.2753190349,148223.14127398928,0.35723072152249846
3000,400,24169.867246945985,552234.5820698638,276826.0701959588,0.08731066127491784
4600,300,11247.993420197958,213709.9267992927,148288.0517849619,0.07585232447796332
2400,200,16637.096855504777,258462.10184087517,161086.26083202002,0.10328066943495486
3900,500,9063.95521004553,422125.2254716381,250502.06987338755,0.0361831549520799
3900,800,11626.881101480629,704870.9250748128,418885.1379167332,0.027756728632830706
3300,1000,17383.297942359008,1117618.0762731833,611385.06099991,0.02843265079772953
400,1000,0,5468503.920408316,5153513.293050198,0.0
3300,200,13444.138688958086,191379.16685831928,119662.02494636612,0.1123509208120446
2400,200,880.2148632595292,232458.14404564988,164535.2843012534,0.005349702752194557
2400,500,10224.235923577853,656548.2951492076,410475.2809433447,0.02490828656010845
2300,600,25685.477753953637,763296.3351543141,506575.5332969107,0.05070414196040344
3000,400,11391.009459891866,451152.53005169675,273394.44557608257,0.0416651093107957
2400,200,15979.02918029335,330018.13847166987,180548.26223447174,0.08850281350003769
100,800,0,15955739.480371244,15955739.480371261,0.0
5000,600,11854.413592623467,335340.66334668524,250847.40254748997,0.047257469968736115
4900,600,17300.89366834403,348975.7144959162,249621.25622125002,0.06930857544042446
2400,200,0,268719.4450741402,167127.96755542516,0.0
4300,400,10767.544328463737,270311.6655828667,183844.0369507308,0.05856890714029185
3900,500,50087.937502267276,459883.79697865556,267378.3726930928,0.18732980157583703
1100,600,0,1371697.6823739603,1102500.1883899109,0.0
2400,500,22964.237086399186,712535.6209923172,430425.2975554498,0.05335243355077382
1100,1000,0,2443403.655121695,1874004.8338364356,0.0
2400,200,22566.67935407699,304880.39970281516,177251.18882868224,0.12731468546531588
1800,1000,32785.350020067905,1692723.3957106268,1091863.810699966,0.030026959130598947
3000,400,38196.14028701521,456390.417155327,254803.76944640206,0.14990414141047376
4500,1000,45353.71342736436,612389.0223235376,454872.1281684716,0.0997065122674798
3900,800,19491.38569806312,681185.1386709029,421190.9423274829,0.04627683964511337
4600,300,1040.641209115024,216534.84564061376,143441.4983667211,0.007254812735255533
5000,600,36484.28997940592,333296.7897502589,246007.9907864832,0.14830530448529858
3000,400,19023.872233730814,458599.7480428263,258531.4032285014,0.07358437696992919
3300,200,13552.584008471025,266623.2703921935,131307.82707961582,0.10321230889194208
2400,500,9463.252965994488,677435.6648202486,426492.6486989519,0.022188548841024242
3900,500,25002.704552452313,426411.678507206,254601.13699683495,0.09820342849750562
4900,600,9139.991839554046,370932.9550857075,277514.5116622374,0.03293518520818227
2700,600,8335.805934779635,758144.4337005396,450418.13509035436,0.01850681685609187
3000,400,14161.013097406088,452021.4857487607,266423.12290463696,0.05315234257078676
3300,1000,19976.894825143478,990984.136364112,610664.7341129532,0.03271335924476097
2400,500,19642.388650516023,676161.4515600658,409040.4893919926,0.048020646268326465
3900,500,10224.235923577853,409720.45963681745,252600.1728882121,0.040475965660176236
100,800,0,16160715.959789658,16160715.959789645,0.0
1800,1000,11277.449733516774,1683873.11579769,1096452.1667944575,0.010285400562878235
5000,600,46462.44001491798,335379.7188302166,242550.04144578037,0.19155816151573074
4900,600,42344.93258939453,401688.86535596114,314954.4837664354,0.1344477845909848
2700,600,17300.89366834403,864410.0127105707,453016.3538830093,0.03819043952839715
3000,400,55265.023369268616,509785.79218656744,278305.13057331985,0.19857709146583258
3300,200,0,226607.91682124505,121547.61276758194,0.0
3800,700,41205.97832777563,555721.0082875965,345854.416725041,0.11914255344188635
4300,400,20080.345240725746,261619.76557124444,177042.48350723102,0.11342105489559287
3900,800,18254.242969308172,668935.4107368249,419793.19274807145,0.04348389465253432
2400,500,77416.64199583024,817178.0544876873,419434.14083101216,0.18457401164923531
1300,600,0,1244888.4161754567,935483.819033813,0.0
4600,300,11469.2262796653,213466.67796976847,130823.99861272547,0.08766913105612466
3900,500,22964.237086399186,450305.73496584775,264877.10618796916,0.08669770452000744
1100,600,183.20237083787168,1415320.4017467475,1085878.0251183838,0.00016871358163629725
4900,600,11854.413592623467,336113.5450511992,255966.73729335712,0.046312320569361395
5000,600,17456.85657404914,349863.1201801459,258690.3915727318,0.06748165816255713
1900,500,0,819629.0544499692,537627.2966383325,0.0
2700,600,10490.217906760896,851064.163132166,428925.00390816334,0.024456997869508546
4900,700,13518.878937760746,416432.70724502316,290865.60198410565,0.04647809450668383
3300,200,22566.67935407699,235366.13960376606,128909.95551176889,0.17505769251480935
3900,500,9463.252965994488,416788.464436056,262457.01458397036,0.0360563918666644
3800,800,49570.7779832791,642534.4951341257,425281.9989418328,0.11655978411176311
400,1000,0,4971488.947722258,4782066.784922362,0.0
3300,1000,35545.21868299585,1052704.2096922658,608960.9276744279,0.058370278071435786
1800,1000,0,1569410.5113122175,1073634.1411032395,0.0
4900,600,36484.28997940592,338494.41475769953,251028.56202702367,0.14533919839559262
5000,600,20147.24899498684,348677.0404799426,242525.36228813787,0.08307275084512783
3900,800,7808.367956960965,672357.0388709784,398809.9462790456,0.01957917055433087
1900,500,19317.144807107106,785296.6547747932,525527.6494956854,0.036757618415785565
2700,600,42344.93258939453,869153.6159357195,464334.92778526706,0.09119480369776761
4600,300,10460.738706951384,200462.1909854172,131967.49793690105,0.07926753837488897
1900,100,0,142903.43439553335,106788.11993416882,0.0
3900,500,19642.388650516023,444637.717387767,251717.22424122624,0.0780335501860305
1900,500,0,759371.1108256796,514188.4592137955,0.0
4300,400,22922.33549935797,257908.10609033945,183902.20763561965,0.12464415622881403
4900,700,51782.85906724854,400542.2646956367,288572.1493295596,0.17944510302728722
1300,600,21061.957509288386,1271779.9980726943,940880.1196031732,0.02238537840311846
5000,600,30115.598267411122,325112.71335316973,233024.74531657892,0.12923776926135963
4900,600,46462.44001491798,348836.9702185974,247500.04229161263,0.1877269982854161
1900,100,57983.5547058457,176683.55527365266,104269.41755371496,0.5560935897237094
1900,500,50087.937502267276,892124.5221183032,548829.291317401,0.09126323666515138
2700,600,14225.29631114816,772385.2939997934,464532.22693979624,0.030622840539741004
1100,600,0,1411049.899848045,1102388.0104006266,0.0
3900,500,77416.64199583024,472526.37386705674,288145.1780149138,0.26867234957450276
1100,1000,11187.924161376039,2129072.1367587545,1738933.3763354046,0.006433785396053102
600,500,0,1925882.9720029691,1702486.4393547198,0.0
1800,1000,17383.297942359008,1734919.5307019574,1120872.6118331682,0.015508718616943381
3900,800,23655.621023658136,632242.5282336606,402746.11460359505,0.0587358143651896
1900,100,77938.11439889878,212147.01553587467,107098.09899357043,0.7277264034684476
1900,500,25002.704552452313,819286.5450994197,522602.33383560856,0.047842695934682225
600,500,0,1837168.7854278,1664170.8900696703,0.0
3300,1000,23736.402076801376,1023960.3797557661,616586.8178572542,0.03849644752265298
4900,700,41124.43234388585,382529.86782902386,288713.40056900255,0.14244033100935716
1000,700,0,1726922.1818587652,1425241.4497221177,0.0
1900,100,0,207177.23713751446,107135.3681339404,0.0
4900,600,17456.85657404914,359977.0075323416,258690.3915727318,0.06748165816255713
4600,300,29428.914581637913,200788.60818858122,144863.04739585196,0.2031499068304191
2700,600,36484.28997940592,727055.2676482708,455570.35330830223,0.08008486442206124
600,500,0,1806424.8062790113,1628263.454177019,0.0
1900,100,0,159508.12287515771,109907.28385259639,0.0
1900,500,10224.235923577853,779014.658780056,518495.0917179091,0.01971906019341919
600,500,0,1989744.6174888918,1737959.422505103,0.0
4600,700,1519.8610127429386,441213.20020289085,309835.0977656777,0.00490538684514167
3800,700,20418.78907102358,534481.6044292812,356688.70344647084,0.057245404392482754
1900,100,3130.3752553801396,163430.61363800272,97093.24611077778,0.0322409166525194
4300,400,8408.96180874989,276973.362433107,181567.31553406644,0.046313191248191166
600,500,0,1860048.947046357,1654907.390479427,0.0
4900,600,20147.24899498684,364425.05093402654,247474.8594776917,0.08141129582822527
4900,700,32837.76459042831,403117.5417903906,281226.71358855075,0.11676616410797896
2700,600,10516.982614719738,730548.9886573377,449166.7434181118,0.023414428536464218
3900,800,67047.92976735103,699822.5084408803,412087.4454456685,0.1627031604780858
1800,1000,19976.894825143478,1615709.3944037068,1119552.012540414,0.01784365049714235
1900,500,22964.237086399186,810594.831301583,543695.1127016209,0.042237343227695935
1900,100,73383.29175993473,204553.32131132402,107195.34157767268,0.6845753806079523
600,500,0,1813117.2015180911,1641901.1237733788,0.0
600,900,0,3293825.5665476555,3001051.047743991,0.0
1300,600,0,1216150.7554362353,890844.2388861855,0.0
4600,300,7087.7796431555935,199709.8882224922,130146.34906202793,0.054460072789114876
1900,100,35852.07003299851,145395.97238819933,104669.50787479042,0.3425264029700617
1100,600,4209.0089664782545,1294655.6473688947,1059203.3878026314,0.003973749531910058
600,500,54682.97303514246,1903772.5918053526,1721701.1902217993,0.03176101250653018
1900,500,0,837013.5242185994,538727.5562513076,0.0
3300,1000,9482.858057806652,1087991.3928258645,624668.2779454786,0.015180630092175613
4900,600,30115.598267411122,317248.5409000493,237780.35236385604,0.12665301387613245
4600,700,51782.85906724854,402842.4066731661,307392.07211192214,0.1684586681480656
1900,100,0,174373.4418659767,99310.93457206564,0.0
2700,600,17456.85657404914,797449.7317734442,442394.7509741563,0.03945990890626306
600,500,0,1902172.8119292646,1705970.5947958075,0.0
4500,1000,32785.350020067905,613641.4307119249,436745.5242799864,0.07506739782649736
4900,700,47528.84571779319,404453.39270949346,293831.20730041055,0.16175560844767622
3400,900,18238.737795383444,814846.2753690494,529597.2437195278,0.03443888353211028
1900,500,19642.388650516023,830423.2725003279,516682.723442517,0.03801634496242512
600,500,0,1825609.7474004023,1636161.9575679705,0.0
1900,100,47290.783852739885,233704.8663844127,112255.12865627505,0.42127949447676605
3900,800,12622.610234339458,637808.1836268753,410406.77231212734,0.030756340016581313
1800,1000,35545.21868299585,1716240.4488356137,1116428.3674031177,0.03183833349351043
600,500,77416.64199583024,1988539.3889737397,1677736.5633240486,0.04614350291230883
1000,700,51782.85906724854,1749472.2446416414,1414003.531714842,0.036621449597405556
4300,400,24169.867246945985,282774.0887452736,193134.4675785759,0.12514528116071558
2700,600,20147.24899498684,763054.479314554,449121.04127432936,0.04485928545636903
1900,500,77416.64199583024,938013.5315922444,529811.5463128575,0.1461210925556446
4600,700,41124.43234388585,423426.3170350389,307542.53538872016,0.1337194944169475
1800,800,12563.626491149558,1360241.786793527,907584.4654862554,0.013842928089804137
1000,900,0,2167664.6602137163,1800630.6286463945,0.0
4600,300,10813.999695963585,194548.37468641007,131865.45573902348,0.08200782862621506
1300,600,42344.93258939453,1410056.3729365438,964387.9269386316,0.043908609187814036
4900,700,33954.547719402675,375653.5075934933,292535.1579851585,0.11606997242063236
3300,1000,11187.924161376039,915145.9714005145,579644.4587784682,0.019301356188159306
600,900,0,3399065.3176561375,3085918.3380821026,0.0
2700,600,25685.477753953637,700300.6617083771,431527.3061418128,0.05952225360569099
3900,800,33437.38749354134,696933.7136837208,420347.09413674613,0.07954708848936061
1800,1000,16553.960186188986,1641107.8217203082,1130409.1660716326,0.01464421970649518
4600,700,32837.76459042831,409574.5223712822,299567.586213891,0.10961721528504148
1800,800,19491.38569806312,1321763.0613847855,912580.3750428797,0.02135854137466771
4900,700,65829.11892080132,413409.26730300457,295725.90046523773,0.22260180395845802
4600,300,18101.571424040765,193880.88028053273,131411.18726790408,0.13774756777090544
4300,400,11391.009459891866,276141.11632327817,190740.31086703434,0.059719990012140504
1000,700,41124.43234388585,1720992.7552880254,1414695.6627881126,0.02906945530803207
4700,600,7571.394895246277,345562.28659265855,258750.843562544,0.029261334150650433
3900,800,14677.055278196356,617060.7359294955,409121.52513772465,0.035874561411198165
1800,800,18254.242969308172,1381845.1480434856,909551.9176208215,0.02006948983963122
3800,700,16868.346961462878,562929.9201302052,362096.8514876422,0.04658517988256677
1300,600,0,1272550.1493108834,964797.7021057307,0.0
4600,700,47528.84571779319,427277.71457297436,312994.1121243504,0.1518522038488389
4900,700,41205.97832777563,352018.7463551538,268213.62929697055,0.15363118733295872
1800,1000,15486.797774879504,1693409.2953111974,1145225.1762333773,0.013522928150964399
4600,300,16423.937491676206,196773.98171307924,134508.53565192668,0.12210331048564167
1800,800,0,1323264.152429505,864088.2169379322,0.0
3900,800,49570.7779832791,628537.4571544981,414377.33230229863,0.11962714685154635
4900,700,20418.78907102358,393510.7795338068,276615.72920338553,0.07381644250609619
4600,700,33954.547719402675,417429.5065708081,311613.5378537558,0.10896364757855281
600,900,37499.07335075135,3394976.716234199,3029622.680416013,0.012377473139857192
1800,1000,11187.924161376039,1526698.1804248171,1062681.507760525,0.010528012466268713
1800,800,23655.621023658136,1279074.874740201,872616.5816411226,0.027108837399318277
1000,900,0,2287036.260095453,1851551.0028492615,0.0
4600,700,65829.11892080132,433735.8359621488,315012.37223470974,0.20897312208345042
4900,700,16868.346961462878,382436.06171290367,280809.80319449806,0.060070363532783465
4300,400,38196.14028701521,279485.4896912216,177770.07170679214,0.21486260268834573
3400,900,27959.54175125198,948597.6252750506,544573.8243674298,0.05134205960730749
1800,800,67047.92976735103,1363787.7435534194,892856.1317989483,0.07509376637450114
1000,700,0,1663872.0202069574,1378010.8965838985,0.0
1300,600,36484.28997940592,1222904.6897649257,946184.5799480123,0.03855937916617763
4600,700,41205.97832777563,383420.3811895931,285705.8225119904,0.14422519627175717
1800,800,0,1320701.6160959557,889214.6733429425,0.0
4700,600,17300.89366834403,380510.97509426204,260243.43733704792,0.06647965399387651
4500,1000,12463.666509159895,590908.7507698816,438580.86671778304,0.028418172006532117
4600,700,20418.78907102358,399782.1310963898,294655.88545578026,0.0692970684751107
1800,800,33437.38749354134,1387257.821686421,910752.0372962833,0.03671404084124336
4300,400,19023.872233730814,243337.7535227762,180370.74643848935,0.10547094032356516
4600,700,16868.346961462878,399498.4148407327,299123.4860115305,0.05639258617363346
1800,800,9245.65543201947,1269887.3110856966,886429.9711317366,0.010430215282787893
1300,600,14742.555986705349,1265229.7883644504,932884.7747914629,0.015803190688797444
600,900,0,3415671.605395988,3023612.4364814004,0.0
1000,700,47528.84571779319,1827957.4798484668,1439772.9157720117,0.03301134866279107
1800,800,49570.7779832791,1257082.068351982,897817.553321647,0.05521252931609832
1000,900,26644.07843342859,2283890.2887574583,1817773.6082496077,0.014657533981409832
4300,400,14161.013097406088,284459.57318211155,185876.5973753281,0.07618502435146103
4700,600,9139.991839554046,366778.71191342245,277514.5116622374,0.03293518520818227
1300,600,183.20237083787168,1244191.1291483399,918819.8674078631,0.00019938877829744222
1000,700,32503.61864345787,1741069.9775068706,1433422.2741272766,0.022675536183674374
3400,900,26644.07843342859,966068.5761884467,534639.2965440023,0.04983561553679343
600,900,0,3269300.442914819,2970297.969628498,0.0
4300,400,55265.023369268616,293405.30314279685,194166.37016743244,0.28462716443436004
1300,600,20147.24899498684,1207441.1509300098,932789.8549543764,0.02159891521973324
1000,900,35318.75029250553,2302642.5516815395,1814167.4618888402,0.01946829663438734
4700,600,42344.93258939453,425572.75411792565,314954.4837664354,0.1344477845909848
4500,1000,5256.591929537957,575725.3786663986,429453.6564412958,0.012240184361444615
1300,600,33245.15670621767,1138598.591117419,896249.0204483804,0.03709366029720802
1000,700,0,1837480.5488420022,1449056.9122796648,0.0
600,900,33385.70302994257,3266339.3591451696,2943714.9983641263,0.01134135031702987
1000,700,41205.97832777563,1621247.9264039223,1314246.7835551559,0.03135330353733851
1000,900,0,2220473.9812880605,1782178.781777099,0.0
3400,900,35318.75029250553,933639.8732412306,533578.6652614236,0.06619220855691696
4700,600,11854.413592623467,354556.2009665319,266858.9388803085,0.04442202177061195
600,900,0,3375010.8591494006,3002110.3209372703,0.0
1000,700,7985.116973434096,1676696.131449643,1355417.0730965892,0.0058912619089202395
4700,600,36484.28997940592,357311.2236872347,261710.62849625872,0.13940698621618067
4500,1000,17383.297942359008,630141.8618320138,448349.04473326734,0.03877179654235845
600,900,0,3179403.4581256737,2921610.164118676,0.0
1000,900,33385.70302994257,2195381.0402871096,1766228.9990184759,0.018902250528383117
1000,700,16868.346961462878,1658035.3394058815,1375968.0356530405,0.01225925786383336
3400,900,18905.139969839598,872246.7816517797,524170.22993444087,0.03606679450720447
4700,600,46462.44001491798,339266.30368131323,258031.95898487273,0.1800646718247869
600,900,33631.84603660729,3323774.7283974797,2967885.135475751,0.011331923070269402
1000,900,17153.509809631636,2178820.702436063,1801266.1925623622,0.009523028789670552
4500,1000,19976.894825143478,600135.4446705158,447820.8050161656,0.04460912624285588
600,900,0,3394436.724942655,3034061.7686817944,0.0
4700,600,17456.85657404914,369784.96289277123,258690.3915727318,0.06748165816255713
3400,900,33385.70302994257,871003.871561747,519479.1173583752,0.0642676517965026
1000,900,0,2121599.736970145,1752966.0984712057,0.0
4700,600,20147.24899498684,376053.1732770034,258005.7045618488,0.07808838579442016
1000,900,36973.54781425388,2219913.0284416154,1780731.0812854506,0.02076312824705901
4700,600,30115.598267411122,344209.3305835287,247898.6652304031,0.12148350310567807
4500,1000,35545.21868299585,596454.1404239429,446571.34696124715,0.07959583373377607
3400,900,17153.509809631636,910855.8444127651,529784.1742830477,0.03237829788487988
1000,900,0,2211056.4104267494,1820437.0612090765,0.0
3400,900,21213.315663145004,840015.9979824993,515578.26425623696,0.04114470514723291
4500,1000,23736.402076801376,607921.9078385566,452163.666428653,0.052495155712708616
3400,900,36973.54781425388,897036.1381830814,523744.4356721914,0.07059463604000064
4500,1000,9482.858057806652,617194.2758880832,458090.0704933509,0.020700859216603112
3400,900,20112.735814237887,897156.7813869138,535422.6650614932,0.03756422192536049
4500,1000,11187.924161376039,570720.8527195719,425072.60310421,0.026320031165671783
