P,n,Algorithm Time,Optimal Time,Makespan Ratio
4096,600,29653.306609144733,18779.00655706,1.5790668435544328
256,400,86425.66752912715,43244.960742362484,1.998514186289112
8192,800,67916.9228420533,46379.37991347244,1.4643775524546108
128,1000,229359.9986449972,119404.61005167404,1.9208638472646775
2048,600,142024.68238379702,111680.57587899217,1.2717044236742046
256,900,133037.9249252011,51518.201495127876,2.5823480064183264
256,100,19500.043988837926,12924.548421892341,1.5087601788707474
4096,300,30583.523532160314,17279.41691731119,1.76993955748128
256,200,44303.39400614226,22891.533499154106,1.9353615609797121
2048,400,41898.85453925718,21733.26502109654,1.9278674648556418
8192,1000,86270.094998545,60202.342442558154,1.433002296893336
1024,500,120298.74726029346,53664.96732667876,2.2416625454738455
256,600,132851.9390921706,58028.72573355824,2.289416791645001
8192,900,61626.59858858259,52575.017380802,1.1721650635361618
8192,700,72282.36367404464,35360.41439156067,2.0441605370805833
256,1000,127065.80215939648,58863.710166351215,2.15864412556231
8192,900,222221.23639438822,149649.57060028278,1.4849440295952865
2048,700,46665.95843269341,41611.35817859911,1.121471648014938
1024,600,82543.9321096811,43965.34404781527,1.877477224331715
4096,1000,41001.101208163964,33915.21825046568,1.2089293044016012
2048,200,19858.14963439173,12441.910416424595,1.5960691702278247
512,800,84578.80927324714,54149.74440156318,1.5619429086502863
128,200,63619.357613177555,38939.521911435,1.6337991451943088
2048,800,131466.40607121823,71810.48771496736,1.830741027592504
512,100,66111.7791331246,60573.79424177784,1.091425425147418
1024,100,13804.06659269315,9640.921141579869,1.4318202991162587
512,900,67820.75062030752,46304.128599874144,1.4646804220497058
256,800,177193.202098374,86969.02217444926,2.0374289335223987
1024,100,37253.80042759133,20829.72320776272,1.788492341257217
1024,700,197649.94233222393,101971.47650017287,1.9382865592996377
256,300,68170.26945993274,35896.699653227304,1.899067884192074
1024,600,97231.57792255763,86765.25402755744,1.1206280556923855
8192,200,31972.31816418522,18018.92824454402,1.7743740210445742
1024,300,29065.27832145971,18573.116360380285,1.5649112274696695
4096,900,94388.23347233082,52757.84825268096,1.789084213978237
512,900,65755.73836049833,53309.00486140186,1.2334827583342955
4096,100,66111.7791331246,60573.79424177784,1.091425425147418
8192,700,46922.75093689837,41694.171098573366,1.1254031367109707
1024,400,108968.8257849766,63377.543120814065,1.7193602089821263
256,700,75099.49795401534,38261.990551516115,1.9627702811985446
256,400,63030.94826119963,22632.151942540644,2.7850178993683397
512,500,160712.87504907008,62904.27191045394,2.5548801403798063
256,900,115953.2554973981,47728.093563071816,2.429454998955028
8192,500,124430.12100995678,84889.56492633495,1.4657881815972804
8192,300,49465.065493094924,23136.448596413335,2.1379714041662865
1024,800,92859.555578085,66116.18200423285,1.4044905916094792
4096,800,131466.40607121823,71810.48771496736,1.830741027592504
4096,800,93173.3371287149,64362.85987349461,1.4476258095405854
8192,500,98377.03827911125,66624.56129320196,1.4765881586247558
4096,700,197649.94233222393,101971.47650017287,1.9382865592996377
4096,800,67187.24322254404,43948.578664085064,1.5287694224671184
4096,100,12620.70654591548,8321.239576006265,1.5166858772227205
8192,600,72310.69893568195,60947.46333963169,1.1864431261515884
8192,800,118886.20540615689,62102.16000225037,1.9143650623722084
512,300,58001.73697621388,51521.92639179481,1.1257680183606453
256,100,28874.79691078431,17954.53769414384,1.608217231914709
128,600,141772.94084975345,70900.57950763027,1.9996020037395594
2048,900,179107.15965633054,129752.604791726,1.3803742895476097
8192,1000,43186.64724205395,28498.849543516073,1.5153821271314996
4096,300,28405.272775163772,18481.458954016285,1.536960520586547
256,500,106147.8140034919,66627.75825410518,1.593147012370805
256,700,111425.89585359616,61827.216222082076,1.8022143428446893
128,500,126352.67266662198,53535.80791606614,2.3601525331366755
2048,700,98700.77762025432,69714.60276884174,1.4157834040527255
128,800,224074.8522363967,89245.39881899078,2.510772042050813
512,300,37768.85579832013,25000.830378077444,1.510704053711697
4096,200,80854.73070784815,53640.79281597229,1.5073366082645323
4096,500,248307.3030887059,173165.7012270452,1.4339288977505955
8192,1000,120690.08621612721,71753.33995595953,1.6820134963780624
128,900,194896.04649138005,103084.41806074536,1.8906450670025816
4096,300,28273.461291151965,19028.50780282153,1.485847528567616
4096,400,74035.62487150278,45126.38541333707,1.640628297466555
128,900,239135.58040712355,103160.92321660006,2.3180829809464445
1024,400,40282.13261320237,26611.894241008282,1.513689038758037
8192,600,39738.94230115645,18661.250273283804,2.1294898101253334
128,400,106609.9020635355,46532.57276323225,2.2910811874939654
4096,700,62876.96921226634,36793.786558940206,1.7089018307899164
8192,500,42584.44787563765,27177.07231873392,1.5669255089807077
256,900,104407.92923712368,51088.94408718974,2.043650169377906
8192,1000,198048.3496317899,94799.79607328854,2.089122106113827
8192,600,29655.026593874813,18779.00655706,1.579158434380862
4096,900,65555.45979703596,40761.55353335776,1.6082669602714672
8192,700,155757.5204337243,103650.17673083996,1.502723153460677
128,300,69331.46163856568,32755.432020731212,2.116640122306589
4096,700,126973.74802382529,80356.03512507299,1.5801395355830152
256,100,21389.21307518327,14135.174116163842,1.513190633479661
2048,500,40477.594957657566,36276.16196639806,1.1158180128082793
512,600,46519.330087550006,30580.976963775065,1.5211852172889977
512,500,40186.04693905603,35496.811911768345,1.1321029910782792
512,400,53963.189722916526,34415.68964887445,1.5679822276838018
8192,1000,217474.6940211404,146820.54879419197,1.481227905815752
128,600,129143.95798067444,69365.62215019029,1.8617861986597948
2048,800,63737.81333482663,42695.059714644456,1.4928615573048252
8192,200,25315.844693372674,16319.454371522042,1.5512678375785414
512,400,100644.4285462994,68462.06472805722,1.4700758580109425
1024,300,37500.859735503036,16760.521743464207,2.2374518114346027
1024,800,112658.77498237128,75591.86163784155,1.490355873521362
1024,100,21948.854664041493,17347.873752067557,1.2652187223477795
2048,200,38906.03287528779,27814.232772578187,1.3987814509715657
256,100,31257.470003640905,18702.315368100946,1.6713155236893442
1024,700,86384.8423810105,42452.09110493904,2.0348783801361474
4096,800,80279.85758406388,44366.085532812314,1.8094870579621098
4096,800,111647.220136561,78733.61137126268,1.4180375851184643
8192,1000,83597.3211730182,45809.33523320091,1.8248970596811882
8192,700,97120.43442116144,57793.63501321383,1.6804693873115266
8192,1000,41001.101208163964,33915.21825046568,1.2089293044016012
4096,900,48729.329738234694,32655.352187910106,1.4922310271783137
512,700,125981.37284624799,85438.48061711625,1.4745273082607886
1024,200,60126.32943648247,39819.40708715139,1.5099755077941268
4096,700,158357.9103309229,132452.11299022113,1.195586138687077
2048,700,147224.72828967936,91119.24221630921,1.615736969587396
8192,300,30493.5561748482,19674.24141386905,1.5499228424305214
8192,500,102339.44042340174,53378.57096652857,1.9172382956369225
8192,700,67790.98432189605,49777.7756414471,1.3618725113432022
256,1000,126861.07370769403,90498.72860811553,1.4017995131957874
2048,100,49962.98093418068,34300.968848800694,1.456605530718926
4096,700,113585.95108471207,82072.46511123,1.3839714809439794
1024,800,113518.78319401277,101845.3758611526,1.1146189233841575
1024,400,276058.4572884282,193515.84305327947,1.4265418941043644
256,100,26717.563135526172,17587.547381984677,1.5191181894351895
128,900,205779.64719748098,96720.06020199122,2.127579808860008
512,900,108320.05312838354,72227.30001714897,1.499710678686107
4096,1000,114472.64964285467,90498.72860811553,1.2649089263845112
8192,300,49258.49010259686,25922.78608210399,1.9002004625036375
512,500,136505.2105771689,86843.01321389293,1.5718617482900874
128,800,156140.1491833509,79920.49096406845,1.9536935684435441
128,100,39009.25366512489,22982.09428187623,1.6973759304384952
2048,200,36430.14217907954,21228.428234486382,1.716101718727221
4096,500,103082.8696096033,97935.06095418494,1.0525634905953298
128,400,120937.51189031325,48772.78954290394,2.479610311891802
1024,700,166949.4392417955,107260.20847207752,1.5564899753598425
128,300,102840.01649589637,36726.85726982461,2.800131134018685
4096,500,137452.25570297334,71401.30747796739,1.9250663686430052
256,500,78783.046334156,49937.16420129462,1.5776435765672403
512,500,185113.14774185288,147481.94731846493,1.2551580115912702
128,800,231961.9836279848,97370.5352483193,2.3822605374040875
128,400,215062.7813181032,125078.80246001596,1.7194182954130257
2048,600,104064.40378384177,51282.51062023954,2.0292376977107462
4096,100,35025.76867975034,22656.454190491233,1.5459510294620784
256,900,304781.9404893064,184098.91857787647,1.655533573166424
2048,500,43542.89156578931,37441.44378906292,1.162959735503274
1024,500,53203.85981137883,44576.14394763512,1.193550071847375
128,200,50725.61792157859,27723.977542298137,1.8296659577142973
8192,200,99635.59404806522,67151.768032449,1.4837374646624257
2048,800,113511.91821196373,101845.3758611526,1.1145515174563871
512,800,78483.65289584754,52828.81053104514,1.48562218431411
512,800,124487.98915316923,76577.73322810722,1.6256421273576815
1024,600,98591.77455386492,48408.82573041455,2.0366487529136896
128,200,63975.49058852919,24735.736732623263,2.5863588087171756
2048,600,46593.74091963392,30580.976963775065,1.5236184564942743
8192,500,39454.07595758417,19560.487282935454,2.01702929926515
512,300,62413.211028603306,33160.64237859692,1.8821472248947464
512,600,107058.14363666838,44462.8864987731,2.4078091205262284
4096,300,114831.00238034688,77306.4040908596,1.4854009021734336
2048,200,14397.980187723264,10040.691196847953,1.4339630514922304
512,800,78571.52662768835,50772.066671360866,1.5475345357964008
128,500,269353.5254499723,173629.6110728368,1.5513109992337644
4096,600,121919.36155663077,72740.10717064606,1.6760954348144097
8192,400,74035.62487150278,45126.38541333707,1.640628297466555
256,100,34730.73211076547,22363.056566867846,1.5530404802633755
2048,1000,63457.476773959635,28109.406843986402,2.2575174611888134
2048,500,160699.18951029188,62891.775190494496,2.5551701955231194
2048,1000,148204.4642089828,75796.72432283711,1.9552885105923985
1024,600,29661.224706931454,18779.00655706,1.5794884898093964
1024,800,161523.53441176604,112592.55358879731,1.4345845196980882
128,200,69341.13317636131,22186.36413155776,3.1253941729790182
512,100,18407.81628041924,12506.156799285585,1.4719003268430784
4096,900,130293.52805134568,85663.51049156082,1.5209921622833984
8192,900,172981.8303957068,114082.80036744605,1.516283171858988
8192,300,53916.23174167749,24597.69281353905,2.1919223136245094
4096,1000,146645.58468891215,97058.77161015228,1.5108947110718751
128,200,74123.6678243501,34129.72158000343,2.1718216379409045
4096,200,45276.0271210667,38939.460754354994,1.162728662491892
8192,600,156300.252064277,85848.15788843864,1.8206593584383284
4096,800,82463.2291883045,60650.662845165505,1.3596426703336133
2048,500,62284.807450883236,35523.310698868714,1.7533502994377936
128,300,77824.0917296079,42868.394179046576,1.81541887024187
128,100,34862.499549293636,17899.559780833548,1.9476735727670593
128,400,132118.42162347425,47063.4505065966,2.807240442452387
4096,1000,58830.860048293245,30918.141407431434,1.902794196877331
2048,800,75608.58826070896,50763.481713515124,1.4894287331867377
2048,100,33517.19437604765,21949.84902967429,1.5269897451565755
128,900,246121.4040404463,102028.33792508653,2.412284753880426
8192,700,48875.05427338345,31684.037608755014,1.5425765767895117
1024,700,113720.69235677237,66320.27242801076,1.714719921879298
512,700,70841.16492638706,61346.24441089266,1.154775905300708
8192,1000,783436.8465795591,544585.7100480688,1.4385923687024542
8192,1000,80406.80386367996,52314.885183268474,1.5369775462949107
1024,100,34629.93868100337,31319.451246236975,1.1057006844960013
8192,1000,179396.30738149525,120557.43492411824,1.4880567714003838
4096,900,46856.08984109065,31640.39833817212,1.4808944356608107
8192,600,180914.67503158288,122634.8967329771,1.4752299700264198
8192,1000,72484.37187428033,49557.77241888677,1.4626236881998371
2048,100,33419.58172456201,23097.256435111492,1.4469069873493265
512,800,51357.34407592184,38336.594525084816,1.3396428324460887
2048,200,38349.23379275489,37946.30536557415,1.0106183836159786
2048,600,71448.66929833904,33916.34753113008,2.1066144941686296
1024,100,32200.795799183055,29554.958545859663,1.0895226176419066
256,700,131948.45219639095,47523.960799855195,2.7764615990675803
128,1000,219904.4501260381,111804.66682439692,1.9668628901817247
1024,800,70372.30557373386,40421.19798120487,1.7409752577460895
1024,800,53093.450108524776,34904.751507598776,1.521095203813908
1024,1000,90831.76560249538,55735.236402641,1.6297009121179817
8192,600,90336.44850191995,60144.36411673883,1.50199357543425
4096,200,24609.00930440532,15726.677746397436,1.5647938936144725
1024,700,158382.56949446906,132452.11299022113,1.195772312867235
8192,800,171485.60703127985,107232.14310089932,1.599199662268446
128,1000,246939.49849948223,109237.63657662571,2.260571596367927
2048,1000,119494.70440550182,56446.32882143322,2.116961490684732
1024,1000,145070.90646563505,70250.77350904822,2.0650435464166113
2048,900,121512.26173309982,82690.26725018611,1.4694868667609287
512,600,73242.36031061583,28950.864730709705,2.529885065330149
1024,700,35428.509109820574,29025.881672657724,1.2205833920695026
1024,100,26324.84592670816,17402.954696611207,1.512665313771935
4096,100,26870.139058302906,17809.6328420409,1.508741886855412
128,700,191119.19433623535,83214.36890509089,2.2967090521856144
128,300,71353.88067569319,34512.68583773153,2.067468206072923
2048,1000,77901.98943434107,71261.14520805598,1.0931902540563487
256,500,76267.515251173,35523.310698868714,2.1469709255900473
128,500,123264.53395902654,56026.380959696515,2.2001159426609918
2048,400,48037.54497290594,30788.555312709123,1.5602403063412544
128,900,251787.2917288868,103152.02937065497,2.4409339618917483
128,300,74599.70616049571,30815.59640870832,2.4208425230872455
4096,200,41117.854957854106,28939.495392742734,1.4208214206860492
128,500,157381.06918803838,62386.64500506909,2.522672427332015
256,200,61442.883299392364,34123.56738045935,1.8005996446484445
1024,300,31030.118964971174,20366.163083435094,1.5236114351951573
2048,200,91324.29322340185,61372.60518345501,1.4880302530814074
4096,500,171221.98354129406,114521.14245494771,1.4951124296428697
8192,100,23419.1510314379,12056.98525864028,1.9423720382054266
4096,700,86384.8423810105,42452.09110493904,2.0348783801361474
1024,500,47073.64242426786,38397.17028659358,1.2259664468218296
2048,1000,94721.27418338922,90612.693267471,1.0453422226816556
8192,1000,234755.99540631974,162392.86932151654,1.445605317444904
2048,1000,91193.94688606841,60543.78817954,1.506247785745363
8192,400,40435.0429604307,30165.425795839306,1.3404433020139193
128,700,137451.37304310556,75809.96321061933,1.8131043364475818
128,1000,506670.1815951432,288023.0601366038,1.7591306104269544
2048,900,72625.78778728507,42076.23356110103,1.7260524918852702
4096,200,39713.285441305896,18050.62303154285,2.2001060778848616
2048,300,72242.83170423993,45111.95494347674,1.601412126669238
128,100,44469.40241882835,14446.766271911083,3.0781561480156583
128,1000,317941.9425793239,110076.46947736123,2.8883733652514456
4096,300,31473.63131698784,20570.96909448887,1.5300023626704042
256,200,41802.9547105401,27723.977542298137,1.5078267411940383
4096,400,99288.35788060997,66926.42590403692,1.4835449008284933
2048,200,49101.47092219052,32540.902931029297,1.5089154417829609
256,1000,306168.08667843835,194547.19755313522,1.5737470934003917
4096,600,82653.61366076148,57412.70684815128,1.439639727828352
256,500,167022.69414575165,73196.94614990943,2.2818259904406997
256,400,83979.54874593341,45126.42140747785,1.8609840117305922
512,500,171632.60661191118,114523.64185050332,1.4986652872596966
2048,900,94401.14711506396,52757.84825268096,1.7893289859536081
8192,300,123713.60861958565,84396.74424018276,1.4658575959697204
512,900,222853.2642475463,149649.57060028278,1.4891674152730592
2048,600,54500.17710197052,32874.997452313044,1.6578001924114507
256,700,114289.08760007225,51196.085489777375,2.2323794193775424
128,300,90580.78355146135,27253.416999670506,3.323648684220275
128,300,69387.29648466189,33300.695014947356,2.0836591084215117
1024,700,74720.18746850564,49201.53957608187,1.5186554752613683
256,800,122640.81502961673,57826.93902776309,2.120824949263458
1024,1000,54888.021218195376,30928.88515915138,1.7746524304305502
4096,900,68301.63445573385,42308.40617125458,1.6143750293798524
512,600,39811.429410813085,21988.935751463338,1.8105209756758547
2048,700,164578.34818140397,110859.18311471,1.4845711790164358
256,400,91347.02478660448,53259.20525974124,1.7151405910229365
2048,500,98378.84291363496,66624.56129320196,1.4766152452499983
128,800,171652.68698582202,92351.37447544445,1.8586911993547341
512,200,44377.80486771166,23117.237029627373,1.9196846409818114
128,900,210009.8597914533,94518.05570423097,2.221902029477025
512,300,46343.124500619895,32331.936268961428,1.4333544429601381
8192,400,50257.514476291035,33618.972390895855,1.4949152488045994
8192,500,46616.7825084328,30238.042864909574,1.5416600444908526
128,400,114936.14063860706,48720.51320368562,2.3590913371149043
512,400,236954.37666240777,186703.3320474569,1.2691491579924128
8192,700,33075.816540361106,21733.392272247234,1.5218892718647397
8192,400,53197.40583152903,26546.468859735378,2.003935292208175
1024,600,57725.96240829484,29865.350306368007,1.9328741105034448
512,700,40369.76655873718,29025.881672657724,1.390819648960581
4096,400,48400.06029643672,36227.84755042349,1.3359905036883966
8192,300,46048.41235877798,27248.226586824265,1.6899599763694144
512,200,29964.881388540813,20330.555626091365,1.4738840364050436
2048,500,212386.09780288744,150425.0517802286,1.4119064297427273
128,400,104554.3612847652,42797.12681057494,2.443022910101768
2048,400,28444.44412385967,17742.443550288524,1.6031863955625838
4096,400,40666.21747857334,27155.933418576842,1.4975076294285792
8192,800,68782.76380770888,48235.14390825591,1.4259885683877072
1024,900,130294.16070418771,85663.51049156082,1.520999547608123
512,700,129255.72070466401,80357.08323268619,1.60851682894443
256,1000,231990.20380714742,95719.83817352499,2.4236376516494493
256,700,121474.12600273587,66354.8129063725,1.8306754353167631
256,500,172763.40618710985,63127.950965255164,2.7367181026071425
8192,700,115412.84870069784,73742.01759573007,1.5650893813811335
128,500,96356.0743837302,55659.95529531376,1.7311561583636919
2048,900,70726.22409309715,47139.992713958745,1.500344400183885
128,200,75533.4323270289,42776.4318576044,1.7657721564637996
4096,400,98064.062762454,66503.6244481076,1.4745671920328618
2048,400,37699.82130592519,23700.07824770922,1.5907045078878226
2048,100,13320.925436539792,9516.14337669928,1.3998239527534546
256,300,39925.459091393335,16760.521743464207,2.382113140777514
1024,800,51228.519914176926,35597.83621265971,1.439090837098645
128,900,346365.9447818624,110304.68081578685,3.1400838316218613
1024,900,113554.57025344923,75449.13454700036,1.5050480159280215
2048,400,34441.05358028076,19252.6280861351,1.7889014126379814
8192,900,49979.87824005554,33158.57017036733,1.507298957200538
256,500,136902.69799933516,84910.77897470127,1.6123123548321776
512,100,16981.27323531579,9011.915100790524,1.8843134944564888
2048,400,48089.97622402259,32352.598258555856,1.4864332020475322
128,700,379482.0711993646,237800.98990500558,1.5957968524477397
2048,400,99059.88355213248,50876.400696790595,1.9470694112679519
4096,1000,411297.8480190851,281398.91676139703,1.461618448118731
4096,800,171485.60703127985,107232.14310089932,1.599199662268446
128,1000,344401.81259156857,163336.4654407616,2.1085420923135825
128,1000,320586.01677198993,115948.15552755489,2.764908292963774
128,600,110702.50535547605,64016.28039679616,1.7292867481412808
1024,400,31631.258706158987,18307.43976342798,1.7277816622588293
512,600,164377.90777302196,90097.16084726775,1.8244515834597115
128,700,298112.9903364595,142838.5537233773,2.0870625091443333
256,1000,463525.8976605047,320464.419199229,1.446419227503494
4096,700,166949.4392417955,107260.20847207752,1.5564899753598425
8192,700,60733.48933184735,40106.49652901174,1.514305526235998
512,400,85810.95251091552,52638.32287426997,1.6301992127652036
256,400,106608.83689955334,60987.569802147,1.7480420558715275
8192,600,209941.73220045023,127907.92965534359,1.6413504054529862
8192,900,271906.3651206497,183126.6918346876,1.4847991977385
4096,800,67035.24512662397,36672.2149998591,1.827957354822487
512,500,128015.11403566066,62600.06932840837,2.0449676080081667
8192,800,222113.85029570395,148024.03103293112,1.5005256156433813
2048,200,20269.637939925717,13337.35876144625,1.5197640179342193
1024,200,46643.99337244258,26688.32812098575,1.747730062407512
8192,500,71151.61983043703,41189.47869015632,1.7274221984130433
256,500,108688.03950535972,64106.45222511053,1.695430580430507
1024,100,10723.920294172127,7152.901243328333,1.4992406478664249
1024,300,35544.642376591655,24078.953359370287,1.4761705729522299
512,900,393869.39264706435,229800.42209317343,1.7139628772629867
256,100,37122.56911926574,25440.224664257337,1.459207597778085
128,700,183066.7483824463,92417.89181801837,1.980858303313455
128,1000,393025.41332960397,155765.44053451647,2.5231875053986217
2048,700,37256.032466605866,26067.12107591305,1.4292346422954918
2048,800,152109.34531859227,82940.54724397566,1.8339563744515883
8192,1000,254512.98087668399,111577.13934558528,2.281049526537751
2048,700,40638.78562465424,25871.051952994367,1.5708207651738193
256,1000,135564.40998401545,58569.061920395274,2.3146078413936215
4096,700,99473.02536057237,60285.399819468286,1.6500350940436
128,200,61387.0014952781,21601.854967306153,2.8417467661080833
8192,800,117018.20884700364,48425.21287150835,2.416472781596236
2048,1000,86270.27289081231,60202.342442558154,1.4330052517994092
1024,700,70465.93546329305,58796.06304945136,1.1984805071731852
512,900,106245.27775295984,63466.880684134354,1.6740270926773209
128,300,111341.06472749465,34119.012930735975,3.2633143565297433
4096,900,86262.76520939426,68817.41819972453,1.2535019107958856
4096,200,43217.603141803425,23681.10697554874,1.8249823872856341
256,900,354344.09606675786,253651.7844619295,1.3969706415368872
1024,500,102997.96828325132,62373.284305942194,1.6513154538735566
256,900,210438.2242544618,132038.8394742635,1.5937600261586635
1024,700,157693.65492552292,116488.33981442524,1.3537290957768036
128,700,211996.47789711796,78479.10754470208,2.7013110180485134
1024,900,61626.59858858259,52575.017380802,1.1721650635361618
256,300,59034.7646132168,21515.230474413613,2.743859271385554
1024,700,189366.61318368156,85672.54241504308,2.21035360741706
1024,800,130966.08610178367,83711.93042021694,1.564485318214028
256,300,41803.842071568135,22793.463249481996,1.8340276602116692
1024,800,66987.4371434415,53281.95779009162,1.2572255210167702
2048,700,31132.804195247314,20241.050244316226,1.5381022140385003
1024,200,36430.14217907954,21228.428234486382,1.716101718727221
8192,900,75967.66715642519,51151.844025608865,1.4851403425141902
256,300,119119.1209197729,80517.55870716526,1.4794179410356676
512,100,20274.47960259806,12228.569679313945,1.6579600177520935
2048,700,49794.51935787249,37075.37110490693,1.3430619269319242
1024,800,118886.20540615689,62102.16000225037,1.9143650623722084
128,700,237806.76452670302,91940.15576527944,2.5865386299085333
128,100,52580.20274584336,31016.524467410036,1.6952319335807888
1024,900,389101.31673932314,255315.3157889041,1.524003037330647
2048,300,34337.15361129448,24009.73900443229,1.430134396919338
2048,900,172981.8303957068,114082.80036744605,1.516283171858988
512,800,83987.22639847835,48658.058952929256,1.7260702174685134
512,400,44716.73566800129,28824.379087289086,1.5513512201801558
1024,500,40966.16477736992,27319.151569382047,1.4995401549469336
2048,400,86037.23810275293,61717.64616532399,1.3940460054533461
512,800,93310.06690302205,64362.85987349461,1.4497501678207472
2048,300,29064.83128957953,18573.116360380285,1.5648871587096667
512,400,74715.3293526342,46346.74140253926,1.6120945527475785
1024,1000,464530.40832308907,318823.5863822797,1.457013935493788
1024,700,113585.95108471207,82072.46511123,1.3839714809439794
2048,200,25315.844693372674,16319.454371522042,1.5512678375785414
128,600,206184.5281522034,102083.55250788486,2.0197624699265617
256,200,70766.2861968351,44503.178337827754,1.590140049316066
256,300,56785.64017258528,25925.04840988032,2.1903774016076145
8192,400,93226.80614071603,43214.48493372207,2.157304577011567
2048,900,64668.30264093261,53309.00486140186,1.213084033533618
2048,800,77841.85431706207,50851.16746299596,1.5307781158359253
8192,1000,58159.964218600144,38513.66294334092,1.5101125100503094
4096,100,20230.35355372386,12228.569679313945,1.6543515786597567
128,800,260956.28186828422,89210.20923574897,2.925184058011512
256,400,62363.301433762565,26808.94972573375,2.326212032614631
256,500,74319.5958551217,29868.4267369777,2.488232691650698
8192,300,64753.401308004766,60345.735579996704,1.0730402187601986
8192,300,118641.0742573971,80360.55407407164,1.4763595849282065
4096,800,149848.41669341104,77768.99443358157,1.9268400959123722
256,400,40546.370648733886,16466.24380733385,2.4623934349056014
8192,900,106871.52763235907,72933.47013669772,1.4653289831411
128,300,82818.5605213365,32718.346740617188,2.5312574983663203
1024,500,118317.45512345922,57888.8463754861,2.043873086639407
256,200,60666.41387731781,39820.04492620314,1.5235144508186367
1024,200,36704.77452524589,24000.475759263372,1.5293352887423113
128,200,55701.4781240349,25552.63257851312,2.1798723850815103
8192,400,103065.92130303424,43737.033632128354,2.3564908898468153
512,600,77705.22068708634,53722.666447453994,1.4464140711088798
2048,900,134969.61209511882,81048.18639186893,1.665300830329986
2048,900,210044.5743185517,113578.57949298169,1.8493326405049015
1024,500,40477.594957657566,36276.16196639806,1.1158180128082793
256,1000,303279.20329858054,178404.20743107868,1.6999554420023626
256,600,94469.80096783236,37319.166647534046,2.531401675178475
8192,600,61914.11419179827,44245.02565111483,1.3993463283309957
8192,700,140151.8098843008,112840.09344125881,1.2420391157976103
512,200,27327.16633904022,17465.341889253814,1.564651096572822
128,300,50548.68484512098,29869.66446699064,1.6923084255259377
256,800,71601.48622413301,44884.135805066064,1.5952515279586015
2048,700,39794.09848057485,18573.466244444164,2.142524069381953
1024,700,75666.4793209758,35819.1385364328,2.1124594954737113
8192,300,31102.531460481805,21519.631696399152,1.4453096548899647
2048,1000,80436.34174199679,52314.885183268474,1.5375421633864583
512,700,63961.37402651481,26960.090062369884,2.372446600829062
8192,800,70372.30557373386,40421.19798120487,1.7409752577460895
512,800,66584.50451042084,45863.92468154658,1.4517838360486235
1024,600,84793.9061433188,57234.00896316298,1.4815300846371595
256,200,40442.00235607093,21352.04078691819,1.8940579385202672
8192,700,84078.41413646936,61816.893419918626,1.3601203406539617
256,800,176067.87071276715,101772.97572271765,1.7300061186426083
1024,100,37121.5584462888,25440.224664257337,1.4591678704175652
1024,300,34340.69417045887,24009.73900443229,1.4302818603783842
8192,800,80279.85758406388,44366.085532812314,1.8094870579621098
4096,200,142528.7827222688,97563.39295797232,1.460883825387934
2048,700,66931.05737511633,36017.436572769824,1.8582959739482976
1024,200,28601.439909502387,25552.63257851312,1.119314803342532
128,600,153860.41943284706,68959.49422032459,2.231170938424595
512,600,156521.00923880388,85860.7325228005,1.8229638233896897
2048,900,217702.6622276327,119327.18954102685,1.8244179140143295
512,900,149222.64323792036,101546.8599937516,1.4694953959886339
8192,1000,147289.4369786497,109603.29142325721,1.3438413670430676
256,300,53248.22421484232,24009.73900443229,2.2177760535011437
512,400,50569.33190900265,33618.972390895855,1.5041902923450752
8192,800,139733.96140652266,77475.65594337959,1.803585393438197
128,800,277533.0161701334,92675.16199414137,2.9946860647265785
128,100,74891.6750993178,72967.22941615328,1.026374109289375
4096,1000,217526.0297506656,177234.74373613778,1.2273328872498745
512,300,55343.029665625465,22146.00515886802,2.49900735002151
4096,500,124430.12100995678,84889.56492633495,1.4657881815972804
512,1000,464998.45099236706,318872.8660565887,1.4582565670854108
4096,400,37050.50937160928,24898.237602795067,1.488077588569964
512,200,29182.69898203318,18786.158172106803,1.5534149512997761
4096,600,97231.57792255763,86765.25402755744,1.1206280556923855
2048,900,49911.46324749698,38773.95122637488,1.2872421218074397
4096,700,127060.51161509145,83768.6586116748,1.5168025096844884
256,400,160784.1615333369,108365.40803212737,1.4837221992987728
2048,400,36143.271202291806,22105.08631748286,1.6350658252669288
2048,100,21948.854664041493,17347.873752067557,1.2652187223477795
128,1000,278980.6535821845,115440.97043804495,2.4166520129169244
256,600,56979.98977332441,32190.559785344685,1.7700838430049777
2048,500,40917.58874516037,27319.151569382047,1.4977620604813648
512,400,92269.37132776971,60333.80288876994,1.529314694415591
1024,1000,254518.03169211638,111577.13934558528,2.281094794013347
4096,800,99573.26919780948,62454.88761199475,1.5943230867120473
4096,300,45516.195664299084,25368.022265529136,1.794235088091511
2048,300,31102.531460481805,21519.631696399152,1.4453096548899647
512,400,28120.630806839465,18378.334353517806,1.5300968121442888
256,200,32145.891027871752,12441.910416424595,2.5836780648601914
8192,400,44003.65821519121,28824.379087289086,1.5266125276084732
4096,1000,128680.76363431431,93286.52965676959,1.3794141995395393
512,100,14968.718165162183,9574.086555025397,1.5634617547201062
4096,200,33245.65899939553,16584.68314295091,2.0046001912026963
512,200,70709.8564691789,48339.89611714323,1.4627639310152014
512,1000,214907.29118949734,101940.34443496184,2.108167206817794
8192,500,84664.30719906659,79358.12801462926,1.0668637141170867
128,700,194090.91067454944,80381.02878996897,2.4146358114138833
8192,600,69429.52863885385,46448.9967564828,1.494747647680113
1024,800,107883.02665287053,75114.39828637919,1.4362496287537114
1024,100,39914.97957364158,33641.93709583374,1.1864649606810158
2048,1000,183007.0376647039,121618.88196705427,1.5047584281713695
1024,300,124530.847586375,86170.66124077488,1.4451652777552155
2048,300,60556.14867363659,31364.460634147326,1.930725013256166
8192,400,119620.03649405239,78467.90727403564,1.5244453516047018
256,500,143685.33035629237,83700.23600340706,1.716665773205748
128,200,71548.06436701478,36595.856922978,1.955086460131251
1024,500,184781.8522520247,147480.7458449727,1.252921872569466
256,600,109502.65973252256,42749.93105715173,2.5614698556152087
4096,400,114723.60325525478,31325.655831794265,3.6622889516271515
128,500,165757.41349963454,60599.398399554455,2.7352980042266104
256,100,30705.35164136121,17055.23313554162,1.8003478109820692
256,200,31442.61573191913,15726.677746397436,1.9993170991960967
8192,900,102332.13437168676,42142.405953476984,2.428246134894531
256,500,153254.64543562324,75650.02876185662,2.025837239508037
4096,900,56422.10823851527,36333.36856705928,1.5529005557075963
1024,1000,32941.1450520882,23682.09487621599,1.3909725986771173
2048,600,214913.29209013548,160778.42770955205,1.3367047753345283
1024,900,131620.66921735232,85706.05508068645,1.5357219404561366
1024,400,30545.277894005947,20429.860901844946,1.4951290192703914
128,200,52840.021438541466,28980.424713004046,1.823300450625597
2048,400,51066.14437203448,32093.024154301882,1.5911914105230673
2048,800,80286.95027898658,44366.085532812314,1.8096469254563348
128,900,367484.00572481874,164211.80971601093,2.2378658779800804
8192,600,145471.16513133422,97724.37299561259,1.48858632367859
128,700,115226.62166436786,76932.73817319293,1.4977579688502283
1024,600,59060.220763998645,39588.435453367885,1.49185538876794
2048,300,71448.68713476168,42876.67356603513,1.666376637747382
8192,900,134969.61209511882,81048.18639186893,1.665300830329986
4096,900,131578.97637179383,85706.05508068645,1.535235477212446
4096,800,64600.12833697788,39511.64899287421,1.6349641177625438
128,700,171919.05356560953,68977.11224126474,2.492407234508159
128,400,147815.84849826788,49027.35786518295,3.0149666417826713
2048,200,68584.42114782603,44311.444499564175,1.547781209174993
1024,600,81027.94527669088,54360.02424755477,1.4905796382225802
128,300,61326.67270858761,31753.51478726137,1.9313349441615255
128,900,173904.10407107978,100393.00888181973,1.7322332103403293
1024,600,54519.31964426512,32874.997452313044,1.6583824751119245
256,300,59430.69580415795,22337.66806533914,2.6605595369364106
4096,200,26039.0327554075,17444.605877280243,1.4926695930299343
1024,800,94024.22444589279,57706.6904436543,1.6293470258478866
4096,100,29915.45166829555,18096.624174953435,1.653095703324597
128,400,126895.82203462829,50363.62225938312,2.519592839869389
256,400,96014.62541131311,58595.613062953016,1.6385975057238238
128,700,249522.77750994771,86538.92833380034,2.883358764826409
1024,500,127906.89969517522,62598.35627795712,2.0432948610859185
4096,800,112658.77498237128,75591.86163784155,1.490355873521362
2048,100,20230.35355372386,12228.569679313945,1.6543515786597567
8192,200,46643.99337244258,26688.32812098575,1.747730062407512
128,100,18402.066927242737,12506.156799285585,1.4714406050221565
512,800,80282.79390113427,44366.085532812314,1.809553241783268
1024,700,164730.06831856293,117219.7735553616,1.4053095593190406
4096,100,30426.060257216555,20722.565533660163,1.4682574031576723
512,300,125197.03518157595,86191.01916507911,1.452553135980325
4096,200,25315.844693372674,16319.454371522042,1.5512678375785414
1024,400,34441.05358028076,19252.6280861351,1.7889014126379814
1024,400,55939.81282740601,32569.65752594252,1.7175437838991274
4096,700,227206.23701852723,170514.54536366955,1.3324742269578642
8192,1000,38565.11064939923,28003.028411344018,1.3771764283100363
128,400,107734.91300915195,42723.60226027847,2.5216720339454293
128,300,95723.76020396949,33207.329205691334,2.8826094267034157
256,600,164618.01628246746,94961.903825476,1.7335163855287452
256,400,43788.78756619811,26944.926090923545,1.6251218288161664
8192,400,30103.02326331705,20429.860901844946,1.4734815576056397
8192,300,35975.74224821688,25080.65034537924,1.4344022883300116
4096,400,74249.88279344437,38819.630796565834,1.912689051128556
8192,200,80854.73070784815,53640.79281597229,1.5073366082645323
256,200,36347.82832428401,18620.644394921266,1.9520177472589397
8192,500,66994.5072115306,43236.65246550346,1.5494841388329599
512,1000,198663.89419773867,94799.91351609524,2.095612610068566
1024,100,25513.590778902675,16761.07212005239,1.522193246121712
128,500,147621.67914110053,62235.40719591476,2.3719886442839995
4096,200,25972.183434882616,17740.67758730927,1.4639904990698733
8192,900,197146.51001201064,162744.67958603505,1.2113852846893778
512,600,159636.3138099426,94912.1411777341,1.6819377566354226
2048,700,197649.94233222393,101971.47650017287,1.9382865592996377
128,200,40418.28403617214,22407.83808966297,1.8037565192341167
2048,300,30963.716401043253,21245.29525451237,1.4574387425595674
128,500,199708.46963634866,76617.57157086262,2.606562248604301
4096,900,337152.15351353586,212427.5200802827,1.5871397142240138
4096,900,96288.62941545405,60097.90469262115,1.6021961149550097
512,300,78691.0563014662,42586.891465992514,1.8477764775178398
128,500,121842.03067320377,59301.683299989054,2.054613358221929
256,800,192636.79376716225,112709.77703380244,1.7091400483330665
4096,500,49989.308077399844,25362.56656300998,1.970987752884076
8192,400,84811.88231002129,56772.7824606574,1.4938827838638087
1024,800,174749.27737796627,101772.97572271765,1.717049895977041
512,1000,74685.06974572236,31152.82778783593,2.3973769012033066
128,900,235171.83287742976,92800.87521868643,2.5341553333763756
128,100,36919.4757967941,13798.527712172872,2.6756097872836273
2048,200,21346.349500463017,14764.440789441054,1.445794649786471
512,300,53920.19387835609,24597.69281353905,2.1920833911982736
4096,900,134969.61209511882,81048.18639186893,1.665300830329986
8192,300,108315.12463333635,71342.42663188108,1.5182427868935584
2048,300,31413.227404712306,19887.38962467144,1.5795550847830933
2048,600,39451.634058795076,26424.606119149255,1.4929885380658694
512,100,33653.19587839157,21561.33909716274,1.560811957306492
256,400,45725.157858386105,20821.733470226685,2.196030312450652
128,1000,274444.15273324447,108573.46405908014,2.527727701346122
8192,600,37327.055745933336,22032.708212275476,1.694165573578315
2048,1000,76110.95404391106,55734.051128954416,1.3656095780263608
8192,900,341643.5020913548,253619.1459229753,1.347072993436831
256,1000,170671.97832514028,71828.30656007184,2.376110289923137
8192,100,25513.590778902675,16761.07212005239,1.522193246121712
128,1000,272584.1566257455,112758.77583353377,2.417409683731957
8192,200,43125.78104858985,18668.090115124316,2.3101335371019376
2048,500,245714.6969897939,168416.85806467704,1.458967349310318
1024,700,296131.52331578336,185588.29528429307,1.5956368523249533
2048,100,30248.21514681836,16561.60268801602,1.8264062794300684
128,1000,310485.9433996044,105648.99440198131,2.9388442848612826
1024,200,41211.91679362433,27032.28717728225,1.5245442060950931
4096,600,134364.2354865833,63281.703420590464,2.1232714706422415
512,300,60940.67906328187,34690.24422950583,1.7567094270108567
256,300,73344.44265110834,22146.00515886802,3.311858826228924
8192,700,197649.94233222393,101971.47650017287,1.9382865592996377
128,200,61411.30178399403,22557.733121605976,2.722405724588248
128,500,116324.30902089084,56208.21260609286,2.0695251392548553
1024,300,24722.083539210722,19555.262961639615,1.2642163691537438
8192,1000,228934.68103229644,154192.8048722063,1.4847299860848604
1024,100,18440.093047277827,11936.420001605858,1.5448596015218132
512,1000,68040.70280682339,40844.58099378827,1.6658440642877732
8192,600,34653.455880509726,20442.695272351662,1.6951510267522225
2048,900,295327.0413522837,236191.38873228242,1.250371755453922
128,600,168334.9580263995,61581.31829191577,2.7335393703076676
2048,100,14043.057965730808,9169.349964976815,1.5315216475943851
8192,500,45044.380720819514,20558.185404494525,2.19106792912626
8192,100,37121.5584462888,25440.224664257337,1.4591678704175652
4096,500,84097.37714243842,30807.185918026305,2.7297974364231123
1024,600,37248.12427672435,20442.695272351662,1.8220750141054882
2048,900,45141.50300890228,38891.783213405324,1.1606951206429326
512,900,148046.75251506583,91856.52223014132,1.6117173709684227
512,900,130595.52681686405,96310.49967324318,1.3559843138592487
1024,600,67010.78986035651,37315.749872411354,1.795777656605518
512,100,16033.453524835328,15312.764243852314,1.0470646102497367
256,600,174646.7649380694,82210.52420515442,2.124384519216086
128,800,247061.86207626233,88007.77202189426,2.807273225991895
256,1000,219119.54525113665,117216.61555814055,1.8693556728947807
128,300,78931.92829279907,34152.10038414554,2.3111881086365544
8192,1000,119340.27731786756,81704.81311790232,1.4606272600569592
8192,300,97369.74081865205,69759.15177939474,1.3957988068228324
1024,300,31104.60934695352,21519.631696399152,1.4454062126053118
8192,800,291104.07308613556,178142.21764117235,1.6341105266383267
512,100,26386.555184223147,17402.954696611207,1.5162112206935339
2048,100,28276.36456042966,18595.337664656734,1.5206158161985512
1024,600,69437.39988500807,46448.9967564828,1.4949171076621117
256,300,119840.52446693592,81301.47690523788,1.474026414140272
128,1000,302653.99125589983,108467.36333138205,2.7902770193763455
2048,900,150281.13330182462,81142.94619253738,1.8520541877446126
2048,200,83954.16308077137,58164.57654757025,1.4433899129671983
512,100,25615.24727158856,16761.07212005239,1.5282582813388963
1024,300,108315.12463333635,71342.42663188108,1.5182427868935584
128,400,171411.0014614151,93117.14843824577,1.8408102517775542
2048,1000,83597.3211730182,45809.33523320091,1.8248970596811882
1024,500,54049.731246260366,31663.06987732136,1.7070275073034984
4096,1000,464530.40832308907,318823.5863822797,1.457013935493788
128,600,132438.78842949748,55871.60268351879,2.3704132702204506
1024,300,46048.41235877798,27248.226586824265,1.6899599763694144
2048,800,149767.1873217636,86811.4173682552,1.725201498397949
2048,600,549054.7235205447,370329.8703327854,1.48260987704598
4096,400,48035.28940150609,30788.555312709123,1.5601670462815687
1024,100,30426.060257216555,20722.565533660163,1.4682574031576723
8192,300,180382.18454429926,148542.84856807854,1.2143444553753018
256,700,95924.54534444911,36575.40564901358,2.622651578084033
512,400,45143.9655188109,28990.714279328946,1.5571870732070787
256,200,48692.75419980884,22182.883245990513,2.1950597521451547
4096,300,31102.531460481805,21519.631696399152,1.4453096548899647
1024,700,31144.7339900296,20241.050244316226,1.5386916001937783
1024,200,56605.342826735345,34123.56738045935,1.6588342653514603
512,100,20906.5734401186,13344.194099298318,1.5667168271494143
2048,200,36413.652120677536,24882.517172980835,1.4634231684653676
1024,900,69684.03052933398,47268.417986599445,1.4742196480764247
8192,400,302885.23559136427,206533.6195535207,1.466517830105017
256,500,154787.71517825822,118964.10663554122,1.3011295554252034
4096,500,41130.89975246819,34433.87820574358,1.1944893196958437
1024,200,39808.666687793826,25789.8571929023,1.543578407202258
128,800,342400.0065507711,205600.62385254813,1.6653646284474908
1024,400,28514.775139236455,17742.443550288524,1.6071503938234457
4096,600,151399.08039678354,102007.14592153949,1.4842007295570714
256,400,71955.10142083054,30799.159109877237,2.336268375514014
8192,800,46665.32233194451,34002.287907534934,1.372417128483976
256,900,398338.8923153502,230159.98859425177,1.730704345044005
1024,500,49991.24744397022,25362.56656300998,1.9710642185905556
4096,700,40650.85153763801,25871.051952994367,1.5712871518134384
2048,300,29230.830462911334,19296.06042391556,1.514860019130258
128,400,134475.33517783054,57575.34732942383,2.335640884776861
128,500,136226.4170825175,58198.746717059876,2.340710492354731
512,200,30544.65001692087,20173.677302438762,1.5140843961665025
128,300,121229.64930177286,42886.675174210075,2.826743943411924
512,700,166954.37130200973,107262.5973375693,1.5565012916532561
4096,700,125981.36045826515,85438.44490528817,1.474527779595244
2048,400,75116.81867526633,43244.960742362484,1.737007442850616
8192,400,167990.64590068866,123287.74065024371,1.3625900273187996
8192,500,135972.82959690917,83700.2145046859,1.6245218772921644
256,900,102957.45856090644,48142.95380320393,2.138577931503127
512,800,86765.06037891352,72564.78502388351,1.1956910001229415
512,900,206036.48225578625,107835.44573164219,1.9106563788731008
2048,700,128156.13293126904,84599.65574644411,1.5148540712195
256,600,115335.08885223423,54695.76403720911,2.1086658333133923
1024,200,13337.80693919006,8778.22964733385,1.5194187752015647
8192,100,39516.415388425055,26872.954657817776,1.4704901597759028
512,300,50207.25703732587,25922.78608210399,1.9368001910869783
512,600,130884.18261842431,77283.67991443432,1.693555259834088
512,200,54105.385131227406,36722.781297896625,1.4733466044503118
8192,500,160225.74585564344,73187.77810821602,2.18924183787534
2048,100,22960.881816398218,15982.980607392092,1.4365832243942573
8192,300,35624.65146721102,21017.690379287385,1.694984121676784
8192,200,52881.80011524678,35921.64382160135,1.4721431006296684
8192,900,150467.78059407955,101158.61654056568,1.487444033338874
4096,1000,267355.0455965212,164826.80934945482,1.622036164212175
256,300,51978.95036249867,17827.437375652476,2.9156714600769287
2048,600,77466.16028041922,53722.666447453994,1.4419641727237922
512,500,78217.73597082648,50986.98493784023,1.5340725886455944
128,200,54998.94494932377,28752.091133108686,1.9128676482939786
2048,900,68301.63445573385,42308.40617125458,1.6143750293798524
2048,200,33049.12310402185,20983.392416218016,1.5750133461965024
2048,400,64194.59406594949,42692.918385157594,1.5036356495195011
128,1000,312712.8947781767,119877.02488971625,2.6086140781844094
1024,400,41379.22242661801,27677.385709128852,1.4950553083837639
8192,700,189366.61318368156,85672.54241504308,2.21035360741706
512,100,38827.909930481546,26077.67380743252,1.4889330320335177
2048,700,154216.01543178043,87919.86057306842,1.7540520927420558
4096,100,18402.066927242737,12506.156799285585,1.4714406050221565
256,1000,252224.93507563,154489.75373513065,1.6326321259341523
128,600,230126.0814177891,90318.97399063353,2.5479262136176852
256,700,75018.15172729867,41935.33336202956,1.7889008078143482
512,800,113650.08814706712,101845.3758611526,1.1159081812610527
2048,900,41520.10015933108,25632.20759839876,1.6198409754579561
8192,800,51221.93756353484,35597.83621265971,1.4389059283698458
128,300,87633.3497746428,30116.443643117553,2.9098173347791505
512,500,50659.80287167138,33191.11398476165,1.5263061943304996
128,700,282614.9115314757,103514.09104961141,2.7302071502132623
128,700,247709.06446254542,88156.94624075736,2.8098643955525624
512,700,206661.00777317342,156144.92700669277,1.3235204737987767
4096,400,50258.68228465413,33618.972390895855,1.494949985391712
8192,100,21948.854664041493,17347.873752067557,1.2652187223477795
1024,600,71379.15031291998,49110.74686009548,1.4534323926341772
128,900,238357.83635319222,102336.6893389555,2.329153286986966
512,100,39914.97957364158,33641.93709583374,1.1864649606810158
512,1000,192537.41800795367,131821.8771527211,1.4605877428440128
4096,100,36717.37109124999,23406.310004142215,1.5686954109704654
4096,700,70438.34646396336,58796.06304945136,1.1980112750869063
1024,900,145967.8509625535,106758.6671591515,1.3672693266669442
512,400,297147.6461843627,199256.12813637196,1.491284855143794
2048,200,65659.18336271492,44463.976038674446,1.476682681404943
512,400,62391.208635831135,36379.94568810993,1.714989053879277
512,700,40751.77637412998,25871.051952994367,1.5751882238175974
256,500,141952.84545576398,62646.179782811574,2.265945759947393
2048,1000,815205.5960796127,578726.0804275025,1.4086208029149538
128,600,176984.92024528477,65760.98539115372,2.6913361956570236
128,200,70573.71384914526,27814.232772578187,2.537323766080051
256,300,52868.21328257169,19556.161831988105,2.7034043661929053
512,400,44804.07516207268,27854.974889369056,1.608476594935733
256,1000,438570.12561811943,282352.83372106106,1.5532697860273181
4096,400,55939.81282740601,32569.65752594252,1.7175437838991274
1024,900,341643.5020913548,253619.1459229753,1.347072993436831
1024,300,114831.00238034688,77306.4040908596,1.4854009021734336
128,700,160815.6847165136,77115.47929902589,2.085387864775224
8192,100,45984.11154623462,31888.171785391976,1.4420428946415804
256,700,118035.57854452006,52221.72197707259,2.2602774109276282
128,1000,267148.4830915631,112135.50198644286,2.382372026335257
128,600,232598.7644600998,78385.53990888693,2.9673682764763223
2048,1000,48485.114070407006,36609.43763730977,1.3243883872445608
8192,100,13603.703870539184,9768.925659236022,1.392548612311076
4096,900,99216.15948432154,92225.73944329564,1.0757968446034951
256,200,44722.45275763132,24001.323039952378,1.8633328122448392
2048,400,98064.062762454,66503.6244481076,1.4745671920328618
512,800,117025.9291434233,48425.21287150835,2.4166322088028886
4096,500,142725.3633796398,59644.592375848035,2.392930485303036
256,1000,119520.53843172942,59696.58443065613,2.0021336157107132
256,300,82971.7508456078,42876.67356603513,1.9351256509631403
1024,400,92259.34994440747,60333.80288876994,1.5291485954315653
512,700,185412.37107486176,79385.89031895016,2.335583443480032
1024,600,161362.19943724122,60935.422956383656,2.648085327195333
1024,800,33795.5004403741,21523.526764125163,1.5701655593312678
2048,200,41211.91679362433,27032.28717728225,1.5245442060950931
512,800,151827.80853983428,106838.68689460534,1.421093921620452
4096,900,224651.99534978077,117302.28488761534,1.9151544709040813
2048,100,10723.920294172127,7152.901243328333,1.4992406478664249
256,800,179310.83594462313,92708.63347505928,1.9341330922848927
8192,100,23057.52801675867,15423.483362375071,1.4949624202925862
256,200,50944.83414784284,38240.07191018615,1.332236881444579
128,700,337761.11406846123,188120.42398621296,1.7954515884634366
8192,600,188186.7087453658,129100.68041493383,1.4576740272826412
256,100,18563.19181664951,9669.996324546642,1.9196689630096426
256,600,103845.955101448,60144.36411673883,1.7266115724473432
256,1000,137467.7678372931,53373.921035885694,2.575560595311469
1024,600,139074.72171416885,98570.30723941623,1.4109190242896568
128,700,254148.8073308348,81990.87854229896,3.099720503662122
2048,700,140151.8098843008,112840.09344125881,1.2420391157976103
256,900,93232.64609160928,48180.01047654898,1.9350897845277368
8192,300,61985.713604443226,44731.78923694513,1.3857195221077283
4096,800,271665.8039463236,194034.7845986657,1.400088156915921
4096,700,185175.41779703458,79385.74559253757,2.33260286736466
512,900,120646.55282337294,62743.09571777348,1.9228657981119812
128,400,106255.04587016595,45577.515792113525,2.3313040218078696
128,500,138849.02823328914,58953.46568758445,2.3552309709678463
256,100,35152.00061100199,22657.026405086697,1.5514834110406501
128,400,141359.71621922823,65575.75754197258,2.155670350109935
256,1000,122909.12545266605,59303.79193163881,2.0725340058245676
512,300,44998.988409794634,30136.71866331647,1.4931615121247115
128,700,126320.62125496934,80281.32480017202,1.5734745480271233
512,900,48571.03189010397,28000.950357785674,1.734620834988866
128,1000,226364.51772084224,103156.1218404,2.1943876299563345
2048,1000,125590.31647107044,86205.71645145744,1.456867614362796
256,100,74740.00858265856,72899.20165737675,1.0252514003367763
1024,700,164596.33474876714,110859.18311471,1.4847334259937075
128,400,54401.56370985139,37234.73001022396,1.461043592767122
4096,500,53084.88017158673,32672.0883644722,1.6247776872846458
512,500,31208.335383744197,18951.21109794996,1.6467726111245813
256,1000,119392.07878759668,61544.84579607809,1.9399200248740387
2048,600,57725.96240829484,29865.350306368007,1.9328741105034448
512,1000,77755.5687251813,49861.11429733623,1.5594430614105892
512,600,72767.42833610276,42366.510409600676,1.7175695527572394
128,500,115541.81429387303,57751.23288601085,2.0006813451399212
1024,700,47992.78169288795,36367.46158537439,1.319662676489602
256,700,106033.26238971387,36804.73990335795,2.880967578310198
128,600,186648.66446122038,66694.55216133053,2.798559378728975
256,500,88543.73185252887,36276.16196639806,2.440824140507072
2048,200,31972.31816418522,18018.92824454402,1.7743740210445742
128,500,108723.47136912898,67322.36886313646,1.6149679995687498
8192,500,39435.64334634723,25394.86628937575,1.5528982471093224
4096,300,30971.619795532613,20366.163083435094,1.5207390645282377
128,1000,333698.01499878516,118390.41659287378,2.8186235389839087
256,200,43648.443144315184,17417.097389354636,2.5060687305448037
1024,1000,184463.13147436074,126915.44900670389,1.4534332338422968
1024,100,15293.930445205879,9719.306867957976,1.5735618447881283
256,200,29987.46655806698,12853.18145079113,2.3330773530954247
2048,200,27425.296600211317,24576.88970803912,1.1158977773839494
8192,400,32074.709536660528,20821.733470226685,1.5404437667269464
4096,1000,184300.05862259492,119739.81211684954,1.5391711024462231
128,200,70864.32833004798,38161.73671411596,1.856947152613088
1024,1000,120690.08621612721,71753.33995595953,1.6820134963780624
256,1000,131211.35400935198,60202.342442558154,2.179505791399177
4096,1000,179396.30738149525,120557.43492411824,1.4880567714003838
1024,700,53916.50941497877,27791.12101437876,1.94006241731246
512,600,59052.216380999605,39588.435453367885,1.4916531988377906
1024,300,72242.83170423993,45111.95494347674,1.601412126669238
512,800,327608.294615647,205909.12032910428,1.5910334330603282
512,300,40339.85584463001,17754.018043071766,2.2721535906274477
4096,300,59061.235381215934,27038.37020234757,2.1843489433430427
4096,600,159634.91403796745,94912.1411777341,1.681923008554115
4096,900,205188.41333358083,140681.77176184164,1.458528782825835
8192,300,34543.5501848874,22793.463249481996,1.5155024844972795
4096,300,123713.60861958565,84396.74424018276,1.4658575959697204
4096,200,33177.04985449475,22891.533499154106,1.4493153049672585
256,1000,380544.15146813577,185455.41127141757,2.0519441781679912
256,600,77821.23278528398,60947.46333963169,1.2768576167251238
1024,100,37503.72099987332,22966.616877245033,1.6329667186215584
512,600,71082.23238507667,45650.69479994113,1.557089825173227
2048,800,483140.3080679672,326585.71281524695,1.4793675568449771
4096,400,47647.80276174059,23356.891524972118,2.0399890418122526
2048,100,23057.52801675867,15423.483362375071,1.4949624202925862
4096,1000,309618.7996016269,206016.54078620241,1.5028832074359488
4096,600,59054.17374736379,39588.435453367885,1.4917026417203336
8192,400,89745.58375361068,51713.80244658222,1.7354280580375692
8192,100,14981.155248079422,10046.708265968835,1.4911506188375165
512,500,73684.38065281548,49634.30850272633,1.4845453251105154
2048,400,96359.64367000625,65093.08835076349,1.4803360250900743
2048,200,43125.78104858985,18668.090115124316,2.3101335371019376
2048,600,38396.432864437855,21988.935751463338,1.7461705877185356
1024,500,31205.55968800199,18951.21109794996,1.646626145775857
512,700,71301.58986425122,45768.474478069315,1.557875604930125
1024,800,100491.24754737802,73049.88481197703,1.375652375168452
256,300,129291.42528001727,84846.08854279631,1.5238348343518837
128,200,70997.35243385124,27229.664207085396,2.607353212067048
4096,400,168136.1655023767,119390.3076755318,1.408289908753079
2048,600,71219.36235972554,46223.89145421828,1.5407478712661746
2048,1000,59435.832641251814,39591.47510076323,1.5012280418949593
128,900,554377.2821871048,338702.04289260175,1.636769821205038
256,800,152597.34367365655,83720.49717761383,1.822699921978722
256,500,252846.73702402174,168436.94284215264,1.5011358717248393
8192,400,37055.99876186717,24898.237602795067,1.4882980616149024
256,300,36989.85225081988,17418.244921114812,2.123626830277251
4096,1000,214822.77274061998,101937.33712569342,2.1074002794062947
1024,300,59021.169162445374,35881.381746181236,1.6448967762710767
8192,1000,77855.87570941406,71261.14520805598,1.0925431451052874
1024,700,70374.59195208596,62690.77299864583,1.1225669837187382
8192,600,82653.61366076148,57412.70684815128,1.439639727828352
512,600,115483.52307822097,57983.443607786474,1.9916637559400305
256,1000,94509.52351915705,55640.122759479964,1.6985858195838455
1024,300,57981.20944609682,51521.92639179481,1.1253695951735743
1024,300,61985.713604443226,44731.78923694513,1.3857195221077283
8192,500,62284.807450883236,35523.310698868714,1.7533502994377936
8192,200,13337.002033604393,8778.22964733385,1.5193270818171345
256,800,113385.29936644243,46494.13725231726,2.438701007637072
128,200,74315.37677842261,40631.50178593928,1.829008860414305
1024,100,36717.37109124999,23406.310004142215,1.5686954109704654
256,900,175359.46064179015,109178.41073047477,1.6061734134845982
512,500,43000.22035654939,27177.07231873392,1.5822241576370288
512,500,136008.63089372186,83700.2145046859,1.6249496097301819
4096,700,82145.11535397274,50507.556653425,1.6263925795824918
8192,900,36059.09624259273,26705.78819422772,1.3502352366587953
8192,200,33177.04985449475,22891.533499154106,1.4493153049672585
256,600,125543.35634367427,49150.780725377634,2.5542494847666473
256,700,102967.67420065787,38442.1107621229,2.6785124999460788
512,700,164849.50268487824,117219.7735553616,1.4063284519742025
4096,400,86037.23810275293,61717.64616532399,1.3940460054533461
2048,300,64753.401308004766,60345.735579996704,1.0730402187601986
256,200,25542.140207636083,11203.919044831486,2.2797505145682937
256,700,162379.36581879423,91180.96638460988,1.7808471686279657
128,300,69697.46651640662,35497.12014444446,1.963468197780398
128,1000,220313.26285672764,117138.12384079055,1.8807989716154974
2048,500,184781.8522520247,147480.7458449727,1.252921872569466
2048,1000,114455.89137948738,90498.72860811553,1.2647237496021957
128,700,212093.07066742086,85497.95080545712,2.480680164487445
256,800,251331.2066722652,172736.1432098089,1.4550006848711048
1024,100,27426.052329025628,17055.23313554162,1.6080725552717379
128,600,174325.48966205932,60795.15345049714,2.867424124589224
256,900,151748.19161976821,67774.43745665345,2.23901809169308
256,700,67864.42683174137,41611.35817859911,1.63091112144098
128,700,207529.1717831176,79467.31686824554,2.6115034452112535
512,400,302908.96246636653,206581.12796171213,1.466295423280426
1024,500,152288.54507690985,96130.13367832509,1.5841915458736855
128,800,190521.82924280164,85356.69591600649,2.23206659065483
4096,700,76869.01084757499,52975.489317583066,1.451029746733485
1024,400,38704.296025354175,25570.574939108395,1.5136263505033154
4096,800,63130.97767535617,42204.59269378442,1.495831937851011
512,600,99082.06813065225,86768.76873065204,1.1419093480307783
1024,400,226687.47062018266,165750.015347174,1.3676467549361686
1024,300,29230.830462911334,19296.06042391556,1.514860019130258
4096,900,295327.0413522837,236191.38873228242,1.250371755453922
512,1000,68939.07631306964,41869.496402295794,1.6465227011731998
2048,500,40174.365740336114,35496.811911768345,1.131773913674118
2048,200,25126.470873762188,17264.052041610656,1.455421404731702
1024,600,549054.7235205447,370329.8703327854,1.48260987704598
8192,100,54324.420074582755,42240.77972062386,1.286065750534882
2048,900,83367.62371098556,52808.3450619316,1.5786827557882226
2048,100,25343.284679115888,16755.433804020933,1.512541243368707
1024,600,74833.05104883325,65224.14081258479,1.147321376970817
8192,800,95850.03556800328,37633.65937538682,2.5469230778735046
8192,100,16759.011582863037,10684.936517822294,1.5684708612830116
8192,400,50989.28060457625,33065.00032101046,1.5420922458656738
4096,500,70198.2425769406,39732.50716487814,1.766771029213905
256,100,33677.522718351705,21991.561029855697,1.531383910065828
4096,500,245714.6969897939,168416.85806467704,1.458967349310318
8192,700,42988.20692279432,27178.2605478337,1.5817129594123633
128,700,164193.53836075868,66112.1861711238,2.483559353728866
1024,300,97369.74081865205,69759.15177939474,1.3957988068228324
8192,500,44345.89498886655,25733.754935474775,1.72325784169703
128,400,108365.12403925524,41136.22764878972,2.6342990165371543
4096,800,327195.3364537528,205904.23331794323,1.5890656116259647
128,500,176465.720933529,57987.80143842503,3.0431524657976734
128,500,324506.0511462287,221529.7019201307,1.4648421784236616
4096,900,76363.37989132339,56582.92351860468,1.349583498742599
2048,200,29783.72465305439,20330.555626091365,1.4649734714987932
256,800,131920.6657836259,64365.04481652209,2.049570013656896
4096,600,164236.8623479035,90097.16084726775,1.8228861021083338
4096,400,53197.40583152903,26546.468859735378,2.003935292208175
8192,200,21346.349500463017,14764.440789441054,1.445794649786471
128,500,171873.74811808838,87204.24932258134,1.970933176459121
512,100,26349.538542939612,17734.942567173664,1.4857414081346425
256,300,44107.55675946798,17384.468310224045,2.5371818092088394
1024,1000,80949.58673033006,52314.885183268474,1.5473528508520866
8192,600,45243.83472092553,37431.907055873475,1.208697025598814
128,500,131164.8673429713,58407.96924960856,2.2456673126647066
4096,300,37978.23909339027,26379.630010700643,1.4396805064356386
1024,300,32673.69064528078,20808.7058656712,1.57019330544643
512,500,51473.19938653843,25985.590155750757,1.9808362664854513
128,100,45087.62622945886,26334.026394242417,1.7121432763246818
1024,200,19312.598007490018,12852.994725313132,1.50257573586762
128,100,54056.94441135205,37075.777084129346,1.4580124453950194
512,100,26737.448709118922,17587.547381984677,1.5202488515542931
4096,700,39786.51534840652,18573.466244444164,2.1421157916771603
256,1000,305146.7428389861,209656.4276123502,1.4554609477711564
8192,100,33677.522718351705,21991.561029855697,1.531383910065828
1024,400,50726.422906497995,35230.280282919535,1.4398529474967405
1024,500,225523.1092057651,137454.56157220542,1.6407102581844613
128,600,180991.9465319531,68626.08174271135,2.637363840915716
256,1000,265231.01316629077,162325.13891493177,1.633949090937097
8192,600,255590.318627521,175112.73155290165,1.4595758764136861
512,300,118537.12245862103,81292.85491094316,1.4581493365988831
512,300,103909.26384375332,70018.5887807258,1.4840239663950026
2048,900,86870.31959079763,48708.8308539422,1.7834613984327827
8192,700,166739.68018956415,122288.61167366114,1.3634931160599397
128,900,231911.89294660382,109027.86800752781,2.1270882131767586
1024,600,203485.42912727574,144998.64652732457,1.4033608864682023
8192,800,84569.90298961275,72564.30205494602,1.1654477559168974
2048,600,130557.46053424603,77257.17482380915,1.689907258866147
8192,900,120597.66554008126,62739.76887384828,1.922188552886904
8192,500,53203.85981137883,44576.14394763512,1.193550071847375
512,800,137940.42707609246,76638.84971024984,1.7998760106343823
128,300,80870.45451248121,33498.244300831684,2.4141699423474976
8192,500,286560.20858240424,194192.53228838427,1.4756499913027037
8192,1000,76086.39277341077,55734.051128954416,1.3651688910494988
128,100,40592.94482441574,16571.57534387376,2.449552561061872
2048,600,55901.93947563078,38888.55219463944,1.4374908892426328
8192,500,142725.3633796398,59644.592375848035,2.392930485303036
512,400,32074.709536660528,20821.733470226685,1.5404437667269464
1024,300,39657.5907579235,27498.558447783562,1.4421698080366092
2048,1000,217474.6940211404,146820.54879419197,1.481227905815752
512,400,75126.16398100829,43244.960742362484,1.7372235444629547
1024,800,83981.03874491632,48658.058952929256,1.725943051410204
8192,1000,192265.3806361151,131795.2356400754,1.4588188996541567
4096,500,105357.29014142368,50105.57823296487,2.1027058035647666
2048,300,49465.40166154747,23136.448596413335,2.1379859339871077
2048,300,55342.94406165437,22146.00515886802,2.499003484585262
128,100,52541.84095832901,17055.23313554162,3.0806873492005447
1024,400,37297.31957640864,25217.910930007634,1.4790011623059274
512,700,296145.2544345873,185615.93158269516,1.595473254420779
512,200,31799.04925656624,20395.27794022972,1.5591378234587605
1024,500,98377.03827911125,66624.56129320196,1.4765881586247558
8192,300,45516.195664299084,25368.022265529136,1.794235088091511
512,200,33049.12310402185,20983.392416218016,1.5750133461965024
4096,800,94014.25640195316,57706.6904436543,1.6291742894829522
2048,200,20818.689951367873,13077.143533780867,1.591990628350071
256,700,171539.30639145736,110869.26045606905,1.5472215263799678
128,1000,166221.63443989967,109034.07151832568,1.5244925932346047
4096,700,108203.91787986514,55459.99725740356,1.9510263835330537
4096,100,14331.032584853887,9732.32942883104,1.4725182382749658
2048,100,44426.73575899922,30604.556396122767,1.4516379582168215
4096,500,87845.62348506904,64104.02639356487,1.3703604660609507
2048,800,109252.06378520322,86685.18505562302,1.2603314362782958
128,400,101558.78495976888,43295.9730501957,2.3456866263757483
2048,400,97800.86912617269,60976.254062611086,1.60391730567361
2048,600,203485.42912727574,144998.64652732457,1.4033608864682023
512,500,42459.987540623835,25759.53690717348,1.6483210740019025
2048,1000,135062.24082492047,83534.45135846849,1.6168447703730353
1024,900,52322.20971095396,40551.107961236245,1.290278178366174
256,700,131052.09538712172,61540.66731447565,2.1295202198156136
512,600,31873.006464846934,27028.610176991602,1.1792321638490748
256,700,167538.1839832058,113100.77405254016,1.4813177485892106
128,600,169184.9700977971,72562.56792254497,2.331573632818359
4096,100,34658.31625222918,22952.360678378518,1.510010963049995
