P,n,Paper,Min Time,Time opt,mast
1200,100,0,221311.91941101072,169081.18989576728,0.0
1100,200,8321.319670106166,421409.8330652013,366975.56640787574,0.02267540520901443
1200,100,48938.277838052665,257753.69697120297,165093.24446004868,0.2964281064201592
100,700,0,14252414.497221192,14252414.497221177,0.0
3500,300,22596.291007034677,323371.91994694626,179479.86652842147,0.12589875089669988
2000,200,8321.319670106166,265059.47184641095,201836.56152433166,0.04122800947093533
200,300,0,3186201.3555993913,3140897.664247376,0.0
1200,100,77938.11439889878,277706.6591209586,169571.99007315317,0.45961667587480903
2000,200,19823.248725149642,353362.90425435075,214724.98832849332,0.092319244627567
1800,500,0,880037.4682231958,567495.4797849066,0.0
3400,200,8321.319670106166,184189.44773684433,118727.3891319598,0.07008761610059006
1100,200,0,506669.9555202331,390409.0696881697,0.0
1300,600,0,1200176.3726941636,935483.819033813,0.0
3700,500,8397.590111466117,490192.87968493905,276078.8820575221,0.030417357709078406
100,700,0,14140035.317148399,14140035.31714842,0.0
3500,300,12180.469558659965,320418.40908900363,170411.3910135057,0.07147685073291034
200,300,0,3019869.467012975,2982199.34273635,0.0
1200,100,0,256000.6502576229,169630.99954540562,0.0
2000,200,59468.68658819078,353697.31892003445,203089.54220536858,0.2928200336778284
1600,300,22596.291007034677,562397.1628535122,392612.208030922,0.05755371469563423
1200,100,0,212123.93383532081,174019.86609994428,0.0
5000,600,8801.493417169559,326753.82605874323,243225.79294879135,0.03618651340576622
2000,200,21229.921074480735,446834.2694603687,205435.18723653464,0.10334121121148034
100,700,0,14146956.62788111,14146956.627881126,0.0
3500,300,0,306701.12958075333,180595.0249906225,0.0
1800,500,20283.00204746246,791036.918495002,554723.6300232235,0.036564157266228796
200,300,0,3188464.075716273,3160412.937335894,0.0
1100,200,59468.68658819078,507696.10398113134,369253.71310067014,0.16105101852280562
1300,600,22850.236920454383,1314105.0136648049,940880.1196031732,0.02428602373923229
500,500,0,2228681.744306794,2042983.7272256636,0.0
1200,100,0,218104.4114115325,153730.97300873147,0.0
2000,900,18830.26442658507,1290497.6906149613,900315.3143231972,0.020915188409008155
2000,200,57554.19533004175,337049.1947122531,177867.76952878715,0.32357855210371234
3700,500,20283.00204746246,486719.269008967,269865.5497410276,0.07515965660280366
100,700,0,13780108.965838984,13780108.965838986,0.0
200,300,0,3014555.256599969,2976039.5403600456,0.0
3200,300,22596.291007034677,358545.6929592448,196306.104015461,0.11510742939126846
2000,200,18738.624879358013,294462.42244890623,193303.51299842403,0.09693887394333482
1200,100,73383.29175993473,267699.13117508806,169725.95749798173,0.43236339827870673
1800,500,0,835359.2676434472,542754.484725673,0.0
3500,300,11469.2262796653,314560.0176014799,170059.4023062883,0.06744247083150662
3400,200,19823.248725149642,254665.1456768286,126308.8166638196,0.1569427158668639
1100,200,0,574609.6261092683,373518.5222482448,0.0
2400,400,0,532336.1416088134,329387.2328700594,0.0
200,300,0,3066957.6252306513,3026570.615864552,0.0
2000,200,954.3382201655949,274184.58563318686,197442.3411615041,0.004833503363824906
1300,600,0,1315355.2886777928,890844.2388861855,0.0
1200,100,33722.92225476102,210922.16750083133,165726.72080175148,0.20348512353117543
3400,400,11653.481520046196,402389.09170937166,232508.63496710072,0.05012063969880142
100,700,0,14397729.157720087,14397729.157720117,0.0
1600,300,9532.774810903027,534420.2223700915,372774.91784204374,0.025572468410930905
500,500,0,2151356.474177659,1997005.0680836043,0.0
5000,600,17300.89366834403,342540.0310753743,244628.83109682502,0.07072303616369843
2000,200,14112.910831860738,360289.16221143235,216657.9146813661,0.06513914274775642
3500,300,10460.738706951384,321311.21247888997,172946.89233511727,0.060485265538519926
200,300,0,2768085.0422864594,2732229.1933983755,0.0
1100,200,57554.19533004175,449204.39146323124,323395.9445977948,0.1779682036570418
3700,500,9063.95521004553,442739.8620436019,264042.72229897603,0.03432760854428094
1800,500,50087.937502267276,929140.0247602599,579319.807501701,0.08645990841961709
1200,100,0,204843.26730033563,157242.31307243727,0.0
2000,200,0,315417.51240515383,200553.5610665102,0.0
100,700,0,14334222.741272774,14334222.741272766,0.0
1300,600,42344.93258939453,1400495.1280891898,964387.9269386316,0.043908609187814036
3400,200,59468.68658819078,284690.6183887159,137320.72161632078,0.43306418644047406
3500,300,30354.250856294544,292257.23573792324,156127.38247990716,0.19441977681398065
2000,200,22566.67935407699,349408.3500592975,212701.42659441868,0.10609557122109657
1200,100,47290.783852739885,299350.84423189226,177737.28703910217,0.26607125966953643
2000,900,27959.54175125198,1470541.7636605303,925775.5014246308,0.030201211533710286
200,300,0,3005343.9706387473,2993366.0284266425,0.0
3500,300,7674.8043375273755,319574.7375499214,171049.4873386653,0.04486891166374461
100,700,0,14490569.122796662,14490569.12279665,0.0
1800,500,25002.704552452313,811071.005165696,551635.7968264758,0.04532465930654105
3200,300,12180.469558659965,367938.67233290547,186387.45892102187,0.0653502635272323
1100,200,0,438299.5335376309,351460.9327244073,0.0
3700,500,50087.937502267276,570333.5302264025,281831.25770353025,0.17772314508476847
1300,600,0,1258582.4154629703,964797.7021057307,0.0
5000,600,10610.795124079985,348757.11075499724,277514.5116622374,0.03823510006926907
1600,300,0,565757.3983094709,395051.61716698675,0.0
2700,500,9668.938415194056,677186.829333496,378330.3198566043,0.02555686897856561
3500,300,11669.537646593615,297362.1921439467,173308.88468557372,0.06733375307195079
500,500,0,2118332.4545701668,1953916.1450124227,0.0
200,300,0,3052898.6326301033,3032905.48199754,0.0
100,700,0,13142467.835551554,13142467.835551558,0.0
2400,400,20080.345240725746,507775.8292253546,317201.1162837889,0.06330477482544719
1100,200,0,422710.42444368126,358986.0748390983,0.0
1800,500,16516.073415010378,800569.4940058966,547300.3745911262,0.030177347178592932
3400,200,21229.921074480735,304360.76809076,154040.8405168634,0.1378200807217526
1300,600,41874.01463545452,1193593.0727232727,946184.5799480123,0.044255651088453876
3500,300,19407.870392785975,273991.32561085845,172711.84612353108,0.11237139100988253
200,300,0,3038126.2609159825,3022457.3071617936,0.0
3700,500,25002.704552452313,465990.3191709321,268363.3606182855,0.09316735524122327
100,700,0,13554170.730965903,13554170.73096589,0.0
2700,500,20283.00204746246,626776.4687510246,369815.7533488156,0.054846235899343204
5000,600,42344.93258939453,400414.89458298683,314954.4837664354,0.1344477845909848
3800,800,12476.399171677162,738573.0659527276,429908.43101980514,0.029021061862130347
2000,900,38941.34540270332,1440876.059400145,908886.8041248039,0.042845099330274895
3400,400,20080.345240725746,423269.5169223436,223906.67031796864,0.08968176433605018
3500,300,17023.898678586753,300931.6916194497,176782.64685681794,0.09629847149180296
1800,500,22964.237086399186,886988.8912307131,573900.3967405998,0.040014325163080365
100,700,0,13759680.3565304,13759680.356530404,0.0
200,300,0,3107638.724464602,3093696.3199943136,0.0
1100,200,8247.928589837702,513112.86524873413,393923.4812388474,0.020937895257979657
1300,600,15876.598754913452,1220651.0690558988,932884.7747914629,0.017018820741781862
1600,300,9454.21081173589,559508.647316486,372004.9425450057,0.025414207529224173
1900,900,18830.26442658507,1343200.0209027072,947700.3308665234,0.019869428988557748
500,500,0,2328439.1811810844,2085551.3070061237,0.0
2700,500,2096.1224635330577,598112.6845783489,361836.3231504487,0.005793012833212731
3700,500,16516.073415010378,466495.983447459,266254.2362875749,0.06203121364488547
5000,800,12476.399171677162,481871.3900535748,326730.40757505194,0.0381856077133294
3200,300,0,360814.37371609296,197525.80858349337,0.0
1800,500,0,885977.0680933404,568656.8649319358,0.0
1300,600,197.71344971611893,1255295.7928604127,918819.8674078631,0.00021518194885565545
5000,600,11854.413592623467,341631.24342384527,250847.40254748997,0.047257469968736115
3400,200,57554.19533004175,230210.57568091695,112828.85828240226,0.5101017258012828
3900,500,8397.590111466117,445947.54311510513,261920.99066995684,0.03206153920686643
4000,600,8801.493417169559,461322.8551678986,304032.2411859892,0.028949210724612984
2700,500,50087.937502267276,753605.4672091891,386213.205001134,0.12968986262942564
1100,200,0,445252.292556824,364642.83830274583,0.0
3700,500,22964.237086399186,488555.1402225896,279194.78760353505,0.0822516683907763
1800,500,19642.388650516023,808163.1273509136,545387.3191893235,0.036015484701244854
2000,900,38472.210140050665,1448467.639978825,907083.7309444201,0.04241307481062956
1300,600,21712.083868383877,1247175.9347045366,932789.8549543764,0.02327650086786786
1600,300,2042.8427489956575,582974.8157652392,378321.326983069,0.005399755718997784
5000,600,41874.01463545452,324774.20404490415,246007.9907864832,0.17021404264789952
3900,500,20283.00204746246,413920.19517050695,256026.29077994928,0.07922234074349573
1800,500,77416.64199583024,983305.9753486116,559245.5211080163,0.13843050873692647
2400,400,24720.16573460173,535340.5684479875,329491.45534715184,0.07502521031556521
2700,500,25002.704552452313,657347.43029253,367757.19788431714,0.06798698895981159
3400,400,24720.16573460173,382823.3440827654,232582.20377446013,0.10628571461371739
500,500,0,2152620.651004621,1985888.8685753127,0.0
4000,600,17300.89366834403,449051.8247969111,305786.0388710313,0.056578428930958734
1100,200,16332.43423765346,512739.5807830994,386729.8665353067,0.042232151304927426
3400,200,16637.096855504777,212140.3281684122,113707.94882260237,0.14631428169951938
3700,500,10414.585274745257,487489.5970171973,276643.880237158,0.03764617986784007
1300,600,36472.84182332618,1143192.298634285,896249.0204483804,0.0406949865396554
3200,300,11469.2262796653,359834.1812261668,186002.47127250285,0.06166168761737748
2700,500,16516.073415010378,602537.9376595283,364866.91639408417,0.045266020767889395
1600,300,33552.89623847187,521802.24864264275,341528.64917479694,0.09824328447860092
5000,600,46982.42249785621,316859.37446865253,242550.04144578037,0.193701976787164
3900,500,9063.95521004553,428496.4224837877,250502.06987338755,0.0361831549520799
3700,500,19642.388650516023,516965.55591426534,265323.56068669795,0.07403182966366996
2000,900,20561.77594657812,1427063.7708907821,891089.3908885495,0.023074874593754225
4900,600,8801.493417169559,341948.4477658283,248189.58464162383,0.0354627831376509
3400,200,16431.725064282105,194587.6038264233,116142.55362441417,0.14147893731887098
2800,700,1642.4304492544659,898493.482368906,509014.80347218487,0.0032266850355840712
4000,600,10610.795124079985,456432.4212949564,289524.37763801025,0.03664905598155388
2300,600,8801.493417169559,840650.1292251104,528751.7238017203,0.016645796166652464
500,500,0,2122839.809037674,1970281.3485280545,0.0
2700,500,22964.237086399186,667106.3337161106,382600.2644937332,0.060021487744620544
3900,500,50087.937502267276,476645.7231568137,267378.3726930928,0.18732980157583703
3700,500,77416.64199583024,545148.7425319924,288145.1780149138,0.26867234957450276
5000,600,20098.9754068782,348502.0436512169,258690.3915727318,0.07769509831689012
4900,600,17300.89366834403,366695.1282231316,249621.25622125002,0.06930857544042446
3400,200,17099.054590126994,242749.18596632575,127445.83216550946,0.13416723245936396
2300,600,17300.89366834403,903647.8318472257,531801.8067322284,0.032532596635301274
2700,500,10414.585274745257,643869.3272195576,379104.57662129053,0.027471536660315734
1600,300,0,524482.9677581383,374170.7535533303,0.0
4000,600,42344.93258939453,539438.7094337768,314954.4837664354,0.1344477845909848
3900,500,25002.704552452313,434302.5022292854,254601.13699683495,0.09820342849750562
3200,300,10460.738706951384,355095.5917088095,189160.6634915345,0.055300814206646794
2000,900,38949.98686826633,1342318.4243661528,883114.4995092379,0.04410525123289394
500,500,0,2206900.7319434127,2066041.4282661593,0.0
3400,400,9168.807755323674,415806.593552008,229629.25199896639,0.0399287445981183
2400,400,0,540014.8038901445,325308.1069985357,0.0
5000,600,21712.083868383877,350700.35245761275,242525.36228813787,0.08952500333795331
2700,500,19642.388650516023,662068.2335491409,363591.54612621566,0.054023227051867274
4900,600,10610.795124079985,349521.5043372484,277514.5116622374,0.03823510006926907
2900,700,1642.4304492544659,836589.6440578046,491462.56886969577,0.0033419237868549307
3600,800,12476.399171677162,767955.5407607929,453792.2327431277,0.02749363755359717
2300,600,5260.996347531758,907489.0196644989,503520.656761757,0.01044842207937662
3900,500,16516.073415010378,387648.00224391354,252600.1728882121,0.06538425222028468
3400,200,0,209306.71105094528,117972.68298030012,0.0
4000,600,11854.413592623467,463224.3060754192,313559.2531843625,0.03780597597498889
2700,500,77416.64199583024,799503.4953497744,372830.34740534413,0.20764576310538974
1600,300,0,546292.709380394,379113.1852496925,0.0
1900,900,27959.54175125198,1486577.2728445132,974500.5278154009,0.02869115095702477
5000,800,21145.200242141203,441569.7942456148,328528.93501543667,0.06436328124689428
5000,600,44730.638645531086,308181.92105984956,233024.74531657892,0.1919566035133379
500,500,0,2208746.1983842133,2047164.713754969,0.0
2300,600,42344.93258939453,1038162.337100353,545088.8282696613,0.07768446240920945
4900,600,42344.93258939453,397258.4904003716,314954.4837664354,0.1344477845909848
2000,900,17153.509809631636,1389068.965717654,900633.0962811811,0.019046057579341105
3900,500,22964.237086399186,435835.0566676655,264877.10618796916,0.08669770452000744
3800,800,21145.200242141203,643476.5262704012,432274.91449399566,0.048916093747639645
3200,300,30354.250856294544,339949.99107961805,170764.32458739847,0.17775522451563944
4000,600,41874.01463545452,463340.9383768418,307509.988483104,0.1361712341183196
4100,300,22596.291007034677,230703.92272215462,153214.52020718905,0.1474813939075627
3600,800,21145.200242141203,806808.3608192167,456290.18752143986,0.046341562497763875
3300,600,8801.493417169559,621185.8812955981,368523.92871028994,0.02388309884780571
3400,400,33465.9700342329,467642.64781961916,244258.29723172833,0.13701057615448645
4100,300,12180.469558659965,251767.4937802772,148288.0517849619,0.08214060008235406
2400,400,33465.9700342329,584696.3768155405,346032.58774494845,0.09671334787375514
2300,600,15378.698714754768,840370.5412439851,545320.4403206304,0.028201214511072794
3400,200,22566.67935407699,233850.01078127234,125118.48623201098,0.18036247107586417
4900,600,11854.413592623467,345631.4136004705,255966.73729335712,0.046312320569361395
1600,300,0,530399.9888971748,377807.1633952242,0.0
3300,700,1642.4304492544659,777438.5205874349,431891.3484006417,0.00380287879193837
500,500,0,2136987.82076232,1963394.3490815647,0.0
4100,300,1110.3615878894796,231626.2480882955,154166.4847480924,0.007202353933825548
3900,500,10414.585274745257,456700.6087126543,262457.01458397036,0.03968110850934495
2800,700,55666.57349729218,876235.2547085512,505001.2613267292,0.11023056328819075
4000,600,46982.42249785621,489879.34274593653,303187.55180722545,0.1549615814297312
3200,300,0,356001.3389412822,187085.37677666516,0.0
3300,600,17300.89366834403,638820.0322018408,370649.7440860985,0.04667720386804096
2300,600,41874.01463545452,786944.2961383179,534799.9799706156,0.07829845961803378
2000,900,23467.23045235416,1245757.4286810786,876483.0492356028,0.026774311805368475
4100,300,11469.2262796653,246068.7502921347,145172.66050536808,0.07900403725976489
4900,600,41874.01463545452,334388.7786729136,251028.56202702367,0.16680976179494153
3900,500,19642.388650516023,473182.8991187706,251717.22424122624,0.0780335501860305
3600,800,18254.242969308172,713507.7690951044,454775.95881041075,0.04013897967926244
1600,300,0,526032.7651449046,386712.0399992892,0.0
500,500,77416.64199583024,2308826.0368196745,2013283.8759888585,0.038452919093590686
4100,300,10460.738706951384,236598.87297267118,147637.59101778304,0.0708541682022662
2400,400,20066.707694572262,530293.0391321768,341743.0569701032,0.05871869899123588
4000,600,20098.9754068782,486781.6881364253,298616.4569075555,0.0673069917680403
2300,600,10516.982614719738,819587.8930905601,527282.6987951747,0.01994562430883989
3300,600,10610.795124079985,707703.8777984814,350938.63956122455,0.030235471184781954
3400,400,11391.009459891866,411652.28520575195,241230.39315536697,0.04722045721890179
3900,500,77416.64199583024,469709.8440450755,288145.1780149138,0.26867234957450276
4100,300,30354.250856294544,235781.19675369447,144863.04739585196,0.20953756946275393
100,500,0,10214918.636128325,10214918.63612832,0.0
100,300,0,6281795.328494754,6281795.328494752,0.0
4900,600,46982.42249785621,330119.37657473446,247500.04229161263,0.1898279372514207
100,300,0,5964398.6854727,5964398.6854727,0.0
100,300,0,6320825.87467179,6320825.874671788,0.0
2000,900,40712.234675893036,1402304.3452989103,890365.5406427253,0.04572530361687653
4100,300,7674.8043375273755,227218.11638872293,146017.85504520207,0.05256072509181512
2900,700,55666.57349729218,822591.0728419429,487587.4247292558,0.11416736911991185
100,300,0,5952079.080720091,5952079.080720092,0.0
3200,300,11669.537646593615,323515.0906925278,189556.59262484626,0.06156228852292644
100,300,0,6053141.231729097,6053141.231729104,0.0
4000,600,21712.083868383877,475804.4375462135,303156.7028601723,0.07162000267036266
100,300,0,5464458.38679675,5464458.386796751,0.0
2300,600,20098.9754068782,885358.9491406279,519332.96853487915,0.03870152026662317
100,300,0,5986732.056853282,5986732.056853285,0.0
3300,600,42344.93258939453,754503.8432992641,379910.395460673,0.11146031563060486
3600,800,8332.4194976966,737587.3541315512,432044.1084689661,0.019286038935293386
4100,300,11669.537646593615,224392.73466728706,147946.60887792878,0.0788766821699995
100,500,0,9985025.340418022,9985025.340418022,0.0
100,300,0,6065810.963995082,6065810.96399508,0.0
100,300,0,6044914.614323589,6044914.614323587,0.0
4900,600,20098.9754068782,351766.25205219624,258690.3915727318,0.07769509831689012
100,300,0,6187392.639988628,6187392.639988627,0.0
2400,400,38196.14028701521,510502.31484656304,318504.7118080026,0.11992331312837899
4100,300,19407.870392785975,232706.78999862666,147436.9418127704,0.13163505804014813
4000,600,44730.638645531086,429160.67650766746,291280.93164572364,0.15356528281067033
2300,600,21712.083868383877,855207.823163828,527229.0484524736,0.04118150153545852
4100,300,17023.898678586753,226143.33249175988,150912.01560947872,0.11280678089039776
100,900,0,18006306.28646395,18006306.286463946,0.0
3300,600,11854.413592623467,674984.6649710641,380071.82204165147,0.031189930179365836
2000,900,20998.202170839555,1401202.6081870012,910218.5306045383,0.023069407471734523
3300,700,55666.57349729218,727465.7090518838,428485.9187014672,0.12991459244679623
3200,300,19407.870392785975,335506.7376347549,188903.5816976121,0.10273955749474975
100,500,0,9769580.72506212,9769580.725062115,0.0
3400,400,38196.14028701521,392731.9389910921,224826.85539388418,0.1698913602652036
5000,800,22217.449417527074,448371.0766182527,327438.69034349575,0.06785224248918208
4900,600,21712.083868383877,355911.447145638,247474.8594776917,0.08773450327119424
3600,800,23655.621023658136,731187.6323300741,436308.2908205613,0.05421767479863655
3800,800,18254.242969308172,669051.0240066412,430840.38203091547,0.04236892299477702
1900,900,38941.34540270332,1495521.38745383,956722.9517103198,0.04070284436376115
100,500,0,10427756.535030624,10427756.535030618,0.0
100,900,0,18515510.02849263,18515510.028492615,0.0
2800,700,46509.774674632805,851160.5323502214,505248.4509957545,0.09205327514210156
2300,600,36472.84182332618,780585.789051582,506575.5332969107,0.07199882233939031
400,900,0,4670485.001884586,4501576.5716159865,0.0
3300,600,41874.01463545452,600071.3747700148,372739.37997952,0.11234126814761368
3100,100,11542.613858920746,111658.04845202975,65450.783185458306,0.17635562627591683
2700,700,1642.4304492544659,926687.7386427326,527867.2036007843,0.0031114462843132118
3100,100,58693.99065039046,134908.8920197419,82829.73232550794,0.7086101693499651
2400,400,20609.194919875048,589107.7485469368,323164.2540356268,0.06377312670727195
3100,100,77938.11439889878,168090.24435227626,65640.770350898,1.1873430793432567
3700,700,1642.4304492544659,699962.8559535238,385200.3918167886,0.004263833797021808
4900,600,44730.638645531086,321600.5228950207,237780.35236385604,0.18811747144307114
100,500,0,9929444.342876563,9929444.342876563,0.0
1500,1000,48982.01050155351,1830893.7072279488,1364616.3845054149,0.03589434441629273
100,900,0,18177736.082496084,18177736.082496077,0.0
3100,100,7448.998672210719,149158.38847333618,70216.21405692393,0.10608658943320204
3300,800,12476.399171677162,859392.716513533,495046.07208341203,0.025202501090797403
2800,100,11542.613858920746,124429.9192116636,72463.36709818599,0.15928895276534422
400,900,0,4910425.545531042,4628877.507123154,0.0
3100,100,9861.69413379855,118583.30778513683,67362.52881288166,0.14639732663825872
2800,100,58693.99065039046,143366.41095170853,82944.9888369952,0.7076255175069927
3600,800,67047.92976735103,758533.15984972,446428.06589947414,0.1501875327490023
3100,100,12967.147757479688,126508.98959400409,67900.41305549568,0.19097303203268454
3200,300,17023.898678586753,311596.9012595824,193356.0199996446,0.08804431679250557
3300,600,10839.95528106298,660930.1578196589,367500.06279663695,0.0294964719150578
2800,100,77938.11439889878,168907.7213371037,72673.71003135137,1.0724389103745544
3100,100,75473.93998143142,148929.90865048254,96621.71431835281,0.7811281399205678
3400,400,20609.194919875048,425990.6942405974,228115.9440251483,0.09034526283530195
2800,100,0,162333.96742399395,72698.99980517384,0.0
2900,700,46509.774674632805,846255.6968761135,487826.0906165906,0.09534089211146232
100,900,0,18141674.618888363,18141674.6188884,0.0
3100,100,50920.72719750148,109266.31862597774,64152.27902003284,0.7937477510596382
400,900,0,4794968.867108776,4544434.020624019,0.0
100,500,0,9851406.742640281,9851406.742640272,0.0
2800,100,11049.416419985968,115656.49652773811,74579.94261426183,0.14815533550535342
2700,700,55666.57349729218,907386.9616346462,523705.0117462377,0.10629375745646964
3100,100,1571.7572327089167,126408.95617669483,60867.99215707249,0.02582239329749746
2800,100,12967.147757479688,137669.44765322917,68011.66382795967,0.19066064594862742
3100,100,47290.783852739885,169313.57567293456,100708.92896554476,0.4695788579870543
2800,100,75473.93998143142,181973.41553652022,96621.71431835281,0.7811281399205678
3300,600,20098.9754068782,686045.1298486657,361959.3417061279,0.05552826820863324
2400,400,16602.567079717483,541629.8279597058,333028.9036307962,0.0498532316526
100,900,0,17821787.817771003,17821787.817770988,0.0
800,400,0,1139507.2619969468,988161.6986101781,0.0
2800,100,50920.72719750148,114336.30043343377,71025.73748646492,0.716933452569996
1500,1000,32785.350020067905,1886280.9740626984,1310236.572839959,0.02502246594216579
800,400,22613.542366685615,1104360.9123098792,951603.3488513668,0.023763622095257758
2800,100,1754.9319477990537,132778.66336395606,67389.56274533026,0.026041598673537336
100,500,0,10330207.141330782,10330207.141330797,0.0
400,900,0,4826830.06476684,4535418.6547221,0.0
3600,800,17250.90065359726,815246.123978241,444607.33667147125,0.03880030586707181
2800,100,47290.783852739885,167924.12701457078,100921.3549899889,0.4685904569694986
2700,700,46509.774674632805,898228.0621639362,523961.35658818984,0.08876565817274079
800,400,24720.16573460173,1157328.775337928,988474.3660414555,0.025008403438521738
100,900,0,17662289.990184747,17662289.990184758,0.0
3300,600,21712.083868383877,662810.7935091584,367462.6701335422,0.05908650220304918
800,400,0,1138370.6589648002,975924.3209956071,0.0
800,400,33465.9700342329,1242309.2351220597,1038097.7632348454,0.03223778262458505
100,500,0,10235823.568774832,10235823.568774844,0.0
400,900,0,4635055.874965155,4455446.954442747,0.0
3300,700,46509.774674632805,726146.2516641351,428695.65539033717,0.1084913599889054
3400,400,16602.567079717483,415732.33004600013,235079.22609232672,0.07062541150785
100,900,0,18012661.925623618,18012661.92562362,0.0
800,400,0,1155267.413610608,1025229.1709103095,0.0
1500,1000,12254.828710421561,1924816.6329190375,1315742.600153349,0.009314001620828623
2400,400,59776.453848392586,613228.3715360123,347881.4132166498,0.17182997302349598
2700,700,35582.21414989446,856135.6609185501,510374.4061421846,0.0697178653977834
4500,700,14236.173758971543,445095.1415941221,316720.3221604706,0.044948722146596565
2800,700,35582.21414989446,844874.3597159049,492146.74877996376,0.07230000856066426
3600,800,35914.23101158144,749997.9097132158,455376.01864814165,0.0788671988441524
3300,600,36472.84182332618,579566.5779648375,353067.7959342105,0.10330265813912524
3800,800,9466.142769388689,653920.3905674327,409304.9448653363,0.023127359901559716
800,400,38196.14028701521,1114841.2305956068,955514.1354240078,0.039974437709459666
100,500,0,9816971.745407827,9816971.745407823,0.0
3700,700,55666.57349729218,671760.3522477826,382163.116679687,0.14566181577368062
5000,800,9466.142769388689,416011.7604529663,311071.7580976556,0.030430736712578572
400,900,0,4664671.957743291,4415572.497546189,0.0
100,900,0,17529660.98471204,17529660.984712057,0.0
800,400,15545.160883608694,1155834.6321141096,969492.7621068802,0.016034323814678404
800,400,0,1162207.2839095849,999086.7108923885,0.0
800,400,59776.453848392586,1227646.9399579274,1043644.2396499494,0.05727665767449865
2700,700,47528.84571779319,913206.5432672111,533249.228063708,0.08913064138953587
4500,700,55666.57349729218,414291.96902983286,314223.0070477426,0.17715626242744942
1900,900,38472.210140050665,1454776.8559902348,954824.9799414949,0.04029242107009808
100,900,0,17807310.812854502,17807310.81285451,0.0
1500,1000,0,1868696.2010098223,1288360.9693238873,0.0
100,500,0,10066419.379944282,10066419.379944293,0.0
400,900,0,4711490.754957022,4503165.481405905,0.0
2900,700,35582.21414989446,817602.0608655442,475176.1712358271,0.07488215172354512
3600,800,14677.055278196356,693757.8131411397,443214.9855658683,0.03311497976418292
1000,500,0,1290315.2931904034,1021491.8636128318,0.0
1300,100,0,193055.82979791085,156074.9445191698,0.0
100,900,0,18204370.61209077,18204370.612090766,0.0
3300,800,21145.200242141203,832399.5301803403,497771.1136597526,0.042479765622950215
3400,400,59776.453848392586,458509.6676479459,245563.35050587045,0.24342579511661927
1000,500,20283.00204746246,1203671.576839615,998502.5340418022,0.020313420703460445
1300,100,48938.277838052665,233795.33843524865,152393.764116968,0.32113044862183915
400,900,0,4568891.207455741,4382415.246178014,0.0
2700,700,35674.70338916108,887484.5869593393,530897.138565658,0.06719701576381552
5000,1000,48982.01050155351,546753.5405533763,409384.9153516244,0.11964781472097577
4500,700,46509.774674632805,437286.3804839846,314376.8139529139,0.14794276362123465
1000,500,0,1186769.0120875055,976958.0725062113,0.0
1300,100,77938.11439889878,258633.72169671717,156527.99083675677,0.4979180655310431
500,200,0,833116.3698668886,807346.2460973266,0.0
1500,1000,19355.87075851322,1941465.6564919925,1345047.1341998018,0.014390477676478197
1300,100,0,244922.11357927616,156582.46111883596,0.0
3600,800,56652.31769517611,694923.1741797726,448908.7766608235,0.12620006700822473
1000,500,50087.937502267276,1339472.0386420114,1042775.6535030619,0.04803328245534283
400,900,40712.234675893036,4722322.926977115,4451827.7032136265,0.009145060723375306
3300,700,32837.76459042831,700729.7707937274,417579.05957087834,0.07863843705231237
500,200,0,929427.6479310293,858899.9533139733,0.0
4600,700,14236.173758971543,439086.37125526887,309835.0977656777,0.045947582638743156
2700,700,63582.87668592812,937292.9024934011,536687.7452887647,0.11847275672694439
1000,500,0,1233691.529849327,992944.4342876563,0.0
1300,100,0,204275.41835238863,160633.72255379474,0.0
1500,500,0,1004459.45897769,680994.5757418879,0.0
2300,1000,48982.01050155351,1366857.2231579828,889967.2072861401,0.055037994771648856
500,200,59468.68658819078,906276.5455220862,812358.1688214743,0.0732050084194571
400,900,0,4815237.425118259,4551092.653022692,0.0
4500,700,32837.76459042831,448265.9467196581,306224.6436853108,0.10723423234406232
1500,500,20283.00204746246,892225.7563399985,665668.3560278681,0.030470131055190666
1000,500,16516.073415010378,1228566.8339179514,985140.6742640273,0.01676519287699607
4400,700,1642.4304492544659,470000.0254371175,323918.5113004813,0.005070505055917826
1300,100,0,200913.20193908215,141905.51354652137,0.0
5000,1000,32785.350020067905,536690.7584162808,393070.97185198776,0.0834082198072193
4600,700,55666.57349729218,407471.3209977859,307392.07211192214,0.18109306825917051
1500,1000,31844.35709750594,1839279.521471039,1343462.4150484968,0.023703199092738603
1000,500,59654.152401973595,1289994.017904575,1033020.7141330796,0.057747295466418505
1500,500,0,871883.2179281127,651305.3816708076,0.0
2700,700,41205.97832777563,849892.4464567772,486758.067983391,0.08465391955081399
1300,100,73383.29175993473,246870.73620345833,156670.1146135216,0.46839368146859894
500,200,0,971784.0196015076,821740.7489461385,0.0
2800,700,47528.84571779319,887491.5976110646,514204.6127757185,0.09243177625581497
3700,700,46509.774674632805,631698.829701444,382350.1791319223,0.12164182786634849
1300,100,33722.92225476102,196984.89181362014,152978.51150930906,0.22044221715877338
2300,700,1642.4304492544659,968383.0714159559,619670.1955313554,0.002650491279229773
1000,500,0,1215726.5374982923,1023582.3568774845,0.0
500,200,57554.19533004175,808504.3416883508,711471.0781151486,0.08089463802592808
1500,500,50087.937502267276,1059667.903764418,695183.7690020413,0.07204992368301424
1300,100,0,214035.3192682855,145146.75052840365,0.0
4500,700,47528.84571779319,421768.89956027817,319949.53683822486,0.1485510689825598
1000,500,25317.105303935146,1254907.796888154,981697.1745407823,0.02578911904862919
4600,700,46509.774674632805,413596.3569048259,307542.53538872016,0.1512303805905954
2900,700,47528.84571779319,847536.1224725578,496473.4192317282,0.09573291112209409
1300,100,47290.783852739885,260486.96839537728,164065.1880360943,0.2882438646419978
500,200,0,824631.160468937,773214.0519936961,0.0
3800,800,23655.621023658136,673956.9780167675,413344.69656684756,0.05722976784300525
1500,500,25002.704552452313,989244.7007816258,661962.9561917708,0.03777054942211754
2700,700,22080.78353029294,824768.8266106228,502006.3233691071,0.04398507051087032
1000,500,77416.64199583024,1399601.517605629,1006641.9379944293,0.07690583818718137
1500,1000,38609.46167290928,1835063.438935624,1339714.0408837413,0.028819181179470642
2300,700,55666.57349729218,1021144.900763646,614784.1442238443,0.09054653412958526
500,200,0,818822.0153604496,789769.3646460164,0.0
1500,500,16516.073415010378,907709.1271495698,656760.4495093515,0.02514778931549411
5000,1000,13523.502096673492,526755.7896590597,394722.78004600474,0.03426075914619707
4500,700,37243.93363676565,425387.4547346025,318538.2831393948,0.1169213736876563
5000,800,23655.621023658136,409733.5633663786,314141.9693908041,0.07530232610921744
500,200,0,964329.737245386,866631.6587254644,0.0
4600,700,32837.76459042831,423633.8581375132,299567.586213891,0.10961721528504148
1900,900,5398.463373659721,1395369.0511539367,937988.8325142625,0.005755359964349719
500,200,0,845908.7500555839,802214.2442660409,0.0
1500,500,22964.237086399186,1005134.0780177667,688680.4760887198,0.033345270969233634
2700,700,33736.693922925755,813212.750583381,509617.7909826076,0.06619999246470014
3300,800,18254.242969308172,849116.8637651749,496119.2277931754,0.03679406470599057
2300,700,46509.774674632805,1011184.2939418568,615085.0707774403,0.0756151902952977
500,200,0,949358.8050196106,850805.7063776747,0.0
1500,500,0,939139.8798045045,682388.2379183229,0.0
4600,800,12476.399171677162,511041.535059693,355141.74736418686,0.03513075909626305
4500,700,69720.14424491407,451091.434344213,322012.6471732588,0.21651368310202165
4900,500,8397.590111466117,309260.2421290382,218726.61253679788,0.03839308812983758
1500,1000,16786.79709346237,1835639.9739998842,1356490.9992859592,0.012375162903623203
4400,700,55666.57349729218,442550.0751145482,321364.43902610044,0.1732194565957283
3300,700,47528.84571779319,749035.7064735859,436294.8229612157,0.10893745058721051
2800,700,35674.70338916108,879626.5098096672,511936.52647402737,0.06968579412543832
1500,500,19642.388650516023,934449.0911239658,654464.7830271883,0.030012903917704038
4600,700,47528.84571779319,423019.9844678579,312994.1121243504,0.1518522038488389
500,300,0,1360008.9447435006,1256359.0656989503,0.0
5000,1000,5478.701447687448,526286.7211582905,386508.2907971662,0.014174861388840401
2300,700,35582.21414989446,954849.3588371988,599135.172427782,0.059389292746259925
1500,500,77416.64199583024,1053956.2900051877,671094.6253296195,0.11535875728077206
3700,700,32837.76459042831,597893.7623471112,372435.3774551077,0.08817036881622903
3600,600,8801.493417169559,565905.7874570225,337813.6013177658,0.02605428965215168
4900,500,20283.00204746246,309318.12698186113,204121.41780085766,0.09936733864572068
2900,700,35674.70338916108,831514.5324712862,494283.5428025092,0.07217457248706112
4500,700,41205.97832777563,401654.6471580112,292054.8407900346,0.1410898659180233
500,300,0,1270498.3190695182,1192879.73709454,0.0
2500,400,0,536972.2695709412,316211.743555257,0.0
4600,800,21145.200242141203,481098.8149531618,357096.66849503986,0.059214218747142736
4600,700,37243.93363676565,427255.30098990904,311613.5378537558,0.11951962643627088
500,300,0,1372063.0559265357,1264165.1749343576,0.0
2300,700,47528.84571779319,1061732.547844136,625988.2242487008,0.07592610192441945
1500,1000,0,1865740.7420504508,1374270.2114800527,0.0
4900,500,9063.95521004553,290543.0365041779,199379.1984706554,0.045460886991074756
2500,400,20080.345240725746,511843.224854243,304513.07163243735,0.06594247377650748
2300,1000,32785.350020067905,1453623.909614631,854502.1127217124,0.03836778111132088
3800,800,67047.92976735103,732110.3830729772,422931.851904765,0.1585312845683913
500,300,0,1304051.595733628,1190415.8161440182,0.0
5000,1000,19355.87075851322,577029.2276564,403514.1402599406,0.04796825892159399
2500,400,24720.16573460173,528414.1847706189,316311.79713326576,0.07815126074538044
4500,700,22080.78353029294,403656.139221581,301203.79402146424,0.07330845085145053
4900,500,50087.937502267276,321531.9243007941,237834.46181356232,0.21059999934547355
2300,700,35674.70338916108,991122.4030062008,623227.0757075116,0.05724190231732433
4600,700,69720.14424491407,433525.98891704064,315012.37223470974,0.2213250982820666
500,300,0,1320239.2612526873,1210628.2463458208,0.0
4600,800,22217.449417527074,494664.2592106148,355911.61993858236,0.062424063090047506
5000,800,67047.92976735103,448207.15552203776,321428.2074476214,0.20859379548472542
2500,400,0,526326.6771917994,312295.78271859424,0.0
1500,1000,12160.787131930476,1691233.0223083156,1275217.80931263,0.009536243175968037
1900,900,38949.98686826633,1367214.1429070479,929594.2100097241,0.04189998867124924
2500,400,33465.9700342329,573119.0419484405,332191.28423515055,0.10074307070182827
500,300,0,1207765.67457962,1092891.6773593503,0.0
4900,500,25002.704552452313,276984.77249285806,205105.55517118043,0.12190164489491831
2800,700,63582.87668592812,941743.4517477006,517520.325814166,0.12286063660572011
4500,700,33736.693922925755,426797.50153955247,305770.67458956456,0.11033332077450024
3600,600,17300.89366834403,596442.0096596102,339762.265412257,0.05092058603786286
4400,700,46509.774674632805,438049.0813335082,321521.7415427529,0.14465514665187387
3300,700,35674.70338916108,744243.2959681469,434370.38609917474,0.08212968593355231
2300,700,63582.87668592812,1075169.2493012745,630024.7444694195,0.10092123721184151
4600,700,41205.97832777563,401306.6425819073,285705.8225119904,0.14422519627175717
2500,400,20066.707694572262,518136.08135627693,328073.33469129907,0.061165311449204035
4100,400,11653.481520046196,309388.3550914049,192812.03875320547,0.06043959493090759
3300,800,8332.4194976966,842789.9075206836,471320.84560250846,0.017678869024018936
500,300,0,1274212.069937439,1197346.411370657,0.0
4600,800,9466.142769388689,459957.9094437923,338121.4761931039,0.02799627777557229
5000,1000,21020.25115954296,536687.1802451297,403038.7245145491,0.05215442060775022
1500,600,0,1118537.35785485,810752.6431626378,0.0
4900,500,16516.073415010378,300993.87574556953,201049.11719674026,0.08214944509728075
4100,400,20080.345240725746,305964.1412489578,185678.70221490084,0.10814565699347227
2500,400,38196.14028701521,506295.41210696916,305764.52333568246,0.12492011784206147
500,300,0,1306461.1595511977,1213162.192799016,0.0
3700,700,47528.84571779319,653824.5639733349,389127.8150735167,0.12214199005232694
1500,600,17300.89366834403,1182926.8309433649,815429.4369894167,0.021216910849109528
4600,700,22080.78353029294,389912.7470003168,294655.88545578026,0.07493752753703832
4900,500,22964.237086399186,285028.01334964123,210820.55390471013,0.10892788516616321
2300,700,41205.97832777563,934396.4697229464,571411.6450239808,0.07211259813587859
2900,700,63582.87668592812,887154.1605977181,499674.79733781546,0.1272485164844958
4100,400,24720.16573460173,296202.922324241,192873.04703247914,0.1281680676224239
500,300,0,1283737.6529591004,1208982.9228647174,0.0
2500,400,20609.194919875048,541321.2065449065,310237.68387420167,0.06643034032007496
1500,600,0,1160770.31205802,772065.0070346941,0.0
4600,800,23655.621023658136,470380.95582388795,341458.66238130885,0.06927814002048004
4100,400,9168.807755323674,295628.28120653384,190424.2577552404,0.04814936848596619
2500,400,16602.567079717483,505901.66528165655,319707.7474855643,0.051930449638125
4900,500,10414.585274745257,289091.26865363267,208894.35854642538,0.0498557517168693
5000,1000,38609.46167290928,542107.0163777305,401914.2122651224,0.09606393726490214
500,300,0,1320091.1404866774,1237478.5279977254,0.0
4600,700,33736.693922925755,411248.1637133479,299123.4860115305,0.11278517234726693
2300,700,22080.78353029294,898534.3099957372,589311.7709115605,0.03746876376851916
4100,400,33465.9700342329,315607.9748587803,202555.66111899423,0.16521863595099837
1500,600,42344.93258939453,1300353.2888415717,835802.8700134807,0.050663779832093116
2500,400,59776.453848392586,582933.6748963485,333966.1566879838,0.1789895552328083
4900,500,19642.388650516023,291955.7699762717,208283.00259983508,0.09430624873530404
900,200,9398.196333296377,499854.217116269,448525.6922762926,0.020953529519345954
3800,800,17250.90065359726,724422.5248425336,421206.9505308675,0.040955878415242467
900,200,0,588897.0064715433,477166.6407299852,0.0
900,200,59468.68658819078,595352.1813264628,451310.0937897079,0.1317690151550228
3100,500,8397.590111466117,597923.9121696656,329513.50439123606,0.025484813215714337
4100,400,11391.009459891866,314566.52423660696,200044.71627518235,0.05694231605808746
900,200,0,621847.4131891958,456522.63830341026,0.0
1500,600,0,1127307.8961973395,836158.0084916332,0.0
4600,800,67047.92976735103,495403.89620059996,349378.4863561102,0.19190629184594737
900,200,57554.19533004175,527742.3043909179,395261.7100639714,0.14561034844667056
2300,700,33736.693922925755,910476.2935202492,598246.972023061,0.05639258617363346
900,200,0,510523.33268710016,429563.36221872,0.0
4900,500,77416.64199583024,342128.4299418725,288145.1780149138,0.26867234957450276
4100,400,38196.14028701521,290611.5346672842,186441.78252175762,0.2048689932609808
900,200,0,492491.03639716253,438760.75813667575,0.0
3600,600,10610.795124079985,591665.72778391,321693.7529311225,0.0329841503833985
900,200,8247.928589837702,588732.9742717457,481462.03262525797,0.017131005211074263
4900,300,22596.291007034677,189306.2648149789,142348.1066563424,0.15873966670724163
3100,500,20283.00204746246,561437.1465228455,322097.5916263878,0.06297160418072738
900,200,0,511273.96250635287,445674.58014780044,0.0
5000,800,17250.90065359726,429197.3716013044,320117.2824034593,0.0538893137042664
1500,600,41874.01463545452,1063668.4690333891,820026.635954944,0.05106421279436986
900,200,16332.43423765346,612021.1330457295,472669.83687648596,0.034553578340395165
5000,1000,24025.861179443214,521502.3370438132,406947.2997857877,0.059039244619856546
3700,400,11653.481520046196,371970.55472215323,213656.58348328175,0.05454304908398978
4100,400,20609.194919875048,288626.2748411666,189169.31943548884,0.10894575812492292
4900,300,12180.469558659965,211840.28681866455,148288.0517849619,0.08214060008235406
1400,300,25924.426891791725,603157.4270104116,448699.6663210537,0.057776791109183205
2800,700,41205.97832777563,850318.4309515811,469373.85126969847,0.08778924990454784
3300,700,63582.87668592812,789980.0794287192,439108.1552362621,0.14480003599959868
3100,500,9063.95521004553,524773.556635545,315147.7653245843,0.02876096932088403
4900,300,19818.180550757148,191218.52944051463,143441.4983667211,0.13816211331040468
4400,700,32837.76459042831,422179.72770860355,313184.29467815877,0.10485124940308316
3700,400,20080.345240725746,334042.9951624254,205752.07542732256,0.09759486118923107
1900,900,17153.509809631636,1413710.4579370094,948034.8381907169,0.01809375470037405
1500,600,15876.598754913452,1117132.1426697162,808500.1381526012,0.01963710085590215
1400,300,21265.42073201445,590680.8803785611,426028.47753376426,0.04991549122518245
4100,400,16602.567079717483,275717.37521396443,194943.7484668075,0.085165937406525
4600,800,17250.90065359726,481411.32094153855,347953.5678298471,0.04957816860792509
2900,700,41205.97832777563,783649.3330900247,453188.546053502,0.09092458025828168
2300,1000,11936.521471189832,1485147.6052256725,858093.0001000103,0.013910521901237554
1400,300,0,603198.0513558183,451487.5624765563,0.0
4900,300,11469.2262796653,210051.48646358313,130823.99861272547,0.08766913105612466
3700,400,24720.16573460173,386896.1503304651,213724.1872522066,0.11566386590316304
1500,600,151.2807456161213,1160481.0520649557,796310.5517534814,0.00018997707023095454
1400,300,10875.896648087151,601990.4818288129,425148.5057657208,0.025581406262969068
3700,700,35674.70338916108,620527.1169750376,387411.4254398045,0.09208479938004349
3100,500,50087.937502267276,653510.4372008279,336379.24306550383,0.14890317561156277
4100,400,59776.453848392586,318499.9739294714,203637.90041950232,0.2935428705818056
4900,300,10460.738706951384,178933.71686376393,131967.49793690105,0.07926753837488897
1400,300,0,605194.729356311,432367.2308377932,0.0
3300,800,23655.621023658136,834123.6850669086,475972.6808951578,0.04969953523208351
3700,400,9168.807755323674,364812.5830113589,211010.6639990502,0.043451869121481676
1400,300,34881.55948164411,560630.2954377112,390318.45619976794,0.08936692315618164
1500,600,21712.083868383877,1131417.5488067004,808417.8742937929,0.02685750100138599
4900,300,30354.250856294544,187369.12660973225,144863.04739585196,0.20953756946275393
5000,1000,9482.858057806652,532686.209643455,412281.06344401586,0.023000954685114566
1400,300,0,579014.4513189282,427623.7183466632,0.0
3100,500,25002.704552452313,603651.2182740716,320304.65622182464,0.07805913547237625
4600,800,35914.23101158144,480150.1524022213,356381.2319855021,0.10077475407863919
3700,400,33465.9700342329,427018.0065943035,224453.57042915575,0.14909974463870584
1400,300,0,600797.8149613687,433272.21171393426,0.0
4900,300,7674.8043375273755,194155.05746326572,122178.20524190378,0.06281647632924246
3200,700,1642.4304492544659,818123.9124895255,445387.9530381618,0.0036876400406675096
1500,600,36472.84182332618,1063252.506618938,776749.151055263,0.046955753699602386
1400,300,0,572068.7488351765,431779.61530882766,0.0
4900,300,11669.537646593615,188048.32722706266,123792.0604896955,0.09426725430073112
3100,500,16516.073415010378,548167.1510652334,317787.3142787185,0.05197209791868782
2500,800,13584.42114355546,1079484.678218192,653460.8151501039,0.020788424995973227
3700,400,11391.009459891866,364455.4598588504,221671.17208871557,0.051386968149981366
3600,600,42344.93258939453,695189.9020234069,348251.1958389503,0.12159307159702348
1400,300,0,589267.3163006079,441956.6171420448,0.0
4900,300,19407.870392785975,188840.63335586627,123365.60437395076,0.15731994741383556
4600,800,14677.055278196356,453335.1827100871,346863.90174720134,0.04231358525423373
4300,200,8321.319670106166,140379.44641751464,93877.47047643333,0.08864022036251094
3700,400,38196.14028701521,357675.3207786226,206597.65090248818,0.18488177440625095
4000,500,8397.590111466117,414837.4418921962,255372.96590320792,0.03288362995576044
4900,300,17023.898678586753,181926.74444194877,126273.31918344137,0.13481786008852417
4300,200,19823.248725149642,159108.6716197003,115155.9162563489,0.17214268593044804
3800,800,35914.23101158144,739917.0779106859,431408.8597719236,0.08324870989104977
3100,500,22964.237086399186,562717.3263040363,333232.4884300257,0.06891356000308284
3700,100,11542.613858920746,85982.93350781973,54837.142668897504,0.21048897329706198
5000,1000,12160.787131930476,499680.6030704286,382565.342793789,0.03178747725322679
3700,100,58693.99065039046,110974.15822479536,82739.16147748545,0.7093858531109475
4300,200,59468.68658819078,189537.8300659364,137320.72161632078,0.43306418644047406
3700,400,20609.194919875048,355277.4027681716,209620.0566717579,0.09831690367371093
3700,100,77938.11439889878,138807.3149009492,54996.32110480643,1.4171514172806612
2500,800,21145.200242141203,1032158.6901362758,657057.8700308733,0.03218164062344714
3300,700,41205.97832777563,707887.5524617834,398256.60107731994,0.10346590167321709
3700,100,7448.998672210719,116345.70185703556,70156.3045836674,0.10617718131557442
2800,700,22080.78353029294,776574.2120871061,484077.5261059247,0.04561414719645811
4300,200,21229.921074480735,167074.4883932109,153927.2635835206,0.13792177279213066
4000,500,20283.00204746246,415773.6294566307,249625.63351045054,0.08125368281384178
3700,100,9861.69413379855,83810.90736988197,56438.87549187383,0.1747322930843733
3700,400,16602.567079717483,360346.04210872314,216018.74830105697,0.076857065464425
3100,500,10414.585274745257,539634.42908266,330187.8570572531,0.03154139394332547
4300,200,57554.19533004175,153139.03585048864,112828.85828240226,0.5101017258012828
3700,100,12967.147757479688,113873.3231641736,67742.26274582943,0.19141887548298664
4400,700,47528.84571779319,458806.61921745125,327221.1172209118,0.14524993411628068
4300,200,16637.096855504777,150818.31654385725,89908.61069694141,0.18504453273762744
5000,800,35914.23101158144,439598.74641912227,327870.733426662,0.10953777617243389
3700,100,75473.93998143142,142073.73052096585,96621.71431835281,0.7811281399205678
4600,800,56652.31769517611,470071.3666219405,351319.9121693401,0.16125564117717603
2900,700,22080.78353029294,768858.596705078,467385.1976195135,0.047243223882045896
3700,700,69720.14424491407,679902.1875802797,391637.0033188283,0.17802236166166227
3700,100,50920.72719750148,91862.71309161332,53749.206746514,0.9473763480389231
4300,200,16431.725064282105,143084.59275428444,91833.64705186237,0.1789292442562192
2500,800,18254.242969308172,1072450.231345922,654877.3806869915,0.027874291443932254
4000,700,1642.4304492544659,555298.5199725798,356310.36243052944,0.0046095500508343875
3700,400,59776.453848392586,403640.16638685245,225652.80857296204,0.26490454174455624
4000,500,9063.95521004553,376189.4298829108,244239.51812655284,0.0371109281559794
3700,100,1571.7572327089167,99408.82968453437,54138.05797390288,0.029032390365139778
3100,500,19642.388650516023,604085.7911453908,316676.5079163814,0.06202666809658835
4300,200,17099.054590126994,180731.85883285312,115640.3076979828,0.14786413950734642
3700,100,47290.783852739885,154333.94902030687,100431.59248451471,0.47087557493456583
4300,200,9353.834506258594,157909.06946586116,93280.7260774466,0.10027617600759824
4800,400,11653.481520046196,236066.0214001901,164693.6164350297,0.07075855016301376
2500,300,22596.291007034677,406942.7820987793,251271.81313979006,0.08992767921192849
4000,500,50087.937502267276,433568.8202162789,260693.91337576546,0.19213312982137132
4300,200,22566.67935407699,166557.29142548156,124828.15119872103,0.1807819721542764
3100,500,77416.64199583024,661036.5518166417,324723.2058046546,0.23840809838026228
1900,900,23467.23045235416,1343855.4878263685,922613.7360374767,0.025435596215100054
2800,900,18830.26442658507,1050521.7380462938,643082.3673737124,0.029281263772611414
4000,700,55666.57349729218,524362.6511311332,353500.8829287105,0.1574722332688439
3300,800,67047.92976735103,877276.7497613378,487012.43552669906,0.13767190501991877
2500,300,12180.469558659965,430260.59056554554,238575.94741890798,0.05105489338065024
4800,400,20080.345240725746,234862.15182964853,158600.55814189446,0.12660954965089438
2500,800,0,1079509.4601126213,622143.5161953112,0.0
4400,300,22596.291007034677,217728.11020673777,142768.075647608,0.15827271541299412
3900,400,11653.481520046196,325570.6471945693,202699.83561234424,0.057491322007448685
3200,700,55666.57349729218,742306.0958077181,441876.1036608881,0.12597778661507514
2500,300,0,417621.63847395964,252833.03498687153,0.0
4000,500,25002.704552452313,401712.57271658507,248236.10857191408,0.10072146512564678
3600,600,11854.413592623467,575897.4180002474,348399.1702048472,0.034025378377490006
4800,400,24720.16573460173,229991.85127652946,164745.72767357592,0.15005042063113042
4400,300,12180.469558659965,212826.37882373418,148288.0517849619,0.08214060008235406
2500,300,14731.583976992319,395534.73330973287,238083.16322880363,0.06187579069938227
3900,400,20080.345240725746,341216.8129014431,195200.6869438701,0.10287025909135168
2300,1000,0,1372586.1762738342,840235.4147764483,0.0
4400,300,1110.3615878894796,208638.54675964714,143655.13351526792,0.0077293554411786355
4000,500,16516.073415010378,394873.16562789405,246285.16856600682,0.06706077150798428
2500,300,14170.9514503036,417187.27449961484,242125.6492691642,0.058527262572459465
4000,700,46509.774674632805,548689.4271691581,353673.91569702816,0.13150467877443078
4800,400,9168.807755323674,239919.96156918744,162654.05349926784,0.05636999237381407
2500,800,23655.621023658136,1045564.2886762782,628283.9387816082,0.03765116305460872
3900,400,24720.16573460173,307225.5217264684,202763.9725213242,0.12191596676279347
2800,900,27959.54175125198,1165239.9844629217,661268.2153033076,0.0422816961471944
3300,700,22080.78353029294,705646.9967848685,410732.4463929058,0.05375953062439706
2500,300,30354.250856294544,393301.2803259182,218578.33547187003,0.1388712691528433
4400,300,11469.2262796653,214679.3623317791,135274.52456182026,0.08478482047389403
4800,400,33465.9700342329,259705.0916413247,176977.28425804104,0.18909754534055329
2500,300,0,401082.13252044836,239469.2822741314,0.0
4000,500,22964.237086399186,418239.7904740668,258255.1785332699,0.08892072258462302
2800,700,33736.693922925755,787246.2748992591,491417.1555903716,0.06865184403746682
3800,800,14677.055278196356,654899.2039268014,419887.8810624016,0.034954700862193086
4400,300,10460.738706951384,214330.59596097705,137571.39163020693,0.07603861953413933
3900,400,9168.807755323674,345772.27983144857,200189.60430679118,0.045800618803723936
2500,300,443.392984874739,392760.299925897,242632.4385598032,0.0018274266520445204
4000,700,32837.76459042831,525157.5675472743,344502.7241459746,0.09531931763916651
4800,400,11391.009459891866,242539.74837952387,170871.5284850516,0.06666417489727312
4400,300,30354.250856294544,213585.31683886726,144863.04739585196,0.20953756946275393
2900,700,33736.693922925755,760948.7500913304,474471.7364320829,0.0711036956102335
2500,300,19407.870392785975,390028.34822994686,241796.5845729435,0.08026527929277323
4000,500,10414.585274745257,394754.3631671708,255895.58921937112,0.04069857283009738
4400,700,37243.93363676565,447191.1757753933,325777.7895743811,0.1143231209390417
3900,400,33465.9700342329,350924.5373564051,212943.13091996827,0.15715919029485212
2500,800,67047.92976735103,1070248.7306303338,642856.4148952428,0.10429689774236271
2800,900,38941.34540270332,1147305.70685509,649204.8600891456,0.05998313906238485
2500,300,17023.898678586753,418831.6191829042,247495.7055995451,0.06878462249414498
3700,700,41205.97832777563,561379.3776849194,355201.83339328534,0.1160072230881525
4400,300,7674.8043375273755,201834.47960544165,136062.09220121102,0.05640663180585037
4800,400,38196.14028701521,242664.27441756884,171534.09013886217,0.22267375689633617
4000,500,19642.388650516023,448625.02252361004,245424.2936351956,0.08003441044721077
3600,600,41874.01463545452,544559.1548468937,341677.76498122665,0.12255411070648765
5000,800,14677.055278196356,430375.7791908534,319114.7896074252,0.045993027450254055
4400,300,11669.537646593615,203172.08032529947,137859.34009079728,0.08464814671902385
3900,400,11391.009459891866,327693.95483810885,210303.41967390967,0.05416464210403441
4000,700,47528.84571779319,553300.4824348015,359943.22894300293,0.13204539465116427
4400,300,19407.870392785975,201268.05913679447,137384.4230528088,0.1412668915552809
4800,400,20609.194919875048,225918.6843023747,162289.93398920793,0.12698997660104744
2500,700,1642.4304492544659,990798.4013683127,570096.5798888471,0.002880968781771492
3900,400,38196.14028701521,326027.64400968316,196002.89957415545,0.19487538383361588
4000,500,77416.64199583024,418153.78778324666,288145.1780149138,0.26867234957450276
2500,800,17250.90065359726,1099453.0529682587,640234.5648069186,0.0269446568521332
4400,300,17023.898678586753,208688.36429274033,140622.55999974153,0.12106093558969516
2800,900,38472.210140050665,1162350.266256342,647916.9506745858,0.059378304734881385
4800,400,16602.567079717483,242522.2071577566,167923.72650942532,0.0988696917632161
3900,400,20609.194919875048,320621.2735291802,198870.3101757703,0.10363133089931693
3200,700,46509.774674632805,789706.6023576395,442092.3946212852,0.10520374301954463
1900,900,40712.234675893036,1436218.1318137418,937226.8848870794,0.0434390384360327
1300,500,0,1108345.8119919936,785762.9720098707,0.0
4000,700,35674.70338916108,571919.4160922412,358355.56853181915,0.09955113446491189
2500,700,55666.57349729218,899486.3668346434,565601.4126859368,0.09842014579302744
4800,400,59776.453848392586,254329.46039829944,184114.18593069012,0.3246705491281126
1000,100,0,238034.35074548537,202897.42787492074,0.0
3900,400,16602.567079717483,331029.4560353097,204940.86377279766,0.08101150143547499
3300,800,17250.90065359726,856303.5686478926,485026.18545978685,0.035566947044815826
1000,100,37380.91231404779,274854.0448618226,198111.89335205845,0.18868585667201382
1300,500,20283.00204746246,995955.7093826416,768078.8723398478,0.02640744691449858
2500,800,35914.23101158144,1114218.4391317859,655741.466853324,0.054768888086216945
1000,100,77938.11439889878,298644.9000168955,203486.38808778382,0.3830138965623408
1000,100,0,285395.6317833415,203557.19945448675,0.0
1000,100,0,244952.02593145458,208823.83931993315,0.0
1100,700,0,1666596.8882788979,1295674.045201925,0.0
1000,100,0,245658.16419485456,184477.16761047777,0.0
2800,900,20561.77594657812,1049019.823341517,636492.4220632496,0.032304824431255916
2100,1000,48982.01050155351,1493962.438983316,974725.9889324391,0.05025208218280982
2500,700,46509.774674632805,934684.1518337284,565878.265115245,0.08219042423401925
1300,500,0,995993.3110149794,751506.2096201626,0.0
1000,100,73383.29175993473,291909.54083080654,203671.14899757807,0.3603028318989223
4000,700,69720.14424491407,571184.932200842,362264.2280699162,0.19245660720179703
3900,400,59776.453848392586,367370.5219971564,214080.8696717845,0.27922370616318093
2100,100,11542.613858920746,151890.98655747675,96617.8227975813,0.11946671457400818
1000,100,33722.92225476102,224917.61388333488,198872.06496210178,0.16957093627597952
1000,100,0,248869.3323369751,188690.77568692472,0.0
2100,100,58693.99065039046,171941.63300034447,94338.99683431353,0.6221604280303513
1000,100,47290.783852739885,296808.8536545344,213284.7444469226,0.2217260497246137
3300,700,33736.693922925755,715303.4509525963,416960.01080395165,0.08091110190130017
2100,100,77938.11439889878,203201.46658742783,96898.28004180182,0.8043291827809158
1300,500,50087.937502267276,1185258.1238960573,802135.1180792784,0.06244326719194568
2100,100,0,193714.1740606089,96931.99974023178,0.0
2500,800,16572.841584963386,1029470.2393712618,638229.5792148504,0.025966896747955936
400,500,0,2717929.315307547,2553729.6590320794,0.0
2100,100,0,147592.53962459764,99439.92348568245,0.0
2100,100,3385.173241283174,168184.5044725799,87846.2702907037,0.03853519597452287
400,500,0,2613133.252132712,2496256.3351045055,0.0
1300,500,25002.704552452313,1039310.6633136175,763803.4109905049,0.032734476165835205
4400,700,69720.14424491407,446666.6597856417,329331.11642719654,0.21170226792197674
2100,100,75473.93998143142,176740.2820334911,96986.26142741814,0.7781920745332993
3800,800,56652.31769517611,652489.7072154043,425281.9989418328,0.13321118184201497
3600,600,10839.95528106298,553518.9377587104,336875.05756358383,0.03217796936188124
4000,700,41205.97832777563,503373.9328158364,328561.69588878896,0.12541321414935405
3700,700,22080.78353029294,599523.6476761963,366328.9386747538,0.060275837366748214
2300,1000,19355.87075851322,1478697.0700323987,877204.6527390012,0.022065399103933233
2100,100,50920.72719750148,142686.4366820067,94700.98331528656,0.5377000894274969
2500,700,35582.21414989446,903438.1224643888,551204.3586335594,0.06455357907202165
400,500,0,2539826.958962886,2442395.1812655283,0.0
2100,100,0,187018.8063695345,89852.75032710702,0.0
2100,100,47290.783852739885,205604.6634233803,101653.04462974092,0.46521758423459836
2100,1000,32785.350020067905,1562619.672494904,935883.2663142566,0.035031452319032104
2800,900,38949.98686826633,1059702.0088066221,630796.071078027,0.06174735172605152
400,500,0,2770066.608171578,2606939.1337576546,0.0
1300,500,16516.073415010378,960591.1110446538,757800.5186646363,0.021794750740094897
400,500,0,2659225.049003828,2482361.0857191407,0.0
2500,800,56652.31769517611,1019236.9987089759,646428.6383915858,0.08763893542237829
3700,300,22596.291007034677,274304.06832581543,169778.25212147977,0.13309296523365416
1300,500,59654.152401973595,1060165.8520685723,794631.3185639074,0.07507148410634405
400,500,0,2609754.6542882393,2462851.685660068,0.0
2200,1000,48982.01050155351,1442302.4830304561,930420.2621627828,0.05264503847722934
4000,700,22080.78353029294,518189.11066779454,338854.2682741473,0.06516306742351158
3700,300,12180.469558659965,283030.30152783,161199.96447223512,0.07556124220336236
1100,700,55666.57349729218,1671789.4066308453,1285457.7561044018,0.043304864148932073
2500,700,47528.84571779319,967690.4583331671,575909.1663088046,0.08252837165697767
5000,800,56652.31769517611,427285.4352861578,323214.3191957929,0.17527787084475657
4000,300,22596.291007034677,266290.901264856,157044.8832123688,0.14388428673908557
400,500,0,2709425.267027531,2582551.7853326993,0.0
1300,500,0,1050739.3625025977,787371.0437519111,0.0
400,500,0,2701911.432650115,2558955.892193711,0.0
3700,300,0,279434.56582981115,170833.13174788616,0.0
4000,300,12180.469558659965,255141.8403737495,149109.9671368175,0.08168782940904039
400,500,0,2605106.436131049,2454242.936351956,0.0
2800,900,17153.509809631636,1091606.9137435795,643309.3544865579,0.026664480611077547
3200,700,32837.76459042831,747445.8248059854,430628.4051824683,0.0762554541113332
1900,900,20998.202170839555,1444209.657082427,958124.7690574088,0.021915937098147795
1300,500,19642.388650516023,1027127.2663984867,755151.6727236788,0.0260111833953435
2100,1000,11936.521471189832,1585428.5252713538,939816.1429666779,0.012700911301129941
400,500,0,2780340.735936237,2516604.844986073,0.0
3700,300,11469.2262796653,302036.97230284853,160867.0021816241,0.07129632630759271
4000,300,1124.3108540689957,245544.7390035153,158020.6468667947,0.007114961724063478
2500,700,35674.70338916108,947660.0627719102,573368.9096509106,0.062219459040569934
4000,700,33736.693922925755,521068.64604329405,343992.0089132601,0.09807406291066688
1000,400,0,973224.5813517448,790529.3588881425,0.0
3700,300,10460.738706951384,265574.87229231314,163598.41166835418,0.06394156642643535
1300,500,77416.64199583024,1202782.4174055476,774339.9523034071,0.09997758964333578
4000,300,11469.2262796653,255954.4051632092,148801.97701800228,0.07707710952172185
3500,500,8397.590111466117,529004.554892484,291854.8181750948,0.028773176211290382
2800,300,22596.291007034677,409650.05755920656,224349.83316052685,0.1007190007173599
3600,600,20098.9754068782,613392.2184645375,331796.06323061726,0.06057629259123626
3700,300,30354.250856294544,285916.60024170013,147688.0645080203,0.2055294783462081
4000,300,10460.738706951384,259941.87301176155,151328.5307932276,0.06912601775830848
1400,800,0,1586592.4351694207,1166894.3127680426,0.0
2800,300,12180.469558659965,402913.896353127,213014.23876688213,0.057181480586328264
2500,700,63582.87668592812,1008811.8649647174,579622.7649118659,0.10969699696939295
1000,400,19921.453989699232,926945.2988982662,761282.6790810934,0.026168274331087413
3700,300,7674.8043375273755,291993.3024836546,161803.56910414284,0.04743284947310145
2800,900,23467.23045235416,1001125.7482320763,626059.3208825735,0.03748403652751586
3300,800,35914.23101158144,847242.9594889468,496773.83852524543,0.07229493227380637
1000,800,0,2015859.154062211,1633652.0378752595,0.0
4000,300,30354.250856294544,239244.77437900405,144863.04739585196,0.20953756946275393
2800,300,0,401324.4714404551,225743.78123827814,0.0
2100,1000,0,1456309.6882811808,920257.835231348,0.0
3700,300,11669.537646593615,284512.48255890975,163940.8368647319,0.0711813961046337
1100,700,46509.774674632805,1597096.248950924,1286086.9661710116,0.03616378666296847
2800,300,14731.583976992319,400665.2353131527,212574.2528828604,0.06930088558330814
1400,800,0,1617106.882301122,1173317.625055131,0.0
4000,300,7674.8043375273755,262573.39988282265,149668.30142133211,0.051278756187136704
2500,700,41205.97832777563,870579.0973677123,525698.7134220623,0.07838325884334628
3700,300,19407.870392785975,273022.8403384689,163376.07065739424,0.1187926133533044
3700,700,33736.693922925755,615192.2324318385,371883.2528792001,0.09071850819236688
2800,300,10460.738706951384,357003.8671333557,216183.6154188966,0.04838821243081594
1000,800,0,2029354.8929252871,1642644.6750771834,0.0
1000,400,24720.16573460173,985076.7286776579,790779.4928331644,0.03126050429815217
4000,300,11669.537646593615,239612.08554417756,151645.274099877,0.07695286065365806
4400,700,41205.97832777563,398997.1391120949,298692.4508079899,0.13795453556428947
2800,300,30354.250856294544,393678.1063449747,195159.22809988397,0.1555358214511845
3700,300,17023.898678586753,277644.97501915006,167226.82810780074,0.10180124129133457
3000,900,18830.26442658507,984607.5481441021,600210.2095487982,0.031372782613512236
2800,900,40712.234675893036,1105507.7177067676,635975.3861733753,0.06401542506362713
1400,800,28598.31398524947,1557909.4558811951,1169423.8940839134,0.024455045026809896
4000,300,19407.870392785975,242540.40685316196,151122.86535808968,0.12842444686843718
2100,1000,19355.87075851322,1547182.103193061,960747.9529998585,0.020146668747069475
2500,700,22080.78353029294,862120.4817893761,542166.8292386356,0.04072691713969474
2800,300,0,365814.1274528742,213811.8591733316,0.0
1000,800,28598.31398524947,1987850.8279915473,1637193.4517174787,0.017467889304864214
3500,500,20283.00204746246,512940.9934598859,285286.43829765776,0.07109697246211155
4000,300,17023.898678586753,248701.32793159087,154684.81599971568,0.11005539599063197
2800,300,386.18098682638555,366581.8967395195,216636.10585696713,0.0017826252244460097
3200,700,47528.84571779319,795654.9557197995,449929.03617875365,0.1056363157209314
4800,500,8397.590111466117,317741.43580875767,218726.61253679788,0.03839308812983758
1000,400,0,970970.4913792181,780739.4567964857,0.0
2300,1000,21020.25115954296,1433904.3260082714,876171.1402490197,0.0239910334795651
2800,300,19407.870392785975,358294.90520372277,215889.80765441383,0.08989711280790603
1400,800,0,1511818.074876571,1110970.5646344842,0.0
500,700,0,3051942.1600442003,2850482.8994442355,0.0
1000,800,0,1922926.1630847238,1555358.790488278,0.0
2500,700,33736.693922925755,847150.9338484874,550387.2142612161,0.06129628931916681
2800,300,17023.898678586753,374351.0016663413,220978.3085710224,0.07703877719344238
3600,600,21712.083868383877,634946.6430030012,336840.78095574706,0.06445800240332637
4800,500,20283.00204746246,305738.92765722616,208021.36125870878,0.09750441937661014
2800,900,20998.202170839555,1120569.4135664168,650156.093288956,0.03229717046042833
2200,1000,32785.350020067905,1500030.0225240309,893343.1178454267,0.03669961671517649
2100,1000,21020.25115954296,1483699.9604026112,959616.0107489263,0.021904856655255094
300,500,0,3529964.082916173,3404972.8787094397,0.0
1000,800,0,1961181.5414371253,1570709.8469540207,0.0
2400,900,18830.26442658507,1148048.1185724002,750262.7619359978,0.025098226090809785
1100,700,32515.592106472814,1595831.8319053445,1252737.178712635,0.02595563751040517
1000,400,33465.9700342329,1019821.7495804363,830478.2105878763,0.04029722828073131
1400,800,32805.436702620245,1511279.8493285894,1121935.6049671576,0.029240035308069717
4800,500,9063.95521004553,290736.1568687971,203532.93177212737,0.044533113787175276
300,500,0,3437392.552118392,3328341.7801393406,0.0
300,1000,0,7025801.06274803,6823081.922527074,0.0
2800,1000,48982.01050155351,1189194.760782982,731044.4916993293,0.06700277624374643
300,500,0,3320196.7868157136,3256526.908354038,0.0
3900,700,1642.4304492544659,625242.9360744556,365446.52556977374,0.004494311299563528
300,500,0,3654204.4003364956,3475918.845010206,0.0
1000,800,67047.92976735103,2013119.1899833956,1607141.037238107,0.04171875909694508
4800,500,50087.937502267276,328967.52257919195,237834.46181356232,0.21059999934547355
3500,500,9273.401344376194,483899.6179318123,279130.8778589175,0.0332224131400586
300,500,0,3421761.9918540125,3309814.780958854,0.0
1400,800,67047.92976735103,1576464.2231329277,1147957.883741505,0.058406262735723115
300,1000,0,6842004.687092443,6551182.864199796,0.0
300,500,0,3376509.058269814,3283802.2475467576,0.0
2100,1000,38609.46167290928,1496441.587634562,956938.6006312439,0.040346853651258896
500,700,55666.57349729218,3069870.557951395,2828007.063429684,0.01968402915860549
300,500,0,3544829.4741444313,3443402.3804435986,0.0
1000,400,0,999986.1237296886,820183.3367282477,0.0
1000,800,0,2040686.863080896,1600586.4120172965,0.0
4800,500,25002.704552452313,303701.96377649694,206863.42380992838,0.12086575815077615
300,500,0,3476238.8317036657,3411941.189591615,0.0
3900,700,55666.57349729218,571983.4381733804,362565.00813201076,0.1535354274371228
4400,700,22080.78353029294,423914.5839616789,308049.33479467937,0.07167937416586274
300,500,0,3397357.6197153805,3272323.915135941,0.0
1400,800,0,1572029.7332658966,1143276.0085837832,0.0
300,1000,0,6828998.635451751,6578713.000766746,0.0
2800,1000,32785.350020067905,1254956.5167640501,701912.4497356924,0.04670860309204281
3300,800,14677.055278196356,814987.6134345614,483507.2569809473,0.03035539811716768
300,500,0,3564303.2346112593,3355473.1266480973,0.0
4800,500,16516.073415010378,287163.41945249744,205237.64047167235,0.08047292580958115
3200,700,35674.70338916108,786354.3573866129,447944.46066477394,0.07964090757192951
1000,800,0,2076705.5884588573,1639353.6671333099,0.0
3600,600,36472.84182332618,541623.7497337798,323645.4796063596,0.1126938088790457
1000,400,38196.14028701521,928221.7343092777,764411.3083392063,0.04996804713682458
1100,700,47528.84571779319,1659445.8457333806,1308884.4688836471,0.03631248352907017
2100,1000,24025.861179443214,1449379.46403461,968922.1423471136,0.02479648274033975
3900,700,46509.774674632805,605444.0679088215,362742.4776379776,0.12821706180507003
300,1000,0,6686163.243864872,6441804.8466194365,0.0
1400,800,35914.23101158144,1607585.0468467197,1170966.9050952212,0.030670577328281493
500,700,18164.04097416293,3052985.6224995144,2829391.3255762253,0.006419769796411494
4800,500,22964.237086399186,293727.19070598844,215212.6487777249,0.10670486710154764
1000,800,0,1928490.169879192,1595573.948037126,0.0
3500,500,50087.937502267276,600134.8535012623,297935.9010008748,0.1681164885936999
1000,400,15545.160883608694,976803.1253235335,775594.2096855042,0.020042904768348004
2800,1000,14353.46431921302,1321482.5466578992,704862.1072250084,0.02036350680805013
3000,900,27959.54175125198,1075172.036059373,617183.6676164205,0.04530181730056543
300,1000,0,6967986.385717478,6725235.670999009,0.0
4800,500,10414.585274745257,290480.30351492646,213246.32434947594,0.048838287396116856
4200,1000,48982.01050155351,685797.8987298493,487362.99446621956,0.10050416436561964
3900,700,32837.76459042831,569980.6669589072,353336.12732920476,0.09293633469818734
1400,800,8360.58436606795,1567297.0919850888,1139695.6771693758,0.007335804226995801
2100,1000,16670.502063405325,1637589.7598639817,981621.5796286091,0.01698261571400306
1000,800,56652.31769517611,1961786.6777962178,1616071.5959789646,0.03505557416895131
4800,500,19642.388650516023,302339.6953222006,208283.00259983508,0.09430624873530404
300,1000,0,6879044.9874411505,6717312.075242484,0.0
1000,400,0,976057.1947840012,799269.3687139108,0.0
2300,1000,38609.46167290928,1399817.9336509656,873726.54840244,0.044189411141854984
1400,800,56652.31769517611,1506527.13299025,1154336.854270689,0.04907780383653184
2400,900,27959.54175125198,1281992.4416783461,771479.5845205256,0.03624145384045234
3500,600,8801.493417169559,568454.5158904862,347465.41849827336,0.025330559384036357
3900,700,47528.84571779319,597082.3534401304,369172.542505644,0.12874425978488516
1100,700,35674.70338916108,1621255.2219414574,1303111.1582975243,0.027376561977850766
4800,500,77416.64199583024,362896.4255767832,288145.1780149138,0.26867234957450276
2200,1000,11936.521471189832,1515607.577024446,897097.2273772835,0.013305716601183747
500,700,0,2940111.3033014713,2756021.793167797,0.0
300,1000,0,6877613.16552522,6698570.204418707,0.0
2800,1000,5678.654055267282,1247911.058204093,690193.3764235111,0.008227627574018894
4200,1000,32785.350020067905,665666.1956951347,467941.6331571283,0.07006290463806421
3500,600,17300.89366834403,623612.1446940524,349469.75870975,0.0495061253145889
3500,500,25002.704552452313,510284.58512203326,283698.4097964732,0.08813128198494094
2100,1000,12160.787131930476,1298282.2202668923,910869.8637947357,0.01335074044635525
3200,700,63582.87668592812,783884.2368144701,452830.2850873952,0.14041215612082297
3900,700,35674.70338916108,583391.776029799,367544.17285314784,0.0970623561032891
300,1000,0,6911618.558514455,6782454.996429795,0.0
1000,400,59776.453848392586,1031106.8435360406,834915.3917199594,0.07159582209312332
4400,700,33736.693922925755,417344.1958993498,312720.00810296374,0.10788146920173357
3500,600,10610.795124079985,590132.9158954103,330885.0030148689,0.032067923983859645
3300,800,56652.31769517611,793514.0008859962,489718.6654481711,0.11568339475753933
2800,1000,19355.87075851322,1269450.1987259702,720560.9647498939,0.026862224996092633
300,1000,0,7123052.841198552,6871351.057400264,0.0
3900,700,69720.14424491407,577573.8015158722,371553.05443068326,0.18764519202175212
2800,800,12476.399171677162,994520.7378145414,583447.1563840213,0.021383940319464466
4200,1000,13523.502096673492,652476.7280249817,469908.07148333895,0.02877903768280554
3500,600,42344.93258939453,779499.7856381823,358201.23000577744,0.11821548627488394
500,700,0,3124662.7317802915,2879545.8315440235,0.0
300,1000,0,6513753.892704324,6376089.04656315,0.0
3900,700,41205.97832777563,526992.3071906164,336986.35475773225,0.1222778837956202
3500,600,11854.413592623467,601123.3816589932,358353.43221069995,0.03308022897811528
2800,1000,21020.25115954296,1199355.5461709213,719712.0080616948,0.02920647554034012
1100,700,75833.44400983912,1740149.46818838,1317324.4657087862,0.05756626099632709
4200,1000,5478.701447687448,655316.4610405697,460128.917615674,0.011906883566625935
3500,600,41874.01463545452,588648.2322819663,351439.98683783313,0.11914982985352966
3900,700,22080.78353029294,530342.623104892,347542.8392555357,0.06353399073792379
3500,500,16516.073415010378,480154.1855368567,281468.76407543634,0.058678175069486256
3000,900,38941.34540270332,1041013.6576946145,605924.5360832026,0.06426764899541235
3500,600,10839.95528106298,624514.9840006154,346500.05920825765,0.03128413687960676
500,700,35674.70338916108,3081501.5744036813,2866844.548254553,0.012443891808113986
2800,1000,38609.46167290928,1178560.3734146075,717703.9504734329,0.0537958048683452
3900,700,33736.693922925755,536020.913496836,352812.3168341129,0.09562221133790022
3500,600,20098.9754068782,622105.7012743559,341275.950751492,0.05889361779703526
4200,1000,19355.87075851322,713387.9388769662,480373.97649992927,0.04029333749413895
1100,700,41205.97832777563,1531833.441639204,1194769.8032319597,0.034488633891072366
3200,700,41205.97832777563,740476.297992826,410702.1198609862,0.10033057131948324
3500,600,21712.083868383877,619247.4784396576,346464.80326876836,0.06266750233656732
2400,900,38941.34540270332,1220049.5309766054,757405.6701040033,0.05141411919632987
2300,1000,24025.861179443214,1366889.1816617067,884668.043012582,0.027158052525134008
2800,1000,24025.861179443214,1151935.3030996607,726691.6067603353,0.033061976987119664
3500,500,22964.237086399186,537913.3135232636,295148.7754665942,0.07780563226154515
3500,600,36472.84182332618,554336.7838389592,332892.4933093985,0.10956342529907222
4200,1000,21020.25115954296,645862.8460229477,479808.00537446316,0.04380971331051019
2200,1000,0,1402880.8220649692,878427.9336299232,0.0
500,700,0,3152226.1115383036,2898113.8245593295,0.0
2800,1000,9482.858057806652,1304075.100884261,736216.1847214568,0.012880534623664158
2800,800,21145.200242141203,992639.4015205144,586658.8125275655,0.03604343749826079
4200,1000,38609.46167290928,662172.6229999132,478469.30031562195,0.08069370730251779
1100,700,8569.393825148785,1544343.3313551638,1232197.3391787175,0.006954562838822917
500,700,62229.4366582734,2858899.8066114434,2628493.5671103117,0.02367494348737806
2800,1000,12160.787131930476,1060217.5501414393,683152.3978460518,0.017800987261807
3500,500,10414.585274745257,545700.6198307003,292452.10196499556,0.03561125122633521
4200,1000,24025.861179443214,667385.9749543587,484461.0711735568,0.0495929654806795
3200,700,22080.78353029294,705190.3000410864,423567.83534268406,0.052130453938809274
3000,900,38472.210140050665,1084940.1214083096,604722.4872962801,0.06361961221594434
1100,700,33736.693922925755,1530574.0492230689,1250880.032411855,0.026970367300433392
2400,900,38472.210140050665,1268062.810841046,755903.1091203501,0.05089568977275547
500,700,0,2925248.424939612,2710834.1461931784,0.0
4200,1000,9482.858057806652,681857.3295804353,490810.78981430456,0.019320801935496238
3500,500,19642.388650516023,545363.6138951223,280484.9070116521,0.07003010914130943
2200,1000,19355.87075851322,1483886.5593178233,917077.5914998649,0.021106033925501352
2300,1000,16670.502063405325,1469525.417252653,896263.1814000345,0.018600007686765258
2800,800,18254.242969308172,993678.7770023773,584711.9470419567,0.03121920641720412
4200,1000,12160.787131930476,620660.4004996795,455434.9318973679,0.0267014808927105
500,700,33736.693922925755,2928412.1883359645,2751936.071306081,0.01225925786383336
3200,700,33736.693922925755,706690.7375863538,429990.0111415751,0.07845925032853351
3500,500,77416.64199583024,571935.5949956509,288155.671889586,0.26866256523138765
3000,900,20561.77594657812,1048419.396966496,594059.5939256996,0.034612311890631346
2400,900,20561.77594657812,1171946.2680755623,742574.4924071245,0.027689849512505076
2800,800,5118.192907800191,949905.2446203312,555485.2823172421,0.009213912718712051
2200,1000,21020.25115954296,1388314.1094886004,915997.1011694297,0.022947945067410096
2300,1000,12160.787131930476,1264420.5884751563,831663.78868215,0.014622239536484323
2800,800,23655.621023658136,996689.4671209347,560967.8024835788,0.04216930262116177
3000,900,38949.98686826633,1011139.6854634362,588742.9996728252,0.06615787684934092
2400,900,38949.98686826633,1210809.7559941916,735928.7495910316,0.05292630147947273
2200,1000,38609.46167290928,1387977.9623985111,913441.3915116418,0.04226813239655695
2800,800,67047.92976735103,995106.1102163945,573978.9418707525,0.11681252547144623
3000,900,17153.509809631636,987624.7842299088,600422.0641874541,0.02856908636901166
2400,900,17153.509809631636,1188943.860447338,750527.5802343176,0.022855269095209324
2800,800,17250.90065359726,1018877.2908385171,571638.0042918916,0.03017801567438919
2200,1000,24025.861179443214,1425583.8373723787,924880.2267858812,0.02597726763273688
2400,900,23467.23045235416,1130072.935397179,730402.541029669,0.032129174166442176
3000,900,23467.23045235416,944281.0886894747,584322.0328237353,0.04016146770805271
2800,800,35914.23101158144,1017136.8927122012,585483.4525476106,0.061341154656562986
2200,1000,16670.502063405325,1469905.8396056755,937002.4169182178,0.01779131170038416
2400,900,40712.234675893036,1233864.9319595937,741971.2838689378,0.05487036434025184
3000,900,40712.234675893036,1033131.5807580905,593577.0270951502,0.0685879554253148
2800,800,14677.055278196356,955243.1885589771,569847.8385846879,0.02575609537214227
2200,1000,12160.787131930476,1281512.1731087696,869466.6881677023,0.013986489991419786
2400,900,20998.202170839555,1222808.0032592474,758515.4421704486,0.027683288966081427
2800,800,56652.31769517611,923124.6082712428,577168.4271353445,0.09815560767306368
3000,900,20998.202170839555,1080174.3984132516,606812.3537363589,0.03460411120760178
