P,n,Paper,Min Time,Time opt,mast
200,200,2328362.898269215,2023855.849979594,2018365.6152433166,1.153588269976809
1500,200,328239.6882040692,323914.5900780808,269115.4153657755,1.2196985734092316
200,200,2548008.1529434035,2171884.400298013,2147249.8832849334,1.186637928253314
200,200,2418601.0157631617,2066379.0070184283,2030895.4220536863,1.1909037705729912
900,400,993754.5476371077,1023839.1642146858,878365.9543201583,1.1313673335691368
200,200,2404923.7965604644,2112330.1069968496,2054351.8723653462,1.1706484312210232
1500,200,502126.688349757,421526.2973567698,286299.9844379911,1.7538481161130177
200,200,2145680.4325156757,1813924.7796369677,1778677.6952878714,1.2063345923772921
3400,300,537401.1345786913,345357.6500002646,184758.68613219858,2.9086650583462688
1600,300,613014.0573460215,543779.3924225317,392612.208030922,1.56137288858257
200,200,2240197.82301629,1946463.6966316872,1933035.1299842403,1.1589017645191757
4300,300,530547.1805393791,235986.0580769772,146088.26345336632,3.6316892815194435
3500,300,532654.8406220363,312092.51357209584,179479.86652842147,2.9677693154384417
1500,200,541341.5241388776,417356.50915018114,270786.05627382477,1.9991484479963817
200,200,2329193.1239238353,1980843.8038623426,1974423.4116150409,1.179682691271676
900,400,1062934.090161419,1016818.5357383321,845869.6434234371,1.2566169012277943
1900,500,889604.0640820992,859636.2534729985,537627.2966383325,1.6546854477899493
1500,200,625509.2605300549,467412.2028210677,273913.5829820462,2.283600739036933
300,800,6007458.938285928,5625116.877883203,5445506.792917532,1.103195564111549
200,200,2542501.6967936708,2201380.398699734,2166579.146813661,1.1735097240887187
2100,500,826324.4002822575,783724.8388953938,486424.69695849135,1.698771475727046
1600,300,689838.3388480725,565389.6057572406,372774.91784204374,1.8505492344857233
200,200,2334186.3655096604,2014076.9105577213,2005535.610665102,1.1638718121467646
200,200,2517095.9949206784,2159492.198363989,2127014.2659441866,1.183394035113974
1500,200,525674.5365953355,394826.132527976,237157.02603838284,2.2165674168567846
4300,300,582677.6692162881,209962.4734571453,148288.0517849619,3.929363574492509
3500,300,587650.469085237,325151.7079931831,170411.3910135057,3.4484224651312405
3400,300,585734.3556577292,374188.43925984675,175423.49074919705,3.338973321966062
900,400,1044657.591761333,1046820.3795385263,878643.8809257383,1.188943113859375
4100,500,753838.126193755,383308.2069911823,249144.35697873944,3.0257082092294114
3300,600,852060.7878554831,604319.5160080246,368523.92871028994,2.3120908073389153
4100,600,837047.7382066799,426974.3420540774,296616.8206692578,2.821983380167199
1000,800,1940642.067937406,2047602.7043101175,1633652.0378752595,1.1879164123967427
1600,300,585118.174357393,577638.1894748658,395051.61716698675,1.4811182866518071
1500,200,352469.50107223575,361463.57053399656,257738.01733123203,1.3675495168384864
1900,500,828781.1591611599,814423.1447613558,525527.6494956854,1.5770457747684392
4300,300,531916.011016836,217333.51483074203,146995.95057376253,3.6185759467565792
3500,300,529055.6797697117,306443.01742841187,180595.0249906225,2.9295141424697784
900,400,986095.7301224959,1021143.4001242758,867488.2853294285,1.1367251256286721
1500,200,386775.3286696875,336320.7672504809,263256.45488200546,1.4691959930974707
300,800,5998385.551419198,5641945.573865357,5475482.250257278,1.0954990404977296
3100,800,1151140.8489999159,897198.1216254396,526984.528346858,2.184392116047555
3400,300,528791.1567762293,317209.9648203878,185906.64337269965,2.8443908575990253
1600,300,625088.1198472918,554332.2457902555,372004.9425450057,1.6803220827413274
2100,500,795886.3725852646,741032.9693847399,475477.39716276294,1.6738679426917553
1500,200,460552.31416555116,411664.34124854504,288877.21957515477,1.594283948186967
1900,800,1248988.6588601181,1295965.5947687633,859816.8620396103,1.4526217314432934
4300,300,522469.14132418414,226990.26723378312,138420.44373767654,3.7745084990070272
900,400,1119857.8112139932,1154058.106824671,922753.5673198625,1.2136044236237633
1900,500,848823.3612499128,758001.6003542629,514188.4592137955,1.6508020474589817
3500,300,526704.9242729838,336091.9822444869,170059.4023062883,3.09718202657418
5000,700,878295.6373252363,401082.23218238354,285048.28994442354,3.0812170018507374
3200,1000,1281327.1184179909,1065974.6770269142,639663.9302369131,2.003125481756372
1500,200,411172.1299493572,368024.56484300276,267404.74808868027,1.537639600225045
1600,300,596336.9500511558,558593.7017935,378321.326983069,1.5762710360704661
4300,300,497853.9611352952,225154.21245115958,140770.7263192815,3.5366299098728433
3400,300,524604.149062019,319605.33547670033,175061.14943294384,2.9966908749389054
4100,500,732754.3712397395,369102.56598206086,243537.2034248298,3.0087984954048776
900,400,1023482.9548081362,1068588.5231637456,911314.8185869418,1.1230838497667788
4300,900,1041047.566561751,566074.9958148455,418751.3089875336,2.486075969717729
1500,200,516128.5068684534,409672.8196365448,283601.9021258916,1.819904954795905
1600,300,583238.6689028601,505164.5887206949,341528.64917479694,1.7077298502251101
1900,500,917685.6354048926,960135.2531350199,548829.291317401,1.672078458498625
2100,500,791125.2359151271,736399.1356963881,465218.1297648626,1.700546873173213
3500,300,503514.19505654695,335740.48714460066,172946.89233511727,2.9113804142886424
3300,600,928621.7130728255,649284.6528082853,370649.7440860985,2.505388787904074
300,800,6048859.298527617,5619408.462541117,5457311.505724929,1.1083954603254975
1000,800,1848962.86980597,2074129.528217945,1642644.6750771834,1.1256012318787643
4100,600,912496.2582820744,458246.02256004425,298327.8428010061,3.0587029682332987
4300,300,503757.75168293924,220684.43919450563,144863.04739585196,3.4774758693731855
4700,1000,1256897.4326185733,568881.9082716077,435515.8673953451,2.8859968756950214
900,400,999944.3498832581,1017208.6571614874,849345.8981546736,1.177311095580471
3400,300,502511.1554922197,328277.2496901246,178033.5656390913,2.8225641254127756
1600,300,579962.2656853695,502369.95735692006,374170.7535533303,1.5499935796096578
3500,300,501931.26612527843,300689.8032773946,156127.38247990716,3.2148829894709503
3700,800,1147264.1148523102,777143.9878136794,441527.5778041242,2.5983974105492305
900,400,1036413.1896379691,1049049.9286070985,861771.3440950047,1.2026545054435127
1900,500,846809.2069955284,833454.8397334121,522602.33383560856,1.6203701211596644
4700,300,530547.1805393791,195677.8211108521,142348.1066563424,3.7271109043988138
2100,500,908756.97471267,910481.7719389489,496559.83500145806,1.8301056804362792
300,800,5774309.3724422855,5363881.455069947,5184529.301627593,1.1137576887895186
4300,300,461059.9808859383,209138.11231337965,139226.32690356477,3.311586185889195
1600,300,617906.7863874978,549073.5067251782,379113.1852496925,1.6298741653644422
1900,800,1134960.895659978,1291431.351615845,864549.8289879913,1.3127767279631752
4100,500,710158.0877381761,351155.7889465056,238282.45670883206,2.9803204883268006
3400,300,503688.6598754965,322146.0310566014,160719.3643175515,3.1339637386836703
3100,800,929197.092706027,883641.3616507357,529885.3790571559,1.753581301600321
3300,600,966733.6375376604,685131.9844896967,350938.63956122455,2.7547084548636733
900,400,1062613.897422007,1067202.0156247518,888077.0763487899,1.196533415535059
3500,300,465713.9485412589,307276.37106268416,171049.4873386653,2.722685439092722
1000,800,1993568.6253435048,2028069.0025281112,1637193.4517174787,1.2176744435742612
5000,700,944732.0919011808,374367.12703990954,282800.7063429684,3.340628473379592
1600,300,562979.1268771456,520300.2614461539,377807.1633952242,1.490122955366553
4700,300,583892.8240322369,209300.90421540124,148288.0517849619,3.9375581309744496
3400,300,466608.06154675654,318209.18538061663,176080.3546133319,2.649972295724962
4100,600,963830.4075606349,451025.3878702044,282462.8074517173,3.4122382916745133
1900,500,813246.0645878441,789671.0461015182,518495.0917179091,1.568473988622242
4300,300,525912.4777775339,217795.71892494705,141065.37125569955,3.7281472631879895
900,400,1112918.3953871324,1116220.6633421525,927683.7685777327,1.1996743212327514
300,800,5784539.822808022,5380247.586829384,5235699.489846736,1.1048265535532773
2100,500,825834.4305792978,827422.9806421751,472830.68299412203,1.7465753815929161
3200,1000,1371071.6811321003,1099024.0902147014,614173.3935187309,2.2323853419910247
1600,300,529751.8780996348,529530.0964717217,386712.0399992892,1.3698872114263845
3500,300,530141.8352085291,307802.1194573887,173308.88468557372,3.058942051184167
4100,500,887622.5098856168,421390.3876866465,254335.52524464924,3.4899666848813164
4700,300,528791.1567762293,201637.3182759668,143441.4983667211,3.686458680348745
3400,300,534048.1564700424,301603.4833691301,178406.2048233847,2.9934393649521867
4300,900,1176360.7935272076,615722.3334165327,430593.2564765724,2.731953591547272
4300,300,436030.1141205651,208036.0328736905,140579.40963543227,3.101664143072814
3500,200,231449.42659041606,188326.1288812463,115335.1780139038,2.0067548390354464
1900,500,761972.1782026984,847953.5389641343,543695.1127016209,1.401469611187893
3500,300,436844.0941833951,295637.3173318364,172711.84612353108,2.5293232860874237
3300,600,1217296.9770643534,772886.5139182876,379910.395460673,3.2041686450518925
1900,800,1287840.2783528452,1316988.290717839,861680.7640618309,1.4945677472039225
1000,800,1771339.7974162444,1951211.5032665215,1555358.790488278,1.1388624979964674
2100,500,763526.7661121844,725325.8172668476,469114.6067923939,1.627591115384054
3400,300,438991.80624231393,289170.8655853907,177791.60630363494,2.469136847172626
3500,200,416433.5934055259,258185.16978165123,122699.99333056761,3.3939170011493554
300,800,5969139.196201311,5556044.621902553,5357136.79079369,1.1142405783737603
4300,300,445587.06612889766,201140.98515171587,143892.85209275878,3.0966587960995824
4700,300,522469.14132418414,211710.25067682026,130823.99861272547,3.9936796525447487
3500,300,449866.52870497544,310179.0104609716,176782.64685681794,2.5447437104465185
3700,800,937414.2662045399,725789.300586078,443958.0202911307,2.1114930316830844
3100,800,1160446.9929968186,939832.5640671963,528126.9199088641,2.1972880935459047
1900,500,795884.8858393155,826189.1150558896,538727.5562513076,1.4773420750507298
4100,500,790518.9471420812,386620.19486657507,242181.56933845277,3.264158165716227
4100,600,1196882.8612861375,499749.89250038797,314954.4837664354,3.800177241400139
3500,200,470663.556472603,234555.88646151312,137320.72161632078,3.427476574057443
4700,1000,1343882.5536083097,583487.9420873882,418160.6083531784,3.2137951943892014
5000,700,894483.6081035257,383102.58142309415,282939.1325576225,3.1613994148418403
3400,300,448732.5734265583,310392.11226074403,181982.13647025375,2.465805612189341
4700,300,498204.7476172877,203803.25123533502,131967.49793690105,3.7752079520026918
3500,200,610482.8420733635,305903.7296068744,154001.93236168398,3.964124558123096
2100,500,728126.4337642419,829344.4005931105,491914.62577765697,1.4801886254411787
1700,500,882151.9971957667,900182.2529784387,600877.5668310776,1.4681060600216462
1900,500,882192.2833211061,806965.8148181216,516682.723442517,1.7074158730202897
1000,800,1801860.249754251,1938684.3795748309,1570709.8469540207,1.1471630188404853
300,800,5996142.658501401,5489867.782752908,5335288.040057655,1.1238648435627112
2700,200,242981.65739789495,220138.56997764693,149508.5640920975,1.6252022676655355
3500,200,488199.41635325685,234823.23548325125,112828.85828240226,4.3269020336209545
3200,1000,1402819.2851264374,1107180.1982718299,616754.3438218824,2.27451869480723
3300,600,656876.8973842296,618909.3661168251,380071.82204165147,1.7282967567962548
1900,800,1162968.9149013557,1251617.0162375579,818609.8897306726,1.4206631626255815
2500,1000,1342129.3624704522,1320175.0314777142,818769.8307032489,1.6392022667929582
2700,200,427326.0150419364,308323.8772734089,159055.54690999506,2.686646415945166
1900,500,998371.0486823567,916462.7812437377,529811.5463128575,1.8843889976169215
3400,800,1162485.6106884012,816272.5359396843,480485.8934927234,2.419395920737902
4700,300,502594.3550061546,197296.41237602444,144863.04739585196,3.4694448587207205
1000,200,465028.7945150011,464338.3721984939,403673.1230486633,1.1519934520360458
1700,500,861282.6589428425,858882.8631658236,587354.4317892954,1.4663763688971614
4100,500,689915.8544850537,349996.716909552,240278.21323512858,2.8713208958730023
3500,200,279407.9547827934,198576.78812262448,110459.15028481373,2.529513888730387
2100,500,776812.0941241563,743604.356586911,487420.16994165926,1.5937216841419082
2700,200,478715.2781322811,317341.18721197644,150436.69792990264,3.1821708713344856
1000,200,583850.3329730908,531092.2659173881,429449.97665698663,1.359530480169121
4100,600,645808.922534927,445069.2243200895,305911.46652132925,2.1110974684235932
300,800,6066679.48920008,5641222.370978682,5464512.223777699,1.1101959773833379
3100,800,1093482.2441344073,934765.4355025018,501728.6420929929,2.179429580844491
2700,200,613200.9903198878,372976.33181862585,154441.1569389403,3.9704506394129275
1000,200,610161.3025653954,529957.3098717108,406179.08441073715,1.5021977398235182
3500,200,303278.3867378963,177460.61262202397,112824.19494943091,2.688061606589164
1000,800,1879118.379063612,2048766.9451796957,1607141.037238107,1.1692305376589112
4300,900,1164523.168049578,571889.4097289473,422738.04843014135,2.754715768722717
3700,800,1134639.5115777974,758697.3664709986,442484.71668039967,2.564245653703179
4700,300,462347.91448173916,192487.09619358735,127377.27780538904,3.6297518870526395
1000,200,640636.3388235233,582313.692966264,410870.37447306927,1.5592176477681627
2700,200,492853.7434707343,297526.6362658877,131753.90335465714,3.7407145513105835
1700,500,869943.8395563238,837447.8099547938,574681.2191213008,1.5137850526705665
3500,200,356682.6153710844,222045.64890242918,123804.52267506633,2.8810144222858725
5000,700,828621.4239663881,370588.2059696548,275602.1793167797,3.006585165692623
3300,600,725454.9738459422,628419.8526160753,372739.37997952,1.9462793920132668
2700,200,283634.60114842857,238449.07899385184,143187.78740624,1.9808574899179425
1000,200,597293.0627140027,493444.45449485345,355735.5390575743,1.679036804409169
2100,500,823289.3850832975,775608.6137023616,467474.84501942014,1.7611415755410238
4100,500,676719.9655472036,376366.3257574308,251956.27173977552,2.6858627525895873
4700,300,520374.0301149949,182636.75649546855,129059.80774457617,4.032037852906719
1000,200,470118.9714015802,471127.03982250264,386607.02599684807,1.2160124875883993
1900,800,1126750.251955625,1242745.69854641,826689.3931336951,1.36296686677508
300,800,5881514.89201642,5474886.663656198,5318579.82679042,1.105843116688861
3500,200,353423.3624401906,209007.1139471052,114602.03489514868,3.0839187346327974
2700,200,325256.2340661193,214691.69966785645,146253.5860455586,2.2239197195807607
1000,200,494446.5336659601,454571.2439736444,394884.6823230082,1.252128927253532
1000,800,1887502.8656161781,2080552.6536262417,1600586.4120172965,1.179257084431491
4700,1000,1388001.7280532243,554781.2470545915,419917.85111277096,3.30541253336827
4100,600,710538.1578593476,432001.7850170307,300009.7448615649,2.368383594296962
2700,200,363587.7482093544,305661.4604302108,160487.34420841932,2.265522867255973
1000,200,562536.5698267383,566288.7530354775,433315.8293627322,1.2982137547433894
1700,500,969898.0251655243,1026024.658060293,613397.4432370953,1.5811901987185681
3500,200,481436.3953685591,242671.15208252717,124934.25083644566,3.853518087676523
4700,300,437032.32500314876,189156.63861145955,128615.20456007632,3.3979833605054868
3400,800,923257.3096751911,807848.013133983,483130.7867874069,1.9109883595173454
2100,500,998047.9153509613,871794.5539582757,479353.30380687106,2.0820716315602357
2500,1000,1419937.9907846835,1366236.0370794646,786141.9437039755,1.8062107004423695
3100,800,1013757.4704891097,861150.0161325957,506680.5957916196,2.0007821079180097
1000,200,544036.3337800762,474241.3902639114,401107.1221330204,1.3563367583377284
3300,600,734093.6697080478,629066.9507167514,367500.06279663695,1.9975334537950058
4100,500,749292.2788666944,373047.43071199214,249654.2333847523,3.0013201406920653
2700,200,358183.35380007443,269419.2618420904,148558.19338260015,2.4110642815748364
2600,100,199550.18627620186,134608.81064322093,78037.4722595849,2.557107252428877
300,800,5977206.689903009,5522476.919134627,5386905.319929882,1.109580795450255
3200,1000,1362591.541093929,1095152.6718948134,603919.2043705722,2.256248072975381
1000,200,616126.4554816646,559010.8331500478,425402.85318883735,1.4483364435925976
1100,100,277207.46409952384,224011.82753218606,184452.20715901887,1.502868783025943
2600,100,295801.9697772018,163219.40232332825,83036.60298715172,3.5623081765877553
1100,100,302053.8202889528,255542.37952984145,180101.72122914402,1.6771290036959097
3700,800,1081289.1143854777,698459.4310728473,420367.24067250756,2.572248761953051
2700,200,490082.08247168583,315556.26170640945,157556.61229216197,3.11051421671159
2600,100,227180.37979854937,163123.4621859153,78263.99541837838,2.902744468693476
4700,300,446289.66362063907,197099.66710387132,131646.65191465165,3.390057074219972
1700,500,916810.8010337341,884703.918830091,584084.9613456802,1.5696531527219653
1100,100,258450.03463651004,259579.2074989097,184987.62553434892,1.3971206662605682
600,500,1883369.2416687422,1901780.5539830003,1702486.4393547198,1.1062462514430254
1800,400,598408.4944739941,639517.8351015965,439182.9771600792,1.3625493828188115
1100,100,338350.2194418544,272286.1268708663,185051.99950407888,1.8284061796068112
2600,100,287307.25342733815,173949.5272242814,78291.23055941798,3.6697245831292755
1000,800,1857318.6897190916,2066527.7619364308,1639353.6671333099,1.1329579010043214
1100,100,232174.3052534413,221780.92286873853,189839.85392721195,1.2230008633617109
4300,900,1211007.551247903,585461.6572438162,421899.40974159073,2.870370337777038
1900,800,1264554.3232446262,1326956.8306163035,845863.70380953,1.4949859150468716
600,500,1882578.9081434135,1827440.2496952177,1664170.8900696703,1.131241340283629
1100,100,305917.3076853228,231520.04907085528,167706.51600952525,1.8241229676964228
5000,700,1057369.9241579254,381565.6329227322,287954.5831544023,3.672002412932458
2600,100,157525.31134229674,125448.41936130253,80316.86127689737,1.9612981488310213
1700,500,855431.3652274106,849631.75391094,579494.5142729572,1.4761681847854038
1100,100,420872.3774112892,283811.9838288684,185155.58999779826,2.273074107113341
2600,100,248398.04463127456,148145.5509476921,70952.75677326068,3.5008934948794836
600,500,1899884.4468632678,1754671.766778114,1628263.454177019,1.1668163662271323
1100,100,273642.4708116496,205567.08246523465,180792.78632918344,1.5135696305570927
1800,400,713000.8392915465,624659.7181685847,422934.82171171857,1.6858409444884705
4100,600,698244.9981808761,417287.21789141506,295792.7334704639,2.3605887473587943
4100,500,757604.7943762315,400111.35439237254,239438.33525384936,3.1640914708708983
1100,100,266109.13546902785,232063.6528985471,171537.0688062952,1.5513214567606157
2600,100,371280.95185520186,174003.6621909824,96621.71431835281,3.842624346654538
3400,800,1151874.2965316619,795997.8009375026,481527.48579925846,2.3921257467156525
600,500,1972924.1513261863,1984271.5498881107,1737959.422505103,1.1351957507053898
3300,600,931205.5502486012,661270.1467383816,361959.3417061279,2.572679975212907
1100,100,389288.99744953803,317574.81003110186,193895.2222244751,2.0077286741952465
2600,100,223992.6373852682,112612.44508984551,76489.25575465453,2.9284196214922353
1700,500,812545.6125441461,919992.8456789554,607659.2436076939,1.3371731296639786
2600,100,215510.13924543743,135816.08412393258,72573.37526420182,2.969548246321428
3100,800,1123559.3770035387,904669.0240932001,518432.59265745385,2.167223652440989
4600,500,754701.234209111,332765.9123514274,222063.44861148516,3.3985837783214436
600,500,1877983.6810470405,1847327.9476921554,1654907.390479427,1.1347968423193688
1800,400,721816.5673470915,639801.8213866778,439321.9404628691,1.6430241717192324
2600,100,378292.30062335305,207184.98507572475,101090.2064453163,3.74212610623153
1000,800,1839427.2537712243,1916126.6477449827,1595573.948037126,1.1528310900501266
3200,1000,1320677.3793382554,1116195.8237242668,630490.8441561571,2.0946812972452236
600,500,1859934.7789512316,1847583.5093742285,1641901.1237733788,1.1327934136964186
4100,500,953448.5100624985,387716.33235971397,288145.1780149138,3.308917111266564
1900,800,1217884.590595773,1339106.6976329167,842413.901061735,1.4457080884596207
1700,500,864070.2761994152,869318.3253542905,602107.2687514614,1.435076972233144
2500,1000,1429747.5989717524,1408346.4225204429,789445.5600920095,1.8110781430009133
4600,700,882696.2896099951,424055.9527472057,309835.0977656777,2.8489228495267542
1900,600,942851.0427709164,938729.2030722763,640067.87618103,1.4730485279099532
1800,400,610007.3595970507,665700.7975690456,433744.14266471425,1.4063760166292056
4700,1000,1330660.1923264263,588185.7449957359,411179.0327629428,3.2362063390853697
3700,800,996466.2473916741,714254.0366467653,424516.17485243804,2.3472986576731643
600,500,1949949.6780750155,1895563.6810552853,1721701.1902217993,1.132571487520324
800,600,1755402.7361070118,1761021.449363771,1520161.205929946,1.1547477525800685
3300,600,765007.4053351505,648388.8017042624,367462.6701335422,2.081864274967397
4100,600,930092.6783970428,425961.33513852966,291333.12869029806,3.1925400402567283
5000,700,858786.6161465731,380652.363234742,286684.4548254553,2.995581384660134
4600,500,730883.6208292993,312483.9817853118,217065.76826995699,3.3671067836008364
1000,800,1836227.9623654187,1956232.980090958,1616071.5959789646,1.1362293396742058
4300,900,1083963.1410254892,576815.7968015942,414460.1818086277,2.6153613509873836
1800,400,771559.6722729545,716001.9965051567,461376.7836599313,1.672298432861006
3400,800,1087814.7100362396,862985.7579438628,457458.46779067,2.377952943553373
1700,500,865835.797281999,835159.402207729,577468.9262004602,1.4993634427723932
600,500,1909009.3107562456,1860769.8987436164,1705970.5947958075,1.1190165390774163
3100,800,1050970.5063203394,921861.2181572308,516318.19742493436,2.0355093265391564
800,600,1776426.5733007635,1835346.2059258646,1528930.1943551565,1.1618755256841478
600,500,1808834.2174974692,1815731.64591093,1636161.9575679705,1.1055349436104496
1900,600,1071221.1743241786,1049926.9214830587,643760.0818337501,1.6640068319750518
2100,300,564923.3654042997,471388.4792380025,299133.11088070244,1.8885350529771254
1900,800,1172064.861386966,1318584.9964421615,862817.7195438473,1.3584153811845807
1800,400,643240.779737146,631356.8100317402,455657.4092934709,1.411676330984141
1700,500,1008295.2380147739,1022676.5710102179,592142.3164673113,1.7027920653099209
900,200,509909.6605226919,494518.6683042422,448525.6922762926,1.136857195258698
600,500,1946438.1936141793,2016213.147945512,1677736.5633240486,1.160157223824079
4600,500,709791.3614182873,301808.70217904664,212382.18967526336,3.342047478197548
4600,700,946530.4434155889,403129.900017933,307392.07211192214,3.0792285465025104
4100,600,734749.0189013012,446116.0583320226,295762.6369367535,2.4842523264979595
2100,300,616406.2786604533,485447.13886661053,284018.98502250947,2.1702995615296667
3300,600,764360.4586074039,562300.785026256,353067.7959342105,2.1649112929853063
800,200,603005.6157145656,538368.5432886989,504591.40381082916,1.1950374325850226
900,200,601120.5175779052,567290.1093187085,477166.6407299852,1.2597706257467858
800,600,1695677.936165888,1793113.2141089528,1447621.8881900513,1.1713541705879973
800,200,649695.5179272478,635199.3985404363,536812.4708212333,1.2102839506193332
900,200,644771.8746791268,581659.6326860248,451310.0937897079,1.4286670817949048
1800,400,644486.8112175382,623531.9215876278,424672.9490773368,1.5176074026324933
800,200,700138.7598500152,640943.0139838842,507723.85551342147,1.3789755045919982
3700,800,1104770.209385564,732819.3006517342,434362.44249678566,2.543429406638304
800,200,706436.7993241417,695613.7502646114,513587.96809133654,1.3754932810234932
3200,1000,1382893.5679263857,1039702.4103588269,629748.0070539829,2.1959475098550683
900,200,659772.0489780403,631722.4033847264,456522.63830341026,1.4452121179137412
800,200,653694.3199937124,569484.6942306355,444669.42382196785,1.4700680662393188
3400,800,996733.3232631601,816686.8382516295,461973.4843982414,2.1575552643708273
900,200,613826.3093039123,519546.5793297374,395261.7100639714,1.552961730607721
2100,300,547111.6921681768,502440.3490630308,300991.7083177042,1.8176968901438535
1900,600,1028737.1590918966,1086047.9743235072,609525.0055537059,1.6877685898339303
800,200,599632.3635626453,558662.4819368726,483258.78249606007,1.2408100696391047
800,600,1932963.162601908,1899698.8411113895,1567130.3812752762,1.2334411901509623
900,200,532891.165005995,524352.1732248425,429563.36221872,1.2405414704214548
5000,700,1110761.321269727,401396.17192718684,290855.4444784048,3.818946292243802
2500,1000,1432074.782839604,1320172.6317609518,773016.5815943324,1.852579643098957
800,200,628941.921214791,540596.2263094793,493605.8529037602,1.2741784108006062
1800,400,723190.2417266206,686525.5445671203,430885.67204750236,1.6783808064216477
800,200,675062.5667484239,649687.9175883924,541644.7867034152,1.2463196975586572
900,200,543115.3478775878,498245.8681199791,438760.75813667575,1.2378393869681599
3100,800,1019536.628072398,975771.2724714864,528823.7635913902,1.92793270322884
800,200,621724.1321776186,558040.3797125744,501383.9026662755,1.240016141067541
900,200,620125.7639554846,590577.755108118,481462.03262525797,1.2880055371638295
2100,300,569506.1809655222,475182.8439187376,283432.33717714716,2.0093197079681735
5000,1000,1257549.0863763862,551277.4177037198,409384.9153516244,3.0718012296478143
800,200,667161.5212945172,637317.5812640188,531753.5664860466,1.254644187350314
900,200,553178.2794190086,519082.7313977089,445674.58014780044,1.2412156853001497
4600,500,880750.1756486997,332036.00055973226,237834.46181356232,3.703206713327848
1900,800,1166264.5043102163,1217638.3254782334,839775.7621248032,1.3887808590228068
4700,1000,1277420.9356510676,611095.8639133401,429270.36197866016,2.975795789308582
2100,600,922330.1938349835,895387.3703757147,579109.0308304556,1.5926710597352296
900,200,626838.0950126386,603701.0328013612,472669.83687648596,1.326164790110012
800,600,1764604.3560707234,1790474.5709213663,1567796.2659218123,1.125531674253092
1800,400,738681.5075555731,637420.103385206,444038.5381743949,1.6635526965577434
4100,600,745168.3837316876,400386.46341776126,284176.51867875474,2.6222025211522055
4300,900,1148816.0969980352,588779.3935163503,410750.9300042967,2.796867914543779
2100,300,549527.4696356581,478813.7473388877,288244.82055852877,1.9064608639657248
1900,600,1306974.5546563703,1142259.9722327644,659844.3710632742,1.9807315360594946
3900,500,758941.1922341184,455092.1113027308,261920.99066995684,2.897595913534284
3400,800,1109133.001877352,898267.5926013252,472688.5403641491,2.346435141040017
4600,700,894749.0780412245,407450.7832659802,307542.53538872016,2.9093506591220017
1800,400,763495.2024074738,670977.9417067879,463841.88428886636,1.646024708566406
2100,300,539143.3126808412,445264.8244641068,260212.3041331786,2.0719362770981946
800,600,1771599.0352347002,1732126.8407389822,1537549.9424155199,1.1522221076288974
2100,600,1031527.1997102469,941164.4124480033,582449.5978495834,1.7710153865994034
3100,100,186870.41338402432,120500.77084830048,65450.783185458306,2.8551287591856154
3200,1000,1302417.6424269925,1100601.9721505276,627990.9566642537,2.073943308587024
4600,500,793706.8242876076,296264.25977342867,215857.4857147079,3.6769946692357247
3700,800,1026038.678583696,702281.0575626807,432590.9221668369,2.371845145164615
200,1000,11671633.617579913,10313243.519546818,10234622.88379061,1.1404068083510153
3100,100,294022.48153847456,132973.706532769,82829.73232550794,3.5497214983505203
2100,300,546818.8871785231,433578.41209483746,285082.47889777547,1.9181076623604103
5000,700,894916.7131451176,353225.78263971535,262849.35671103117,3.4046753027779433
1900,800,1089854.0598917643,1234114.7764894953,850563.9978836656,1.2813310492843446
3100,100,225893.7374254839,165433.32557415488,65640.770350898,3.4413632901916964
3100,800,1000182.8038605712,874679.0195907258,514701.2735603633,1.9432297047605256
800,600,1727136.6151877535,1766141.5880296035,1515937.7590361272,1.1393189495364981
1900,600,833051.3749477696,963568.5047016375,660124.7435460263,1.2619605356297119
3100,100,279338.23491864704,172071.72529106017,70216.21405692393,3.978258279379588
2100,300,561195.0056045126,468405.36912884656,288848.14114262286,1.942872138226483
3900,500,734564.2700830214,440975.4624476359,256026.29077994928,2.869097028454661
3100,100,159756.11380656116,110880.5869116141,67362.52881288166,2.371587240293912
2100,600,1033972.1236212235,995211.4133917395,551475.0050247815,1.8749211010474722
4600,500,680319.0390254919,305327.7224518701,214161.01614435375,3.1766707651729087
4800,200,229480.05224965897,113414.65206087807,84098.56730180485,2.728703467992778
2500,1000,1361543.3471548213,1418790.6897838344,807028.2805198812,1.6871073542524755
3000,800,1173044.2563380124,931786.6453418069,544550.6792917532,2.1541507539090445
3100,100,243311.56756387858,117357.23510026046,67900.41305549568,3.583359166976166
2100,300,514933.48844111717,442838.46167145285,287853.07687255176,1.788876096221498
4600,700,829611.9778024303,416691.01232073497,299567.586213891,2.7693649646396925
800,600,1763550.918847634,1778127.3066826824,1493082.2845377775,1.181147842359932
3100,100,366275.0238443719,164633.2052929041,96621.71431835281,3.7908147917719135
3400,800,1033518.2997850475,864819.3117850572,470760.7094168519,2.1954217484830107
4800,200,414799.88362680905,158599.66014295266,115155.9162563489,3.6020718440850397
3100,100,222036.23814794174,109742.42500060856,64152.27902003284,3.4610810643002483
200,1000,11279835.467512766,9984623.615006138,9826774.296299694,1.1478675633936384
2100,300,483715.9160325634,439568.99283494323,294637.7447613632,1.641730988758215
1900,600,884034.1483504666,953353.2666818124,647389.4494381137,1.3655368482105217
4700,1000,1352835.9623978187,582967.6517324562,428764.6005473926,3.1551950899647223
5000,1000,1345573.6519366594,543303.6932562425,393070.97185198776,3.4232333300952575
3100,100,215888.82613427396,132007.11750557134,60867.99215707249,3.546836662151817
3900,500,711575.7889036632,420208.30625853216,250502.06987338755,2.8405984400181534
3700,800,1004851.4132350533,785688.4774290061,443068.55868467834,2.2679366286294824
3100,100,376684.65447414434,172982.5421892221,100708.92896554476,3.740330260120414
4800,200,468582.2286968623,174945.2410498623,137320.72161632078,3.4123198828367545
4300,900,1048783.2264218156,579119.1741704751,418899.11454938655,2.5036654172687878
4600,500,671767.6468438772,325120.50245597406,224569.72046371296,2.9913545132297767
2100,600,1269586.6077818135,1072765.1585862897,597002.050009629,2.126603430861479
800,600,1769854.9823201513,1766156.6220867806,1515783.5143008616,1.167617252478483
5000,700,759231.3986106277,375699.50402693806,271083.4146193178,2.800729803690926
3100,800,884799.5238439615,829731.0599886881,521313.4180577305,1.6972506235125882
3200,1000,1150621.1219835577,1032442.2810180672,635855.1559152934,1.8095648219243816
200,1000,11098274.369396472,9995221.916034514,9868069.501150118,1.12466520104089
4800,200,609113.6911260784,167563.39018613286,153927.2635835206,3.9571527287989148
3900,500,887409.4132289058,508048.01241254783,267378.3726930928,3.3189274221797604
3600,100,189423.41705093053,107643.2816596725,56360.396631922435,3.360931227791279
4600,300,532159.9092435805,202090.80208576884,142348.1066563424,3.7384403751032953
1900,600,881348.620914224,939017.9021937484,638289.5827520536,1.3807974385453627
3600,100,293657.5695389048,121422.60808691097,82739.16147748545,3.5491968288657767
3400,800,1013127.9353870214,840592.3761598865,482162.8432745029,2.1012152834228908
800,600,1652600.1100667957,1666590.5338608576,1456404.658228618,1.134712183684447
4800,200,488591.15204176196,136078.8147790836,112828.85828240226,4.330373979490731
3000,800,933314.1015528127,929458.8819296557,547548.2250257279,1.7045331514113824
3600,100,225327.0478630164,127834.06926781175,56523.996691051056,3.986396239717607
4600,700,1058974.2339876276,420773.8608396137,312994.1121243504,3.3833679068279228
3600,100,277115.7166998429,130501.99894679362,70156.3045836674,3.9499759621654342
4600,300,584468.8930233336,217234.04435265387,148288.0517849619,3.9414429280579806
3900,500,796123.2251527706,420786.8042762634,254601.13699683495,3.1269429294130275
2500,1000,1458327.7465735944,1312089.46203187,806077.4490290981,1.809165792108583
4800,200,275683.6497070116,133178.04445042321,89579.42667687622,3.0775330891705273
2100,600,796932.3682761282,906760.0228060617,597255.7203511666,1.3343235420291302
200,1000,10934977.563043797,9792699.852244735,9662707.269929156,1.1316680985539127
3600,100,154950.96536724342,95069.75017890589,58006.622033314765,2.671263382278163
4600,500,747734.3753689578,312883.6527753499,222517.90366901836,3.3603335418850904
1900,600,1017924.6060517973,1015573.7802327572,628666.225068538,1.6191813166689875
3600,100,242685.56388458834,118038.06712250948,67756.1990911905,3.581747015619442
4100,800,1147767.101139957,604079.2455515078,398451.7165549414,2.8805675906322636
4800,200,303168.9864315801,118612.9669331378,82267.6421506267,3.6851546793634533
3600,100,366018.439352708,167191.9838415394,96621.71431835281,3.788159234545734
3700,800,955410.7492748142,678938.4717814008,431236.20217219624,2.215516101065445
4600,300,529055.6797697117,202000.35429671948,143441.4983667211,3.688302797961112
3600,100,221927.6395793562,92996.505944306,55242.2402672505,4.017354084586656
5000,700,800831.034274276,374169.94507477584,275193.60713060806,2.9100640913297022
2100,600,830674.5641080429,844192.0906835028,585733.3113963886,1.4181787990300811
5000,500,754465.5725699828,300357.3771707634,218726.61253679788,3.449354259272195
4800,200,355133.97852557804,151187.62092195803,115640.3076979828,3.0710224280367675
3400,800,978869.0902925392,815516.9108158625,469286.4553050371,2.0858669139646753
3600,100,213510.19646244566,111010.00797606239,54138.05797390288,3.943809668336602
4700,1000,1256574.9300523044,579079.1358154991,427568.310920343,2.9388869519996006
5000,1000,1377376.1050806832,533292.5410326375,394722.78004600474,3.489477108263553
3900,500,690096.0145079844,411919.314375658,252600.1728882121,2.7319696840167467
1400,200,334393.46487509465,347008.86339977843,288337.9450347595,1.1597275718767541
4300,900,905698.3958341784,533684.2938908063,407666.53452818736,2.221664814558271
3600,100,373967.6363032162,138611.44846051902,100449.69451400051,3.7229345306878283
4600,500,759198.7761531713,332580.626854993,213412.42924799616,3.5574253047414754
3200,1000,1361306.4722015758,1136222.3572276114,644189.1616312747,2.1132092144399808
1900,600,933470.6391340549,1013671.7054816666,638224.6376003628,1.462605145805365
4600,300,522933.34841930144,215553.11905305347,130823.99861272547,3.997227985419755
4800,200,345832.2956046766,134335.73288407305,83563.98377771258,4.1385328938436015
4600,700,859047.7941530781,427013.6077406438,311613.5378537558,2.756773021062519
200,1000,11480513.316681249,10218956.639498647,10087853.506498514,1.1380531358118549
1400,200,493301.3052986327,427532.5272089314,306749.983326419,1.6081543019146656
400,400,2294708.791281609,2073140.7566390298,1976323.3972203562,1.161099845556174
3000,800,1171998.7897445653,934325.0968249736,545731.150572493,2.1475753922331418
1400,200,538036.9628681354,425380.52833801636,290127.9174362408,1.8544818700061005
4800,200,480974.3852032144,160920.374865555,124828.15119872103,3.853092275936411
400,400,2181927.7180738254,1993758.1977365783,1903206.6977027336,1.1464481081889435
1400,200,640470.7465295066,506801.2762113827,293478.8389093352,2.182340467577521
2100,600,846143.9553814512,894282.2626664591,577500.0986804295,1.4651840879592313
4600,300,498270.5132249774,204224.5726148067,131967.49793690105,3.7757062990102344
400,400,2256140.486920731,2088002.8090690337,1976948.732082911,1.1412235685766439
4100,800,907259.7410908937,572256.3407519609,400645.04270175204,2.2644976085883473
1400,200,553765.7538799802,407235.9115729615,254096.81361255306,2.1793494613606703
3900,500,684434.1503052508,429600.13000229024,264877.10618796916,2.5839686945973517
2500,1000,1365622.1430464766,1340374.8566702423,803828.4245302448,1.6988975524777474
5000,500,729672.9693344501,289003.90952956286,204121.41780085766,3.57470067176549
4600,500,951654.1564900349,355639.5286601862,288145.1780149138,3.302689856016883
400,400,2258467.1212609713,2042219.915691548,1951848.6419912141,1.1570913198253707
2300,300,563606.4357613013,461641.316509648,273121.53602151095,2.063573762696296
1400,200,373147.40698890743,368983.7641580653,276147.8757120343,1.3512593787903109
3400,800,866021.9315970283,758937.6417282193,475315.17528793076,1.8219951237038032
1900,600,854939.7158315905,887963.0653323636,613223.0139909971,1.3941742177408594
3700,800,861979.5802693416,648012.1236785401,436776.1070213418,1.9735044257519871
200,1000,11371020.849580176,10161551.23032338,10075968.112863727,1.1285288641458768
4600,300,501431.3979834071,197129.56372272523,144863.04739585196,3.461416883031588
400,400,2386553.7008337798,2206940.7013425212,2076195.5264696907,1.1494840781647448
1400,200,408996.7813417084,339804.8076413947,282060.48737357726,1.4500321727091443
3200,200,236129.8477610011,187902.25451957787,126147.85095270729,1.8718499441542287
2300,300,630233.1076340942,471555.54925384186,259321.6819770739,2.4303139746325253
3900,500,750074.0711728283,424533.3115268977,262457.01458397036,2.8578930243559943
2100,600,1026753.580861966,961758.842895475,568793.2512524867,1.8051437470487695
400,400,2350480.469150117,2123119.790442859,2050458.341820619,1.146319542909175
1400,200,445658.20377049793,455449.1032887896,309511.3066876658,1.439876974252901
4200,200,229285.324621387,143115.75853706125,96112.64834491984,2.38558949909017
3200,200,421130.89653416997,268442.66212197643,134203.11770530834,3.1380112752590126
4600,700,1109859.0696016843,434178.7309136351,315012.37223470974,3.523223744287572
4200,500,759071.527684107,363091.45598727796,243212.34847924564,3.1210237984642535
400,400,2178453.6243543695,2014875.4408693996,1911028.2708480156,1.1399379368614386
3200,1000,1034131.5459038784,929511.7863994457,597758.3481152953,1.7300160661318205
1400,200,407130.856994049,367272.65263104823,286505.0872378717,1.4210248792407214
5000,500,707913.5204866074,299060.83451910963,195391.6145012423,3.62304964976942
4600,300,462177.86591384886,193239.16473428073,130146.34906202793,3.551216528506491
2300,300,549239.5889859691,457588.7930638297,274818.51629007777,1.998553796157727
400,400,2268391.4191167103,2072214.9764012212,1938985.5242137604,1.1698856906301665
2300,200,259406.60297761718,238283.95328641156,175510.05349941883,1.4780156338934518
4200,200,414400.4040964091,195318.6168519098,115155.9162563489,3.598602812328906
3200,200,475646.1542222906,270293.1475970399,137362.30372257222,3.4627124133193283
200,1000,11503018.522671914,10140735.956918642,10047855.30662806,1.1448232654269968
1400,200,546096.8735817643,440133.06763848977,303859.18084916956,1.7972037970208223
3900,500,755696.1319901454,454431.782301613,251717.22424122624,3.0021629797806164
2300,200,434041.28662798577,342524.49725395936,186717.3811552116,2.324589622790299
4300,900,1199678.3748101396,590110.3036091719,414123.5072756862,2.8969096265561705
400,400,2299670.9650171506,2101200.7166871238,1998173.421784777,1.1508865746813282
3000,800,1100070.5828591143,929577.520985376,518452.9301627593,2.121833090062325
3200,200,610988.0693025038,300239.0466756165,154125.95210631838,3.964212781511547
2300,300,564808.7300203907,466485.955224092,258786.04698783005,2.182531618665484
2300,200,498294.6760396041,328215.2453201265,176599.6019177118,2.821607017391744
4200,200,468632.3592090447,183698.15815241614,137320.72161632078,3.4126849443627383
400,400,2411557.787320886,2204518.9590762993,2087288.4792998987,1.1553543323008955
4700,1000,1100868.426986663,573862.2363433692,432922.65934658266,2.542875507251623
4200,500,729994.6243409698,337224.3425024095,237738.69858138147,3.0705755045221714
4600,300,521157.5954284764,192133.17108611736,131865.45573902348,3.952191971033761
5000,1000,1338751.1835705282,522786.3869018151,386508.2907971662,3.4637062527413804
2300,200,614205.9514317254,427450.71692428965,178639.29324916055,3.4382466492131156
3200,200,490455.79634689336,232751.86697164644,112828.85828240226,4.346900286089211
4200,200,609113.6911260784,173443.86104611246,153927.2635835206,3.9571527287989148
4100,800,1124060.6214919754,592125.1790326897,399315.4760286533,2.8149688378501945
2300,200,493295.3960364954,290002.9843515845,154667.6256772062,3.189390112356226
2300,300,537687.3399710981,448957.60551433574,263180.0535534393,2.043039860776985
3200,200,280057.0915500004,219152.58141353138,120814.69562401502,2.318071407650278
3900,500,952597.2679801781,490222.5194223483,288145.1780149138,3.3059628987817855
200,1000,11511225.210954834,10249949.730281744,10173682.494644694,1.1314708530577995
4600,300,436093.44072342856,193934.40737897798,131411.18726790408,3.318541212434051
5000,500,880750.1756486997,314856.5664886267,237834.46181356232,3.703206713327848
3300,400,543551.7784853957,415202.8736421575,239554.35117822498,2.2690123381687233
1800,600,1031639.2898425426,976451.2411040694,675627.2026355315,1.5269356914852679
4600,700,895539.2232673886,387221.84236231213,285705.8225119904,3.134480128523825
4200,200,489074.33782298415,154967.92662043194,112828.85828240226,4.334656445772653
2500,1000,1247618.5687341152,1270037.8151716352,813894.5995715754,1.5328994311927453
2300,200,307814.8099089992,266616.51567832596,168090.01130297742,1.831249861445793
3200,200,312168.2520286039,197055.58982266946,123401.46322594005,2.52969651953838
2300,300,531336.738554399,400466.18294608593,237585.14725203265,2.2364055358677444
2100,600,830811.8878045079,862759.2595813716,554820.8221823308,1.4974417948781997
4200,200,275775.3023840381,171120.65690134044,92049.29190401144,2.9959524585111996
3200,200,358454.4058448759,249209.06044541651,135411.1966758538,2.647154848671348
4200,500,709207.4735498863,360229.4598426503,232609.0648824313,3.0489244858464324
2300,200,335350.9561188831,252727.23837172624,171688.99231435137,1.9532466909985546
4100,900,1031569.0237164208,608190.0035897779,439178.2021088767,2.3488620764030643
4600,300,448483.9470940459,201157.70825233037,134508.53565192668,3.334241540288614
3300,400,614519.0988802436,409492.17886918294,230691.72093366468,2.6638108051434943
2300,300,512310.10349211056,422420.4598538594,260292.69812405587,1.9682077414555166
3200,200,356048.04657385545,227507.14287547194,125345.97566656888,2.8405223596565556
3400,100,188268.1321142968,111053.25472569167,59675.71408085905,3.1548534443877516
2300,200,383424.36765603675,335481.10959493194,188398.18667944876,2.035180775430798
4200,200,305120.5498825337,150493.66612870648,94020.16245785909,3.2452672055240517
3400,100,293657.5695389048,129497.04618044024,82739.16147748545,3.5491968288657767
4300,900,1249105.5505283228,587107.4606792461,423357.4560951341,2.950474906121961
3000,800,1010161.6259533138,946455.6926938449,523569.9489846736,1.9293728142958873
1800,600,1088430.399680597,1086806.0451622538,679524.530824514,1.6017529173817011
3200,200,482383.75865096145,261152.86135503024,132938.39162151166,3.628626409324661
2300,200,377352.69460880087,274895.78276711,174394.4009274002,2.1637890471374224
3400,100,225479.03753406703,153413.9500177856,59848.93767287759,3.767469336991254
4200,200,356316.7310324531,173575.07603555932,115640.3076979828,3.081250284831857
2300,300,553792.181621199,433402.7274044538,263730.91147804697,2.099837969381518
3300,400,629882.454823695,418368.4706894384,239630.14934338318,2.6285609575825593
4200,500,880750.1756486997,381220.52811964386,248279.91750072903,3.5474080405480786
5000,500,788412.8268963341,268490.9400651461,205105.55517118043,3.843936973029947
200,1000,11603679.085756607,10417912.075730588,10307026.586100396,1.125802770452229
2300,200,493313.52269681357,333222.5203468277,184957.76225601623,2.6671685290719247
3400,100,279065.8383073508,136180.6648695835,70156.3045836674,3.9777727741423567
4100,800,1084369.1420461915,567521.0809498194,379355.80255811656,2.8584488090967537
4200,200,354792.46261241834,166254.2468154564,95501.69574595724,3.7150383544622803
1600,200,311114.9269912126,323864.90459521115,252295.70190541458,1.233136056784072
2300,300,470619.1840215554,410150.3207436895,262822.37453580817,1.7906359184706173
4600,700,762067.1084098397,401356.949703042,294655.88545578026,2.5862952210544083
3400,100,158191.3869490713,99462.52771769832,61418.776270568575,2.575619322862925
4700,1000,1349838.2844017602,570169.6066146061,438596.87600427214,3.0776285884640275
1600,200,472206.84136587195,395788.91090232227,268406.2354106167,1.759299073821718
3400,100,243092.18035140465,115425.64247828814,67808.79477229004,3.5849653598436153
1600,200,522340.2564187511,385680.95879863726,253861.92775671073,2.0575761833784596
5000,1000,1280567.5331131811,555038.6026246665,403514.1402599406,3.1735381870093815
300,900,6562791.583149744,6123084.805511192,6002102.095487982,1.0934155198864834
3300,400,526852.2334718016,446905.65727623785,236587.71418075322,2.226879089204463
4200,200,480974.3852032144,190313.8957146226,124828.15119872103,3.853092275936411
1800,600,1032201.414883597,1041908.8897880586,643387.505862245,1.6043230642166069
4200,900,1042579.8789679583,580900.877575133,428721.5782491416,2.431834392907761
3400,100,366238.96973974304,149635.8134763133,96621.71431835281,3.7904416447533245
2300,300,466780.40169080463,411099.0365854461,269017.07130385336,1.7351330137840162
1600,200,620340.2225085376,464765.4690103694,256793.98404566827,2.415711664017083
2500,1000,1409599.154637682,1383241.7281091996,824562.1268880317,1.7095123686527178
4200,500,786323.448365096,357477.3969639798,236415.34149706102,3.3260254744291675
3400,100,221927.6395793562,93897.86315458876,58491.78381238288,3.7941677465540637
2400,900,1133569.9479413321,1169318.444970506,750262.7619359978,1.510897255537831
1600,200,525945.8692466989,366134.6628910666,222334.71191098393,2.365558957151377
200,1000,10858999.01936289,9613355.4067452,9564133.569844726,1.1353876375797192
1100,300,766847.9750903205,716893.8248417502,571072.302590432,1.3428211657470228
1600,200,337882.62606244884,331124.00337754353,241629.39124803004,1.3983506903579286
5000,500,679059.1095978733,280061.83919437026,197028.13485280544,3.4465083380359895
3400,100,213510.19646244566,139807.54022833865,55497.28696674257,3.847218632334122
2200,400,570668.1269022655,581002.8160170785,359331.52676733746,1.5881382077330657
1600,200,377669.80385774246,310525.05416482186,246802.9264518801,1.5302484832220085
3400,100,374626.6400325228,160452.39318764547,100533.9898865908,3.7263679722164333
1100,300,814925.5781982989,699111.7051179174,542218.0623157,1.5029480477244195
4000,700,889399.1181318182,563673.3610660947,356310.36243052944,2.4961359867978192
3300,400,716417.1274210467,443040.43781222706,251660.06381450797,2.846765261686888
1600,200,415936.0134779909,415603.85900974105,270822.3933517076,1.5358257798786576
3000,800,1110800.0286552992,977476.7593587021,535713.679079369,2.073495734819062
4200,500,682448.4493416554,352620.9540426278,234557.30339619695,2.909516947289054
300,900,6811066.806835268,6357983.238477966,6171836.676164205,1.1035721073339133
1600,200,407490.77116771654,346722.48707227124,250691.95133313775,1.6254641164215642
4100,900,1187618.4408984317,668264.0935921245,451597.8055729906,2.6298144637606744
1100,300,702399.5947242196,718790.1515443102,574620.5340610717,1.2223712051500883
1600,200,505862.9133962325,410632.6876415259,265876.7832430233,1.9026216100028979
   a l p h a = " 0 . 0 2 " ]  
     6 7 2   - >   6 9 6   [ s i z e   = " 5 3 6 8 1800,600,1365210.6268369432,1124832.8651820305,696502.3916779006,1.9600946718188565
2200,400,663172.599301123,534300.4966359244,346037.581400497,1.9164756516246142
1100,300,744941.0379984702,679821.9641832659,541098.098247281,1.3767208578471724
4600,700,806511.8325704449,409300.9749380174,299123.4860115305,2.696250446009297
3300,400,553809.1420768969,439255.17147162685,248540.40506916595,2.228245914070906
4800,600,834195.6218091613,352541.09734594106,253360.20098832433,3.2925282603782104
4100,800,990511.920451733,558693.7717167176,383099.9626717124,2.5855181857601135
5000,500,673618.8901390878,287544.305467676,206604.14282661592,3.260432636650442
1100,300,721410.9924963929,729394.895012372,550285.5665208277,1.3109756758795315
2200,400,671721.859132197,593549.5655817732,359445.2240150747,1.868773916729036
4200,500,672528.46922542,353306.0798422185,245957.31288882848,2.734330040145623
300,900,6648650.965541463,6243487.849213251,6059245.360832026,1.0972737642412458
4200,900,1169305.414956849,649776.4183630169,440845.4768688718,2.652415588477628
1700,800,1331158.73505397,1382618.5660557316,960971.7869854468,1.3852214529937386
1100,300,708759.3135133226,617876.3066939539,496768.9442542501,1.4267383694391618
2400,900,1287368.672008941,1239354.3578530068,771479.5845205256,1.6687008935032808
1800,600,878148.3374986694,1063681.366608784,696798.3404096944,1.26026180972582
3300,400,583791.9648660669,425079.9198478683,231639.79040582007,2.5202576977094298
4000,700,947657.3049461539,571811.3218638871,353500.8829287105,2.6807777595770963
2200,400,577297.3762212311,593803.3136063674,354881.5712711298,1.6267324734655646
4500,500,756539.0964426951,336021.99896579643,226998.1919139626,3.332797896158752
1100,300,727922.5120865713,694524.5476964583,544248.3688048441,1.3374822118164011
2500,1000,1118377.89907214,1153553.468809085,765130.685587578,1.4616821938245592
3000,700,940903.4820252805,834317.3447751254,475080.4832407059,1.9805138607400108
3000,800,1064483.483709029,915665.2518465385,533528.8040057655,1.9951752852270106
4700,1000,978401.7853845044,524889.30164103,406984.4072274351,2.4040276924853883
5000,1000,1344434.678859528,548001.9667904822,403038.7245145491,3.335745666818663
1100,300,748940.3079595426,711169.5476453721,551437.3603631891,1.3581602586126438
3300,400,668153.8614780394,437649.3002057589,235028.54838954672,2.842862563107064
300,900,6727093.488621464,6217864.374012493,6047224.872962801,1.1124265477042803
4800,600,907893.1943861065,357072.21473060956,254821.69905919273,3.5628566866089817
4200,500,752309.8580015476,361192.46638308937,243710.08497082963,3.08690491036345
5000,500,746259.4037991987,290977.50393193593,204716.47137549688,3.645331510381439
2100,400,593348.4101573172,612129.9181343692,376442.5518514964,1.5761990966190995
2200,400,729664.26194203,602232.8475428735,377490.095721762,1.9329361755754417
1800,600,892571.8001993598,928027.9406811817,683355.5299624533,1.306160206603438
1100,300,693587.3565294248,685245.251306431,549537.6922112352,1.262128815474988
4100,900,1171299.3778917927,645487.709614592,443359.4166462458,2.641873238538579
1100,300,671896.3521979351,704359.9076151374,562490.2399989661,1.1945031298661646
1700,800,1174827.1844525752,1361753.776345499,966261.5735748138,1.215847982142294
2100,400,673965.6540127572,564425.8568092613,362515.56146718736,1.859135787950886
4500,500,732773.8221002335,335511.7318408319,221889.45200928938,3.302427472170043
3300,400,694983.9391147259,423471.1360733642,242202.8390042154,2.869429367434583
4100,800,1104049.56331477,601374.742259871,391985.6188385627,2.8165562976162843
4200,500,757748.5126684455,354961.2621057558,233737.42250971007,3.241879304273438
2200,400,615811.5462686161,608663.1651766684,372810.6076037489,1.651808005750595
4000,700,889508.8192497029,537581.7399438935,353673.91569702816,2.5150534992003575
3000,700,967912.1464337836,820620.6528561412,471334.51057161397,2.0535567091404827
300,900,6595825.194488078,6109950.7600123165,5940595.939256996,1.1102968897280419
4200,900,1163280.8217587331,596491.5560683073,432803.2400594304,2.687782146915067
1800,600,880673.5632264471,1011300.4082947571,673750.1151271677,1.3071219484099434
4000,300,533793.0603991642,259452.07228469502,157044.8832123688,3.3989840960136606
4800,600,966225.6723014992,364424.3627927082,277514.5116622374,3.4817122409709924
2400,900,1208320.2601886685,1256632.3954132453,757405.6701040033,1.595340922154369
2100,400,684596.8487484442,580139.2807225587,376561.66325388785,1.8180205675554149
5000,500,756163.2608759542,289797.69609837583,208283.00259983508,3.6304607262107567
3000,800,1016795.7269147465,1019804.6381984536,546451.22237777,1.8607255053623435
2200,400,617020.0760481284,547416.6390743216,347459.6856087301,1.7758033567754585
4200,500,949769.954124528,367119.1389198884,288145.1780149138,3.296150782975691
3300,400,726438.0846906062,457943.24387258827,253004.66415756347,2.8712438448889746
1800,900,1290814.3076399486,1391751.1108276153,1000350.3492479969,1.2903622302029534
4000,300,585630.1970305004,240274.81613875067,149109.9671368175,3.9275053725493008
1500,400,680867.2181821115,727879.0186641826,527019.572592095,1.2919201744886468
4500,500,709427.7000304413,323479.40319634636,217101.7938902692,3.267719198990178
3000,700,917165.7420715402,821001.5514809384,471565.2209293709,1.944939324117182
2200,400,685900.462920404,606330.7734672633,352542.8225843201,1.9455805620786748
2100,400,576863.3546455824,558498.0156078942,371780.6937126122,1.5516226754138551
300,900,6381539.396266626,6066598.610618306,5887429.996728253,1.0839261612983864
1700,800,1403098.2086560484,1383820.4584064395,963054.9715985169,1.456924319000327
1800,600,1067179.5689809523,995378.0586159342,663592.1264612345,1.6081860022540433
1500,400,767466.50935785,688826.113291884,507521.7860540623,1.512184364192196
4000,300,528973.8888880062,254415.6310577242,158020.6468667947,3.347498566651931
4800,600,1197440.4098526456,417159.90800463664,314954.4837664354,3.801947492643559
4000,700,845540.2003291076,521831.03166805266,344502.7241459746,2.454378851212888
5000,500,949976.0131172796,335241.51247413806,288145.1780149138,3.296865905103263
4100,800,1024516.3171232116,597136.1591135787,390386.9297603162,2.6243612145320245
2100,400,739898.4161494413,606536.5070093011,395465.81456565537,1.8709541732755843
2200,400,710311.0332101026,546118.5250389379,363304.2585063231,1.9551409502615011
2200,600,923998.1905909218,872635.3842652116,552785.8930654349,1.6715299760400097
5000,1000,1256319.0310968505,553447.1692979533,401914.2122651224,3.1258387804114793
1500,400,785109.306279943,721067.694894879,527186.328555443,1.4892444355134198
4100,900,1218652.378259947,647486.1943825553,442479.86875337566,2.7541419719123663
4000,300,526611.9060561677,262505.1242882458,148801.97701800228,3.5390114876797463
4500,500,881230.5716728697,338553.83435017534,237834.46181356232,3.705226588919076
1800,600,922931.1157978143,982071.3769506281,673681.5619114941,1.3699812611452555
4200,900,1219596.6892833037,584815.447319649,431944.6337830572,2.8235023516829756
2100,400,602413.7592102822,589150.6504480052,390563.49368011794,1.542422087466463
300,900,6580073.4899813235,6167717.521928926,6004220.641874541,1.0959080091245614
1500,400,681861.4739321566,718886.1310253647,520492.9711976571,1.310030128482215
2400,900,1353055.1170418027,1272808.2734403207,755903.1091203501,1.7899848548266493
3000,800,997126.0905527092,863521.9702166145,531857.982679042,1.8747976396444168
2200,400,741753.558549952,593128.0613653272,379506.9962363452,1.9545187991422714
1800,900,1447658.827347829,1485497.656641505,1028639.4460273675,1.4073530165878096
3000,700,885075.2241936682,793247.5175798584,459336.96552796615,1.926853901637014
2200,600,1000489.2543904939,933929.2913061479,555974.6161291478,1.7995232612527932
4000,300,498708.9681720672,263478.22558052215,151328.5307932276,3.2955382937900426
1700,800,1297254.5089275148,1337143.0257121853,914916.93558134,1.417893208090237
2100,400,622081.7077096365,609645.9612179643,364005.38492343156,1.7089903981516408
1500,400,867993.7609334548,796654.2735874471,553652.1403919176,1.5677601468659041
4800,600,646917.8202097425,348124.2726636186,261299.3776536354,2.475772525823856
4500,500,785582.8152242289,306226.5827272319,220654.31873059028,3.560242191241191
1800,600,891384.954396401,940352.149707999,647290.9592127192,1.3771008874904818
1500,400,718051.8357661515,763918.6900384581,546788.8911521651,1.3132158450642808
4000,700,1067771.8261522055,564637.8923616725,359943.22894300293,2.9665006598062367
4000,300,500936.85912027105,243391.31121378666,144863.04739585196,3.458003045810667
300,900,6367509.004773196,5967685.186766825,5843220.328237352,1.0897259810659918
1200,700,1436990.0946598968,1541906.3584028308,1187701.2081017648,1.2098919196660212
2100,400,721219.4447379166,619470.2044971777,369330.57604071626,1.9527748080581524
4100,700,897320.4339190101,525311.7484018021,347619.86578588234,2.5813266796199668
3000,700,1080671.7389697398,881889.8587638199,479924.3052573372,2.251754551981441
1500,400,713834.5425354816,726852.1441398627,509607.5388928041,1.4007534976550584
2200,600,996716.758351882,969979.5278748244,526407.9593418369,1.8934302581558
4100,800,998709.5952532785,564408.874746146,399842.35783739266,2.497758368210284
4000,300,462274.7944685159,241743.55600133413,149668.30142133211,3.0886619950818
1500,400,766381.3755083045,751989.5795230011,517062.8064570028,1.4821823692167542
4800,600,707381.6338081221,336176.0878978667,256258.32373591998,2.7604240264097526
4200,900,1082540.93938468,604563.1817534415,424328.28137549973,2.5511873398481066
3000,800,898389.6509557721,843188.302421537,538690.5319929882,1.6677286820542558
2100,400,715998.4375346183,588262.0143050824,380604.4612923385,1.8812139907752343
4100,900,1086705.5565854202,627082.9716554573,434677.75165295094,2.5000257143435576
1700,800,1168867.0294255454,1332587.5129278062,923946.9687964828,1.2650802144500688
700,700,2384834.404856411,2339831.3841770897,2036059.2138887395,1.1712991393317749
600,100,427646.22889485647,367428.21057996614,338162.37979153456,1.2646179896134089
1800,900,1326055.7429779796,1549122.6023728275,1009874.2268053377,1.313089994555915
4500,500,685385.176626769,324045.5318540713,218920.1498364505,3.1307541911459604
1500,400,776923.6706582808,744516.9571860576,532846.2458092739,1.4580635160116557
2400,900,1169539.3954632124,1190073.8247296135,742574.4924071245,1.574979220834857
600,100,411139.50770233246,397433.12545345695,330186.4889200974,1.2451736261135296
600,100,433030.6455059734,417279.15943865944,339143.98014630633,1.2768342381284918
300,900,6522185.36197755,6162327.671278015,5935770.270951502,1.0987934276863525
5000,1000,1089288.1107169006,531859.9655175229,406947.2997857877,2.6767301596307163
600,100,440859.6806203021,410056.11003148276,339261.99909081124,1.2994667301429652
3000,700,870169.5236151818,815520.2280195883,477807.42470909224,1.8211720425754683
4000,300,521425.3755104896,225999.29027886316,151645.274099877,3.4384545024928843
600,100,410853.21182544425,369742.41650614614,348039.73219988856,1.1804778989701101
1500,400,793196.544435551,795997.0457398494,556610.2611466397,1.425048368317059
1200,700,1378136.1421961768,1514768.7084614313,1178336.2764290348,1.1695609901552368
2200,600,1257884.8975827647,1037205.6692178093,569865.5931910096,2.2073361027801908
2100,400,765943.8599977376,636022.9132362319,397578.7579618855,1.926521084587638
600,100,436950.4228682893,353441.4794284225,307461.94601746293,1.42115285656675
600,100,547607.3850607673,406881.35638971586,339451.91499596345,1.6132104750897607
4000,700,859852.1824862055,560425.2459454985,358355.56853181915,2.3994385967239613
600,100,405993.38591525104,351004.376903263,331453.44160350296,1.224888128936418
600,100,391301.72008848534,363984.6505175122,314484.62614487455,1.2442634315237504
4800,600,701906.296574314,338625.27633610956,252656.29317268787,2.7781073163080428
700,700,2269044.807953211,2322772.249938689,2020005.0453069168,1.1232867032807117
600,100,483542.98604880826,429138.63114500756,355474.57407820434,1.3602744649253842
4100,700,946048.2421306565,520779.68028957944,344878.91017435165,2.7431316158253543
4000,300,438282.81897697836,240536.17286830404,151122.86535808968,2.9001754164629916
1700,800,1247116.4903433204,1440165.0078977337,945377.0807282982,1.3191736035980148
4500,500,673592.37291441,326808.08956382435,229560.15869623993,2.9342738598021496
300,900,6622261.023953817,6249930.864867957,6068123.537363589,1.091319414177745
2200,600,749310.7906384289,886180.8216860201,570107.7330624772,1.3143319186591582
1200,700,1350784.3856062137,1533598.1265635393,1178913.0523234273,1.1457879637044128
4100,800,940440.8800740127,550138.8187293843,389164.37757003075,2.416564655650629
1800,900,1476524.9769278858,1527975.700238766,1007870.8121604668,1.4649942821171835
700,700,2314643.0433538854,2295206.657093445,2020993.803983018,1.145299425852834
4000,300,447295.3904338859,251060.66373554466,154684.81599971568,2.89165673788375
4200,900,1134527.6013855936,580137.514881776,420530.71405201807,2.6978471808964155
3000,700,1150268.1018849814,831637.3225295107,483018.97075988824,2.3814139226775564
3900,200,229332.32457003684,146077.79621297706,103505.92898683675,2.2156443289273016
2800,700,942258.8689076431,849357.4703994909,509014.80347218487,1.8511423685129285
3900,100,191714.9454744211,89428.63310933046,52024.98150638994,3.685055523775128
2400,900,1204485.0839028044,1177595.2518720916,735928.7495910316,1.6366870903904185
4100,900,1139221.7857523097,623268.6343552204,430787.5607362136,2.644509474241517
3900,200,414359.5252271301,197824.24741902002,115155.9162563489,3.598247825189661
4500,500,746311.3914343353,314990.20513525285,227462.7459727743,3.281026913847525
4000,700,1117628.4493021942,574368.0805866477,362264.2280699162,3.0851195417685413
3900,100,293657.5695389048,88627.95982848955,82739.16147748545,3.5491968288657767
4800,600,928469.7454955433,368304.17439114343,258690.3915727318,3.58911569869614
1200,700,1347775.2647917692,1459563.02665307,1148342.4138199154,1.1736701950322015
2000,800,1254022.4418569638,1231386.5671866213,816826.0189376298,1.5352381202155572
2200,600,803368.1109709574,829572.5774111971,559109.06996928,1.43687189874258
700,700,2252012.4538019197,2234071.017541701,1968586.995119855,1.1439740582380555
2400,1000,1315010.4410064137,1377950.3355961146,852885.2403158842,1.5418374933061
3900,100,225327.0478630164,127782.36962916884,54290.25884700422,4.150413953597315
3900,200,468632.3592090447,216861.80312427206,137320.72161632078,3.4126849443627383
4100,700,890845.5600412631,496039.92500818387,345047.72263124696,2.5818039117832727
1700,800,1304269.3372849645,1349552.0342674572,941521.4188337039,1.3852784559066214
3900,100,278763.8103077621,107677.1077244068,70156.3045836674,3.9734677013284303
3000,700,909600.0086232659,774535.7256845664,438082.26118505193,2.07632239242629
3900,200,609113.6911260784,217245.94640210146,153927.43410024705,3.95714834517014
3900,100,154950.96536724342,76202.35108614153,53544.57418459824,2.893868664134677
2800,700,978046.4316638085,868550.701777438,505001.2613267292,1.9367207699527413
5000,1000,1355930.0835696908,525213.740425,412281.06344401586,3.2888488067893378
4500,500,758654.154790702,316835.30759650003,218154.9276757294,3.4775934830974036
3900,100,242627.36879603713,110289.8544448239,67742.26274582943,3.5816248079338706
700,700,2343008.712536441,2359477.0625752537,2056818.451102874,1.1391422083364289
4200,900,1050089.8889639636,599417.1404046188,428872.90299103863,2.4484873761910424
4800,600,731485.1434598784,365865.9380485115,252630.58571681028,2.895473409858008
1800,900,1317456.8630385646,1462666.532526319,990099.3232094994,1.3306310106019517
4100,800,859239.8706779953,537939.5361522131,394163.8038973084,2.1799055676402324
1200,700,1429475.231951361,1554656.3085010848,1199810.7631433432,1.191417243337881
2200,600,804955.8262892874,879983.5766671237,551250.0941949554,1.4602370770835755
3900,100,364725.7783975419,136818.52161587978,96621.71431835281,3.774780658474242
3900,200,488008.1025225872,193317.06744267503,112828.85828240226,4.325206422820828
3900,100,221927.6395793562,83085.61448900304,50992.837169769686,4.352133591635544
3000,700,809052.9851610488,757204.2567219327,451805.69103219634,1.790710035795885
4000,700,898564.9833266378,533829.4316306702,328561.69588878896,2.7348440021163714
1100,400,861186.7120115212,911237.4527310587,718663.0535346749,1.1983177760090176
3900,200,275709.70614486473,165024.882285871,99130.00666585847,2.781294135026245
2400,1000,1444591.194252172,1392363.8178265549,818897.8580249745,1.7640676185626503
3900,100,213510.19646244566,108967.8348941585,54138.05797390288,3.943809668336602
700,700,2318645.0913471743,2292177.049935717,2047746.1058961095,1.1322912956206146
2400,900,1188376.5234845572,1221990.2231382467,750527.5802343176,1.5833882122140555
2000,800,1084894.4052827926,1268188.956438147,821322.3375385917,1.3209118462966636
1700,800,1213037.5713603059,1406851.6519952095,964325.6865490058,1.257912744916456
3900,100,373906.20213727624,132984.45699792192,100419.32952364009,3.7234485025042274
4100,700,830091.4938009816,479415.32983648585,336100.21867899963,2.4697737391054178
3900,200,305717.12369074434,161132.3890090045,101252.48264692517,3.0193543476538975
1200,700,1323225.9649269164,1507319.3277490514,1194518.5617727304,1.1077483492288116
4500,500,951672.3693579191,363515.3842038878,288145.1780149138,3.3027530632793116
1100,400,897444.3926738597,878797.864731185,692075.162800994,1.2967441123615637
2800,700,930649.9427373585,850223.9737404524,505248.4509957545,1.8419649598196959
4100,900,1048662.1874944388,615316.6389851229,439333.2176981371,2.386940357000202
4800,600,741037.2472033842,319753.89487765514,242734.1097047697,3.0528764503047627
2200,600,993762.1010800296,919773.879624873,542939.0125591919,1.8303383586230846
3900,200,355213.89817881427,208314.94015289482,115640.3076979828,3.0717135335416486
700,700,2344685.4622912533,2401654.63590363,2070081.303256664,1.1326538037914649
1100,400,892756.3940012893,932407.9284365091,718890.4480301494,1.241853187015566
3900,200,357508.68993825215,191650.33491435653,102847.9800341078,3.476088590361137
3000,700,842781.8737673943,753388.5149901704,458656.0118843468,1.8375031656183927
3700,200,230729.70378468,168955.60080379367,109100.8440672063,2.114829685850552
1800,900,1304825.889133906,1448709.4228715482,981238.3327880421,1.329774679130643
1100,400,887237.2126331255,884020.9518683663,709763.1425422597,1.2500468951588295
1200,700,1490193.8409515598,1549612.2147169681,1207547.4268997207,1.2340665118036074
100,900,20361106.75412666,18006306.286463954,18006306.286463946,1.130776430779305
4200,900,902696.2386526723,547624.2231509736,417372.8805883823,2.1628052052162947
700,700,2090329.7963390204,2150820.2456597127,1877495.4050787939,1.1133608054030333
3900,200,480974.3852032144,194274.28395544365,124828.86001477759,3.853070396912023
1100,400,951206.9968471654,997888.4125063348,754980.191443524,1.259909872639778
4000,700,776409.6496234994,501466.23455240653,338854.2682741473,2.2912789429447336
2200,600,855785.8168194619,869815.4945029543,551194.0052003133,1.552603636370201
3700,200,415035.0347639786,231424.44302078735,116067.56125864504,3.5758055934260065
2800,700,890636.1931333904,843720.9824346545,492146.74877996376,1.809696386984747
1700,800,1224382.1269702164,1337015.6836681243,938572.9106100742,1.3045146659670432
2000,800,1280825.5997842588,1237703.5253079946,818596.7258587393,1.564660057051442
5000,1000,978295.207735381,493839.04761172127,382565.342793789,2.5571976818158966
3700,200,470694.01887105237,251885.27325073257,137320.72161632078,3.427698408010038
2400,900,999110.1591351986,1101701.8765739787,730402.541029669,1.3678897635360425
4100,700,1064175.4880207784,505943.4229512731,351164.12579805165,3.030421987446312
1100,400,893926.9355944536,893972.45951373,745621.2152074978,1.198902227246423
2400,1000,1465863.0284673874,1479898.4615115235,822339.1250958432,1.7825529440746746
1200,700,1276710.694810953,1438330.9382491289,1095205.6529626297,1.165726903762171
3700,200,609167.9007011638,239527.6692868047,153939.42557382103,3.9571922425359434
3000,200,236482.7005502078,210859.72044373522,134557.70768288776,1.7574816383430576
1100,400,857148.2225777989,853646.0193933436,694919.3712174603,1.2334498908501035
100,900,21165266.28938825,18515510.02849263,18515510.028492615,1.1431100875329956
4700,800,1146586.5722405387,500132.7195935942,347585.5399734595,3.2987176978883768
700,1000,3338103.632478391,3293798.5519476435,2924177.9667973174,1.1415528296776076
700,700,2195751.5926040844,2185428.933702125,1936310.1044236987,1.1339875713025847
3700,200,489074.33782298415,195171.60615381398,112828.85828240226,4.334656445772653
3000,200,417708.1879530223,278855.823608239,143149.99221899555,2.917975624574248
2200,600,821862.583328717,801463.2080933589,529601.6939013157,1.5518503675365138
1100,400,903601.4257676576,923224.6563038621,705085.6451686402,1.2815484643025699
3700,200,278546.5822029418,197300.95121133424,104488.38540455353,2.6658138234644686
1800,900,1330875.2359509445,1499833.395701274,1000703.4403124234,1.329939702750937
3000,200,476515.42946646817,310677.5192395117,137411.27820326833,3.467804358544525
4500,600,841352.3976077307,363105.8466268542,270250.88105421263,3.113227214378459
3700,200,306787.8355145493,163774.82133733673,106725.58981702923,2.87454804457401
1100,400,902573.5857907922,914825.1212885352,726608.5170126462,1.2421731436642154
4100,900,901356.2376928237,606378.6572013756,427552.70694419654,2.1081757244270407
4000,700,816934.5232206851,515996.842005882,343992.0089132601,2.374864828405594
100,900,20509344.09591776,18177736.082496088,18177736.082496077,1.1282672387166444
4200,900,1197329.147748684,590754.6341932159,423983.59078225016,2.8239987909428534
2800,700,1085108.5753619086,904732.0436846956,514204.6127757185,2.1102661244215684
700,1000,3142534.070421812,3314117.2688682806,2807649.7989427694,1.1192756559614894
3000,200,611485.6629977749,322758.72081247915,154226.969212619,3.9648426349789316
2000,800,1175663.9455210431,1191782.7032358435,777679.395244139,1.5117591551361134
1700,800,1140104.7755268167,1279205.3958946755,950630.3505758615,1.199314512561247
1200,700,1293819.7613820971,1452659.7521695101,1129514.227580491,1.1454656610687957
700,700,2263056.9569641585,2199273.8105797716,1965668.6223614863,1.1512911846989753
3700,200,355374.5095786639,233059.5350242448,117112.38631425194,3.0344741556633856
1100,400,952267.8320383178,965873.8441735115,759013.9924726904,1.2546116955447046
3000,200,488008.1025225872,262589.1159078301,118578.51301919142,4.115485091667537
2400,1000,1433171.7282653593,1340286.3032703847,805225.6058274296,1.779838740712509
4100,700,858339.347223594,537227.8205404249,349615.1888115309,2.455097417653396
2600,600,905431.3914829439,793514.0201170034,467741.9095169065,1.9357499789105752
3700,200,355089.2425660361,185898.30981777713,108407.33030622173,3.275509521016742
2400,900,1274529.0870485813,1233128.760234744,741971.2838689378,1.71776066642724
3000,200,284640.467123761,245735.47825269567,128869.00866561601,2.208758103062113
3700,200,481105.4027021297,228250.09156646233,124878.707025026,3.8525815502375034
5000,200,229510.3526756853,110471.25024376607,80734.62460973267,2.8427747547613857
100,900,20719885.9614486,18141674.618888367,18141674.6188884,1.1421153998581732
3000,200,318642.0403137718,205091.40481679767,131628.22744100273,2.420772857832419
1200,700,1370342.1111338553,1445745.7525511645,1146640.029710867,1.1950935565012468
4500,600,911859.7648279695,386032.0071343287,271809.8123298056,3.3547713270981814
5000,200,414506.5256797681,154317.46717280656,115155.9162563489,3.5995243592785457
2800,700,882386.6203593555,864123.6625220666,511936.52647402737,1.7236250486692368
4100,200,232291.15339168103,154654.53154874168,98456.85928016178,2.3593191484068163
4700,800,907492.8135607955,460934.53644443816,349498.8670376986,2.5965543787096426
1800,900,1165714.911910327,1362725.4691329377,973870.0547062254,1.1969922540250741
700,1000,3168518.5347191812,3295107.3813398783,2819448.4289000337,1.1238079413835322
1200,800,1710029.6032730197,1739443.3211063475,1361376.698229383,1.2561031825336053
4300,700,886128.2251109318,494188.0771312628,331451.4999353762,2.673477794741318
3000,200,363256.0502674099,274547.04034312605,144438.60978757738,2.5149511671542837
2000,800,1078032.0769163412,1198488.5203076408,785354.9234770103,1.3726686427883563
5000,200,468582.2286968623,177030.19965864782,137320.72161632078,3.4123198828367545
2600,600,962786.2923749824,807311.4698508749,470440.0598015866,2.0465652792856295
100,900,20280280.843775135,17821787.817771006,17821787.817770988,1.1379487316952939
3000,200,354891.9725089358,222927.117870074,133702.37404434013,2.6543430888612485
4100,200,414252.48715395824,190361.16422708408,115155.9162563489,3.597318319553723
3300,800,1151391.933329905,846041.3029891701,495046.07208341203,2.325827833527185
5000,200,609113.6911260784,174331.5487378048,153927.2635835206,3.9571527287989148
3000,200,483233.8862901552,268707.1543454403,141800.9510629458,3.407832476917919
4200,900,1258006.2019366403,615840.1942617971,433437.3955259706,2.902394244063935
4100,200,470270.0752500746,188212.1663117603,137320.72161632078,3.424611156384881
4100,700,1119988.2028071634,533759.5152156035,353428.5151901621,3.1689242793682166
5000,200,488008.1025225872,137262.75975125405,112828.85828240226,4.325206422820828
4100,900,1200524.741427117,644342.0168484597,434324.6539720611,2.7641183396978968
4500,600,963695.3849570436,371029.14564740966,277514.5116622374,3.472594565180635
2400,900,1304306.1325184752,1238096.8822761567,758515.4421704486,1.719551191715066
4100,200,609113.6911260784,193765.0733617198,153927.2635835206,3.9571527287989148
2400,1000,1415524.769881456,1397855.0081390222,840654.4588748761,1.683836628638098
2600,600,983000.2613137902,881886.5907392431,445422.1194430927,2.2068959272674347
100,900,19940807.08020014,17662289.990184747,17662289.990184758,1.1290046246144523
4100,200,488008.1025225872,168558.78529498389,112828.85828240226,4.325206422820828
1200,800,1544458.647859754,1774913.149642823,1368870.5625643195,1.1282722341303795
700,1000,3139449.901380171,3156057.6219956735,2760773.5056940443,1.1371631518866412
2800,700,1157924.5975637105,951305.074581647,517520.325814166,2.2374475741451447
5000,200,275683.6497070116,133626.5999123992,89579.42667687622,3.0775330891705273
2000,800,1195597.7120201204,1259092.4953135794,803570.5186190535,1.4878566153407056
4300,700,941759.0148546023,439782.6691886723,328838.03063135856,2.8638993277220854
4100,200,277347.27413455443,161055.9339951245,94294.39658459708,2.941291149636127
1800,900,1422398.9309860407,1493675.28338829,989295.0451585837,1.4377904124224443
4700,800,1116536.016156535,481866.92894200346,348339.03228031466,3.2053141126545888
5000,200,302546.5944825805,112428.54555801902,78976.93646460163,3.8308221111891996
4100,200,304616.85535353946,156251.71146059566,96313.33715195321,3.162769190241498
100,900,20372414.22720709,18012661.925623618,18012661.92562362,1.1310051957521414
2600,600,1256161.1321191317,895463.3818871983,482193.9634693158,2.605095101318221
4100,200,356316.58000219916,182244.9750478565,115640.3076979828,3.0812489787971624
3500,1000,1273871.7542958092,970066.963059515,584835.5933594635,2.1781707008944586
3300,800,926143.1404373754,826995.6632488355,497771.1136597526,1.86058032501748
4900,700,884277.8168069684,415490.3697497299,290865.60198410565,3.04015947838098
700,1000,3274916.156801941,3346714.2117017535,2882243.8589995755,1.1362384020964353
5000,200,355133.97852557804,147699.73430456227,115640.3076979828,3.0710224280367675
4500,600,1193633.103080946,432748.06379348226,314954.4837664354,3.789859057749192
4100,200,353935.5741458629,163268.14038272,97831.00539829765,3.6178261963565763
4100,700,895659.8604305182,471628.99660750735,320547.99598906236,2.794152113373623
2400,1000,1467395.7708657351,1372715.7034529818,839664.0094053105,1.7475987471524637
1200,800,1719386.713864254,1763610.698572824,1364327.8764312323,1.2602445083521814
4100,200,485952.2596294123,182768.07750185503,124828.15119872103,3.892970094989209
2800,700,918224.8949374581,850109.8927418045,469373.85126969847,1.9562762016963178
5000,200,345832.2956046766,127587.04700039854,81435.57132645712,4.246698217641425
100,900,19847182.94014333,17529660.984712034,17529660.984712057,1.132205748727966
2000,800,1203899.3866202293,1257422.4683066276,800293.2060086483,1.5043228876382833
4100,900,1249866.2155867796,645667.7334392068,444009.039319287,2.8149566898524347
700,1000,3271254.8333990644,3269233.4451812413,2878848.032246779,1.1363068827381047
2600,600,716414.790004154,789900.4889403031,482398.8510528653,1.485108823208294
5000,200,482531.3719269457,155028.64898879974,124828.15119872103,3.86556531754425
1800,900,1435228.9223379414,1540882.584690382,1011353.9228939315,1.4191163843327128
4300,700,897040.2414829993,464140.5878839528,328998.9913460727,2.7265744427143437
4500,600,655205.0781836887,382872.5670073701,278719.33616387774,2.3507700872193875
3300,800,1135462.4983303829,846386.7635381235,496119.2277931754,2.2886887560901794
4900,700,941018.9376079377,391258.9954407946,288572.1493295596,3.2609485696877174
1200,800,1516862.2068402965,1744421.79658922,1296132.3254068983,1.1702988785223791
4700,800,1077479.7782448807,449677.81027538795,330927.4022315485,3.2559400369358737
2800,700,843476.7109612286,806633.6942235065,484077.5261059247,1.7424413765836777
100,900,20464776.109015785,17807310.812854495,17807310.81285451,1.1492345095837233
2600,600,769052.8830515603,755001.2842692184,473092.2899740061,1.6255874368483485
4100,700,766923.3705135584,461579.2601630489,330589.5300235583,2.319865878568224
2000,800,1125249.2407697402,1305342.4637417225,819676.8335666549,1.3727961980741237
3500,1000,1362773.6020225438,1045223.9107663559,561529.9597885539,2.4268938429139224
2400,1000,1389620.0471019458,1340655.5703166856,837321.2755523383,1.6596019803572817
4500,600,709247.2641232925,363397.63815397053,273342.2119849813,2.594722779818076
700,1000,3212382.5630107126,3233591.7321799677,2870815.8018937316,1.1189789887918502
100,900,20778942.3717285,18204370.612090774,18204370.612090766,1.1414260242497911
4300,700,829754.400527669,462066.2261086873,320467.6503683485,2.589198627611684
2600,600,767840.3419959277,724162.7265864476,466442.38739573146,1.646163304932425
1200,800,1501573.9985270696,1725252.5830838596,1308924.872461684,1.1471811943668486
4900,700,893513.9401246039,387863.107001854,288713.40056900255,3.0948128433375364
2800,700,848839.0720844483,771266.0574331465,491417.1555903716,1.7273289351583228
4700,800,979977.1573160349,448349.8439527389,334193.5844583023,2.9323637642670177
4100,700,817185.7631914442,470618.68132559134,335601.9599153757,2.4349850739772294
3300,800,1092850.1771769635,841811.8077287648,471320.84560250846,2.3186968863639565
2000,800,1132196.4132987207,1201530.0330859418,797786.974018563,1.4191713454478847
2600,600,993979.3167406289,802480.125721257,459409.9337039316,2.163599965561917
4500,600,705249.9974150787,370698.06195761095,269500.04605086707,2.6168826601312176
700,1000,3221518.2190461485,3273012.070645783,2906766.427041341,1.108282450587259
1200,800,1593582.2211976645,1785175.5138453173,1339284.1976984225,1.189876072558951
4300,700,1065269.2858490124,462116.61906762264,334830.9106446539,3.181514167249484
2400,1000,1271247.9904049512,1337963.8895772481,847806.8745537244,1.499454685448406
4900,700,826680.8427024094,407716.5017354369,281226.71358855075,2.939553046556901
3500,1000,1409155.645305858,1038060.7903056268,563889.6857800067,2.498991701464849
2600,600,799096.0333485671,797819.5490232318,466394.9274771882,1.7133463214769882
700,1000,3319375.1497855606,3361215.7140830588,2944864.7388858274,1.1271740620051116
4500,600,930418.0493941113,383434.8063226647,265436.8505844938,3.5052331556275034
1200,800,1570414.4033714384,1769050.987719311,1333822.0100144139,1.177379284177855
4700,800,1103966.5889344236,471844.4443270089,341944.90154002275,3.2284926137587417
2000,800,1072073.3536325428,1149761.6800003354,808035.7979894823,1.3267646758968188
3300,800,1001287.898468696,815195.0232515865,475972.6808951578,2.1036667410944307
4300,700,860267.8209665968,469946.14273341454,333354.0172389015,2.58064332955099
2400,1000,1434631.9432358062,1450420.7171081542,858918.882175033,1.6702764056169075
2600,600,789405.610095546,731417.6966547952,448124.5102241902,1.7615765085034465
700,1000,3073028.880778087,3073299.2209070004,2732609.5913842074,1.12457662831427
4900,700,1058294.4037839428,409311.15861950844,293831.20730041055,3.6017086595636916
1200,800,1536888.557065055,1784156.0899889371,1366128.0559444248,1.124995969724508
4500,600,738284.6677460662,406343.83199107496,269472.6247645976,2.739739030601002
4700,800,1023159.5714961231,466230.34797975596,340550.30042921205,3.004430095074312
3300,800,1128882.991418239,845830.903019508,487012.43552669906,2.3179757005534434
3500,1000,1377338.0615648476,1000106.9677216841,552154.7011388089,2.494478555962873
4300,700,1123906.904748599,463686.42246355605,336989.979599922,3.335134492968939
1200,800,1553081.6239185946,1699094.4889200206,1329644.956697605,1.168042353032295
4900,700,858783.1005123287,390605.7236578371,292535.1579851585,2.935657739149078
4500,600,741907.7586877687,347750.76230628614,258916.38368508767,2.865433805803997
2400,1000,1118673.911768607,1240186.5652916473,797011.1308203938,1.4035863095376266
4300,700,892904.9066309065,424971.2706751683,305638.78687329206,2.9214384593179137
4700,800,998499.8549950963,468265.33568959235,348798.6525815553,2.862682661199872
1200,800,1519724.9696143733,1711716.213539085,1346726.3299824705,1.128458645071679
4900,700,1114149.4786200074,393520.5713661815,295725.90046523773,3.767507265569978
3300,800,1046588.3051048939,886312.3360943036,485026.18545978685,2.157797530277189
3500,1000,1303005.7611350953,1084063.1264311755,576448.7717999151,2.260401660786897
4300,700,768808.9075189246,448734.20043196704,315213.27281316026,2.4390118495252224
4700,800,937819.6256413123,450461.8565353711,339483.81873130344,2.7624869696177865
4900,700,893394.0966842277,370642.4230228789,268213.62929697055,3.3309049171958636
3300,800,1014039.7522650089,888395.6528080052,496773.83852524543,2.0412503107558
4300,700,810029.1461882457,449613.93397207034,319992.56643093965,2.531399886012868
3500,1000,1382444.0660378912,976824.0351758004,575769.6064493558,2.401036891410644
4900,700,759600.8020096861,374439.68496824516,276615.72920338553,2.746050646495157
4700,800,855763.9172440629,448924.23467616533,343845.0204210563,2.488807068359271
3300,800,979027.7552005758,818136.8092809934,483507.2569809473,2.024846041223234
4900,700,803556.5261606992,376648.1191588514,280809.80319449806,2.861568638343191
3500,1000,1268076.388776083,973829.1350987053,574163.1603787463,2.208564527092956
3300,800,877559.7293808244,758364.4977262408,489718.6654481711,1.7919670849746283
3500,1000,1149349.9431419927,934027.61050945,581353.2854082682,1.9770249381747902
3500,1000,1356140.5291333448,1037271.3136389436,588972.9477771654,2.302551474140766
3500,1000,1042858.7097083266,847668.9158966263,546521.9182768414,1.9081736245755931
