P,n,Algorithm Time,Optimal Time,Makespan Ratio
4096,600,37054.12038030005,25339.81784604174,1.4622883481417042
256,400,72647.85541237413,48334.52807370665,1.50302192464963
8192,800,67341.54724120552,40507.42758459579,1.6624493643929699
128,1000,184677.78747461294,122342.327095179,1.5095167131399965
2048,600,186086.2297104577,151129.24419825306,1.231305236108689
256,900,107430.7011715748,54809.75617591053,1.9600652998122938
256,100,39322.097608423246,26277.440229121807,1.4964203996112522
4096,300,17913.07970628343,14461.995710341227,1.2386312418468264
256,200,46420.237882280286,28639.31993050193,1.620856849775997
2048,400,60648.568798794266,48402.57713588221,1.253002885126002
8192,1000,110170.21344152978,86941.7558164661,1.2671726307678777
1024,500,101745.75653306145,61945.54745447425,1.642503145328365
256,600,134285.175066307,87906.4422511642,1.527591967408152
8192,900,66545.85687784955,51759.85633102995,1.2856654093522941
8192,700,87688.76379335762,61004.81435234271,1.437407272267032
256,1000,106423.85314256267,60266.79191353534,1.7658788490890438
8192,900,238209.18592239276,198921.3860550627,1.19750415300472
2048,700,62129.43140893586,50318.98468300632,1.2347115467518197
1024,600,111323.75992430143,69227.82344495451,1.6080782896896777
4096,1000,74859.16994471794,51562.0110470629,1.4518279722718865
2048,200,48760.82996662211,37687.22034705516,1.2938293012217927
512,800,77839.7345511917,59751.971053248635,1.3027140892444191
128,200,66022.24363478247,38616.9468705205,1.709670209199855
2048,800,115127.13233580024,74910.56325865745,1.5368611224865532
512,100,33862.95074328765,25554.08998787344,1.3251479805916444
1024,100,23439.07363063016,16270.879577503554,1.4405535680466528
512,900,82996.88679979146,54814.08894506958,1.514152445057775
256,800,157986.38941390146,105351.1225342505,1.4996175229413318
1024,100,31389.90829499757,17524.646577519117,1.791186381770747
1024,700,153421.10897682272,90035.56093891147,1.7040056992694024
256,300,89361.65537555607,59520.11230056764,1.5013690653722747
1024,600,102565.16354072616,93962.56722509673,1.091553440584707
8192,200,59019.30212229176,39439.94833382917,1.4964345699121675
1024,300,53398.11330525469,42559.26499070512,1.2546765860951017
4096,900,133339.60414767786,80527.65400433389,1.6558237762707169
512,900,97251.42578918865,77438.96240069586,1.2558461887179775
4096,100,32910.175786589374,25509.78330366942,1.2901001703866082
8192,700,39545.51768200338,36383.636776576175,1.0869039267526668
1024,400,102263.06875679211,70446.65442750564,1.4516384005436016
256,700,97846.93640312922,45533.305579283064,2.148909137131657
256,400,81122.9010429464,36205.24077560651,2.2406397335051955
512,500,118988.74546951908,49051.18395225835,2.425807817102461
256,900,92812.01282812696,57524.791285656356,1.6134263289586133
8192,500,136164.4540418188,106590.45867809009,1.2774544338254894
8192,300,46564.9131335795,29931.832451898452,1.5556987100075153
1024,800,90529.17734589541,75099.1938804778,1.2054613727275796
4096,800,115026.20241200968,74875.55183262887,1.5362317818923128
4096,800,87388.38853587049,65871.74785380425,1.3266444474772443
8192,500,112113.57103830052,91384.73058369043,1.226830459773874
4096,700,148265.12699534072,89704.13083446011,1.6528238512109212
4096,800,54940.43997997392,47862.461864898854,1.1478816140936092
4096,100,35794.24789672278,25513.346625527105,1.4029616898987776
8192,600,66304.15334819982,40316.599781882396,1.6445869370659525
8192,800,118635.25192183847,83138.40291443179,1.4269609201410924
512,300,74698.68338268003,55298.68456635139,1.3508220668983746
256,100,68064.65586343982,42169.020106715,1.6140914750020763
128,600,121772.55900796312,72905.33051695603,1.6702833406624737
2048,900,174869.0186882612,138680.36028229067,1.260950132609309
8192,1000,53626.62256572527,44746.27273079294,1.1984601016571637
4096,300,47167.91577625614,35747.129315540355,1.3194882128828964
256,500,118816.09582786015,91652.47215266107,1.296376333744211
256,700,89432.61276753944,58575.713811607675,1.5267865630314692
128,500,83128.37693089087,55089.93942571088,1.5089574938267991
2048,700,74476.56348282141,61770.21371425966,1.205703509904297
128,800,148287.10404097708,91299.30067015364,1.6241866361792752
512,300,36481.346070715845,29315.379910080832,1.2444439124655797
4096,200,68659.55977200833,48449.352805894276,1.41714090685759
4096,500,285705.5706410031,230387.8143086843,1.2401071276200464
8192,1000,151190.25590034117,100649.75660009484,1.5021422903291821
128,900,183543.07708003905,106125.13242222022,1.7294968014721577
4096,300,28929.09234914225,24857.044966350284,1.1638186432982849
4096,400,102590.85838624492,65844.558400574,1.5580764892084171
128,900,160473.85258457463,106193.97181152053,1.5111390020272837
1024,400,67219.69694249083,48012.334238965144,1.4000505913319594
8192,600,44060.4439878749,30879.271782953714,1.4268614978219012
128,400,133154.19464597807,100412.82389322805,1.3260676224738475
4096,700,68983.58455664384,46902.72070590232,1.4707800212528572
8192,500,51499.85066540599,40213.293904934864,1.2806673033836224
256,900,119940.57918911881,68784.06403433165,1.743726266730239
8192,1000,197452.40298734122,132362.96275782728,1.4917496471320477
8192,600,36867.490987043624,25325.579367516777,1.455741266647222
4096,900,62105.29737978463,47239.60737156168,1.3146869932956327
8192,700,200207.56362735445,154802.27547094636,1.2933115034535125
128,300,65051.20053444621,37575.37625782499,1.7312188729154625
4096,700,104963.63198401636,74294.70133872438,1.412801048966685
256,100,22391.88164065681,14887.022202248138,1.5041209273722544
2048,500,52394.02645350168,42220.82558082555,1.2409522014959429
512,600,60959.5563823131,39911.47243417489,1.5273692666401208
512,500,55465.25402348823,40359.055700854355,1.3742951379884267
512,400,77619.78814238179,58094.73530829689,1.336089883712688
8192,1000,210402.70212252112,170835.76031156772,1.2316080763113753
128,600,107365.298107822,71185.27915940297,1.5082514162429883
2048,800,96213.2155168569,49405.80358577192,1.947407157335758
8192,200,37551.63734902897,28474.386928972886,1.318786509528671
512,400,104165.86945428388,72462.01273500008,1.4375238214156094
1024,300,41307.2970987637,24245.008504041936,1.703744384823675
1024,800,138647.5766515041,113988.88034982161,1.216325454079443
1024,100,14963.987068494971,14288.78959877594,1.0472536504965313
2048,200,66215.99529798057,54506.84394617546,1.2148198373651515
256,100,22492.27896379727,13225.770345359979,1.700640369253673
1024,700,132353.70276495442,48889.00339843507,2.7072284883023623
4096,800,67069.44245367647,45625.20765580448,1.470008486528912
4096,800,161230.85855167973,125129.19990328405,1.288515060244129
8192,1000,95506.82339804516,75235.44555575492,1.2694391944189083
8192,700,138293.6205819724,105666.13632389191,1.308779003313507
8192,1000,74792.32066825057,51551.25276057881,1.4508342021407514
4096,900,80821.47428051406,55775.094322595265,1.4490602886846604
512,700,132198.14997927743,104086.64753350454,1.270077892908637
1024,200,33583.24149087888,31346.100459060614,1.0713690379044138
4096,700,154920.7825708302,143908.0617433905,1.0765260868225506
2048,700,142121.77577914193,97418.28555385975,1.4588819231536045
8192,300,26756.230512540016,23095.471423504423,1.1585054932158698
8192,500,143218.2763806804,82818.48977503512,1.729303163698262
8192,700,87694.85497529889,53786.429754195684,1.630427142609482
256,1000,157246.75383815612,110364.33073667888,1.424796877655474
2048,100,77921.07625912719,66048.07099842197,1.1797630889324366
4096,700,112245.9872091572,72916.51693433772,1.5393766999352998
1024,800,133780.47077566333,121702.61525635065,1.0992407229201464
1024,400,338618.58161746006,262665.24196528335,1.2891640290275466
256,100,16777.796006671884,11573.58773801483,1.4496624889759302
128,900,160450.36079275975,99628.06363260541,1.6104936193926884
512,900,144213.54907487668,90295.3145125921,1.5971321419425968
4096,1000,129772.14985547205,110350.43973567909,1.1760002965671321
8192,300,51005.84592346236,24730.1845315877,2.0624935433988747
512,500,184662.4061315285,136998.6611845978,1.3479139470035153
128,800,143081.00989184875,82488.191480104,1.7345635456968362
128,100,43066.220479405325,19727.62006951477,2.183041863521888
2048,200,41772.108025316644,31247.49127757285,1.3368147751207657
4096,500,44859.21521776241,36770.09553853634,1.2199918047737566
128,400,87138.97418762467,50049.2365588324,1.7410650027637011
1024,700,189240.37043236976,100915.9176950425,1.8752281578039516
128,300,73632.23396861264,46677.0896737702,1.5774812543634154
4096,500,156048.97353184913,86313.15153707848,1.8079397027324797
256,500,81306.58225124064,49468.92113219278,1.6435891543696703
512,500,181503.9889503829,146854.52670932093,1.2359441211481752
128,800,147341.51949931274,100181.89320467891,1.4707400188403634
128,400,293072.3471330574,157171.77083510478,1.8646627544874543
2048,600,91533.10077724865,67932.24119574515,1.3474176497945676
4096,100,60473.13931715656,51590.80212796017,1.1721690073196693
256,900,378069.3618113165,237993.0451390816,1.5885731517506119
2048,500,48350.25158585628,35686.69921286148,1.3548535631569663
1024,500,85241.87754535605,63325.5846578035,1.346089072939208
128,200,42241.421429319904,27723.977542298067,1.5236421745354822
8192,200,127672.49483978566,97068.3194000417,1.3152849006648282
2048,800,133001.62631430646,121673.3793836365,1.0931037420679504
512,800,73608.30680825154,56638.50285778082,1.2996160402241186
512,800,194691.87143927513,103707.48366040051,1.8773174757263533
1024,600,92566.25508259909,67554.55869941709,1.3702443900858141
128,200,89417.16716287585,60071.03351509997,1.4885238680036892
2048,600,50377.71731320671,39911.47243417489,1.2622365009532928
8192,500,35559.565689825,25591.326174013364,1.3895163325273021
512,300,31111.72874758511,26628.624654509877,1.1683565768506925
512,600,114231.22943375252,71476.40813762604,1.5981668974440228
4096,300,135133.22545178817,100662.483794627,1.3424388149162787
2048,200,23264.900535735684,20061.201460168668,1.1596962715282997
512,800,109878.65468425996,90029.82672040864,1.2204694675853667
128,500,368725.518505936,236553.09805824698,1.5587431385707067
4096,600,128631.35016020609,87790.95808550628,1.4652004370987983
8192,400,102552.58548853936,65829.71148275904,1.5578464978598323
256,100,73023.20243364418,43475.943543660454,1.6796231773626964
2048,1000,65773.33045035636,41399.41646168998,1.5887501822935453
2048,500,108628.30305333054,48801.92720673471,2.225901911479015
2048,1000,215784.85946654362,124611.80764058269,1.7316566026305549
1024,600,39550.210926715874,25425.248717191513,1.5555486346127123
1024,800,188171.55561140063,144056.46626132375,1.3062347043141436
128,200,96798.09181544342,46135.392560100576,2.0981308805239824
512,100,9321.705861502705,8382.266597696977,1.1120746104715686
4096,900,127643.47696097405,101428.46986882546,1.2584580751937964
8192,900,260048.1310485585,191440.08812478546,1.3583786635067396
8192,300,45627.08902354564,35226.05846566625,1.295265238602183
4096,1000,183893.40390942825,119286.6452331947,1.5416093188800233
128,200,45469.50215197727,24034.525413510786,1.8918410648714956
4096,200,52661.66076368645,37201.94416591107,1.4155620611876905
8192,600,159823.22100200615,86528.59241676705,1.8470567535897702
4096,800,91531.77497003143,68054.43993565843,1.3449787413807162
2048,500,75957.4215322355,62059.89207555667,1.2239373771349598
128,300,66664.18375959092,43888.240059234464,1.5189532245908366
128,100,25649.19329901836,14523.933011723955,1.7659950151459602
128,400,88932.62169976333,49684.70035825663,1.7899397814318196
4096,1000,76900.80960787542,66096.51746973181,1.163462350994382
2048,800,106524.54028505614,89894.46283706855,1.184995570618506
2048,100,31527.329961598145,22287.203544082055,1.4145933517069544
128,900,175223.8490962839,104781.21783099383,1.6722829980742353
8192,700,63269.1791077335,50094.686497619805,1.262991816721713
1024,700,127591.8901745067,95960.87017356644,1.3296241472563617
512,700,84085.72866739321,70416.90588315741,1.194112800226077
8192,1000,726527.2882742842,607904.1810288752,1.1951345474292345
8192,1000,110820.75655751182,78215.59188691816,1.4168627237102962
1024,100,42581.19204926186,39754.699483118246,1.0710983255537847
8192,1000,244780.1001609139,174195.61077190377,1.4052024564581898
4096,900,80589.99220183704,57821.68428611699,1.39376763573777
8192,600,206664.34212591112,179300.1727215071,1.1526165256232443
8192,1000,63594.918656743,54785.91134305086,1.160789646420831
2048,100,20457.79458596129,14850.759400093964,1.377558819371341
512,800,54040.003053670676,39670.38232183824,1.362225415809065
2048,200,28201.457541287797,21719.122239982673,1.2984621215203536
2048,600,92954.51806316225,46239.717968129386,2.0102743301166095
1024,100,11788.757577623252,7574.474505432674,1.5563795969169807
256,700,109463.12207350456,63595.14530849998,1.7212496573834226
128,1000,178933.117873592,115241.4415821776,1.5526803154922049
1024,800,101715.79999752938,73809.48264243598,1.378085800848697
1024,800,82310.6182212868,64050.183209330666,1.285095749879073
1024,1000,103125.41677572054,66618.31687920158,1.5480039365557219
8192,600,114869.19088049789,72057.00403987369,1.5941433093295623
4096,200,39627.26094156147,28226.96173217051,1.4038797840717638
1024,700,155521.45140792013,143996.98147366662,1.0800327188550203
8192,800,175953.13283978496,121156.10790503111,1.4522844607859704
128,1000,181756.73735273143,112156.4431438755,1.6205643854055887
2048,1000,92086.26920968352,66639.00922749183,1.3818673218162654
1024,1000,137963.83815591488,70666.56720492533,1.9523212123186175
2048,900,140538.77283041726,93515.5700519536,1.5028382199064756
512,600,66378.14111831071,52850.65998181106,1.2559567116315147
1024,700,56443.21947959819,40384.69376674293,1.3976389125446227
1024,100,43652.607167844195,33357.177220007376,1.3086421216019952
4096,100,56341.772070046965,41510.57294657572,1.3572872661275734
128,700,127221.69795800926,84966.35551851557,1.4973185230980697
128,300,56537.856288819785,35422.15679393922,1.5961155786677985
2048,1000,95470.72273907732,83203.13759546028,1.147441376589221
256,500,81260.0048303519,62092.40025489339,1.3086948563233862
128,500,100020.04597894516,58120.56724051832,1.7209062252444247
2048,400,50699.3532537185,35792.538937203135,1.4164782594123568
128,900,179888.0885821476,106230.35181436798,1.6933775094381
128,300,80460.31912410201,49018.24004301967,1.6414363113299857
4096,200,48830.91773825882,41314.61184437475,1.181928512899909
128,500,181714.75839302732,107899.46980002425,1.6841116896107906
256,200,40994.871979637624,24028.023327904328,1.7061275253561654
1024,300,39878.588931280334,27201.299204297007,1.4660545671649643
2048,200,57683.200546113614,49074.047810033735,1.1754318854928376
4096,500,149025.0010798769,116848.61008388725,1.2753681962745622
8192,100,34129.22129107046,28338.780874483527,1.2043291997010603
4096,700,131456.6321516527,48842.85851775354,2.6914197109055458
1024,500,38595.487908263065,33062.26204021412,1.1673577525130858
2048,1000,102421.71715694516,99844.90421604176,1.025808156772105
8192,1000,177347.07196069407,153858.34745614193,1.1526646093170065
2048,1000,82400.63370780987,69330.7825011364,1.1885144049320262
8192,400,106845.61254181954,79841.38239289293,1.3382234793486039
128,700,119268.46118003904,78223.91975265807,1.5247057620886644
128,1000,716827.6274710968,336231.71358758636,2.131945317776717
2048,900,69070.05414797021,43085.8374830352,1.603080227352344
4096,200,44589.252949500726,33406.48415369743,1.3347484501617508
2048,300,112991.31368825363,83200.47249108386,1.3580609617374746
128,100,57136.036636896424,33607.10000037135,1.7001180297099447
128,1000,285267.14834380546,130680.0475400216,2.1829434080703143
4096,300,38965.061469004184,31675.82682654689,1.230119790791012
256,200,34875.839684242135,27723.977542298067,1.257966669141633
4096,400,89107.68864685533,80128.73845486698,1.1120565525569306
2048,200,36217.16916547874,28151.634779116986,1.2865032332809605
256,1000,306966.21775896056,212297.34605947777,1.4459258368352854
4096,600,70467.60518064702,61654.823254855204,1.1429374290696361
256,500,175299.89643621448,75433.91473577404,2.323887034767395
256,400,110631.75072885244,66492.92943135499,1.6638122530466166
512,500,153175.37311874962,117234.930187025,1.3065677002100722
2048,900,133722.06958443468,80572.39811895405,1.6596511051714318
8192,300,152262.19953714902,121166.91213134864,1.2566318383362955
512,900,240068.90948051537,199266.99669259545,1.204760012772532
2048,600,53314.570178955226,43043.733107041255,1.2386139939668437
256,700,121853.82217386214,65538.9661892865,1.8592576181615343
128,300,78770.58887147858,52306.20787465864,1.5059510538450147
128,300,49240.34972858418,33909.56330753294,1.4521080463942613
1024,700,89010.24346813149,71395.32402810991,1.246723713069587
256,800,100019.63294758732,53738.859665875236,1.8612161398560692
1024,1000,57566.25328536261,42383.73236753952,1.358215760381003
4096,900,68734.53841147291,44447.9782420795,1.5464041589725446
512,600,68645.0483773196,41879.47984107661,1.6391093833498511
2048,700,201221.14226870713,159902.38059576607,1.258399915742312
256,400,116607.61690133455,83895.26610670472,1.3899189109552814
2048,500,112249.04337990264,91410.64105810694,1.2279647323395246
128,800,155582.28672482524,95097.34659082131,1.6360318379255585
512,200,27328.366134741045,18259.867983892524,1.4966354717815082
128,900,179073.6970291572,98898.65061975615,1.8106788708134824
512,300,42814.89134003563,30487.493859649527,1.4043427622203322
8192,400,78833.43455774758,50022.88148910995,1.5759474906480493
8192,500,47305.181659720954,28049.650585512056,1.6864802474279157
128,400,93510.95708404278,57918.461135074045,1.6145276523483936
512,400,266922.41843709646,219909.18201198158,1.2137847814947236
8192,700,62225.176791153106,44292.95785100308,1.4048548530100915
8192,400,50939.750594097764,39591.51669430679,1.2866329670422259
1024,600,50765.679824048886,31037.755362345764,1.6356105404979302
512,700,62755.5946453599,40444.21614195245,1.5516580770189299
4096,400,54336.08205433346,36861.50348825166,1.4740603858345394
8192,300,71109.98035619323,50731.10394858004,1.4017037837037567
512,200,43647.102348469445,28346.010005815035,1.5397970416123987
2048,500,251925.80406222743,197379.82799608188,1.2763503070193594
128,400,106171.87815036577,58689.38171433081,1.8090474809762844
2048,400,39367.56779757368,27161.91708981848,1.4493663192989583
4096,400,62375.59561538385,45315.150187690066,1.3764843624490133
8192,800,96627.53270650173,59123.251313537614,1.6343406453422946
1024,900,128852.96057402807,101447.35883411558,1.2701460348980154
512,700,109807.87149964548,74597.1228459249,1.4720121542280646
256,1000,184958.40870647013,96693.85222727933,1.9128249050593678
256,700,131911.47433145798,96231.4864355233,1.370772490559427
256,500,137928.5429635394,49831.35486419863,2.7679067394299217
8192,700,92337.99880378466,49483.74886831627,1.8660267444471523
128,500,91064.04325877584,57260.62842244883,1.590343064119682
2048,900,93180.837432658,71342.37664040091,1.3061078396971997
128,200,100567.64702060225,56889.87992524138,1.7677598749154952
4096,400,106517.97081764779,87820.33592573914,1.2129078042666492
2048,400,33332.09420700049,22628.999357945035,1.4729813581128413
2048,100,31334.986084391512,21891.485427365486,1.4313777924462432
256,300,47819.24374058409,24387.390346993434,1.9608184008289933
1024,800,84230.80625286452,56629.35845821746,1.4874052708015773
128,900,273477.04050768836,126402.5332528974,2.1635408205034508
1024,900,113920.85224121892,89793.98457786377,1.2686913580768189
2048,400,77506.14077418734,36172.82453377076,2.142662116468898
8192,900,94188.58465404007,68756.46827862725,1.3698868922753893
256,500,142506.9822802681,107079.947101959,1.330846588339984
512,100,5943.051917642717,3952.2361703269603,1.5037188218312016
2048,400,35501.0106548911,32901.799849722505,1.0789990461628352
128,700,517675.96277234703,328365.28413453343,1.5765246443051262
2048,400,99714.34218293318,67957.42294751522,1.4673061140053003
4096,1000,387867.11135382456,312568.9452053526,1.2409009829783386
4096,800,175984.9556660813,121188.27531983975,1.45216156597346
128,1000,348649.08319741715,252148.2352639337,1.3827147464763025
128,1000,317968.6518579226,135901.84836331604,2.3396933572814587
128,600,119541.4366162284,66120.20005647908,1.8079412420730359
1024,400,58005.73177809332,48120.85786896968,1.2054176576826536
512,600,185228.56106139292,102407.24134872825,1.8087447588850922
128,700,430271.1253533543,160552.14249847873,2.6799463318119923
256,1000,539376.4946006322,389511.32133909845,1.3847517775511975
4096,700,187386.57470996722,100685.3469986935,1.8611106809057207
8192,700,59723.705894323546,44627.16861594755,1.338281314871077
512,400,92783.81102218627,55191.438049761186,1.6811268975910976
256,400,166708.79647179865,126613.63532967979,1.3166733269897675
8192,600,215175.75344402125,155301.6687019347,1.3855340721225662
8192,900,288119.03235561063,232131.76519957266,1.24118744415657
4096,800,85019.34114217057,54798.103105259135,1.551501536081657
512,500,126690.80883083091,63282.073729655785,2.002001536360209
8192,800,187965.49905978775,153190.07692459234,1.227008320860845
2048,200,15910.117261256866,12303.822448063002,1.2931036129964315
1024,200,39269.10582781462,29396.097776149654,1.335861178815216
8192,500,47233.52275837723,34980.52142567785,1.3502806943210666
256,500,85518.3801334206,71272.99195261902,1.1998707755985836
1024,100,28674.681078863363,16446.121222140933,1.7435528226716144
1024,300,48050.62643983661,35050.06282124151,1.3709141317349174
512,900,428394.9093657531,242787.56060327528,1.764484590154797
256,100,39616.191864698514,34461.83445599134,1.1495671222984205
128,700,137939.0462431125,95283.92639830563,1.4476633306073057
128,1000,348330.9402276709,199949.5681540918,1.7420939862157065
2048,700,56650.81852496366,43072.60256953743,1.3152402024815018
2048,800,241388.7624323159,158889.57023961702,1.5192234585837454
8192,1000,237155.12986080686,111947.51874757191,2.1184491850646814
2048,700,69605.04186376889,45007.18075458232,1.5465319243903581
256,1000,142633.43096142137,79262.47230231874,1.7995077218560187
4096,700,88098.62994933949,66071.36254593299,1.3333860019625459
128,200,34064.386765157666,20829.65153094894,1.6353795796604855
8192,800,114207.38780690296,80630.15471462611,1.416435181243501
2048,1000,111655.50884195432,87000.85009344021,1.2833841131671084
1024,700,62856.82286901175,39961.592812308816,1.572930868002109
512,900,148664.17854342022,83423.49433320436,1.7820420941567854
128,300,68312.31117578603,35014.74281745463,1.9509585300090444
4096,900,82279.20188908404,67102.57631585226,1.2261705348211267
4096,200,57129.13175482072,39876.730421024666,1.4326433273651713
256,900,312826.6894975708,253169.84255853438,1.235639625700061
1024,500,160513.1114436357,105362.59688780371,1.5234354143203162
256,900,245996.4197123549,153719.58549545112,1.6002932802576055
1024,700,183961.87141841993,144453.90882153143,1.2734987437806162
128,700,128801.75166059381,80945.85137808458,1.591208807712483
1024,900,69758.12861488675,51843.86616886342,1.3455425640455485
256,300,52390.05767479189,31643.254618878556,1.6556469397915745
1024,700,193710.00665151826,105106.25156384554,1.8429922461258303
1024,800,140658.4583022905,102536.15429282605,1.371793776277132
256,300,36863.26387360768,20612.104466718374,1.7884279566470016
1024,800,77650.73242689508,55038.25863488452,1.4108500950587533
2048,700,50775.88264621039,37994.53882535915,1.3363994988753602
1024,200,41788.03597198589,31290.571507521716,1.3354833088280527
8192,900,86108.26835819737,64794.20809902521,1.328950084961264
256,300,149851.6929550819,116044.88982162972,1.2913252206574193
512,100,34290.373378292934,23952.41495453135,1.4316040133483843
2048,700,94937.48778819357,78357.99946803745,1.2115864166098187
1024,800,119303.0042183971,83322.43641848261,1.431823280097139
128,700,213645.7317319797,102621.12301154037,2.081888459824728
128,100,72498.14251679771,33649.03641218603,2.1545384429059737
1024,900,435893.17792744085,327175.17394782003,1.332292950799989
2048,300,53248.70239990281,36397.95266750363,1.462958724253841
2048,900,260101.64555857235,191588.1622525656,1.3576081241161821
512,800,113944.27616588787,73034.54829592472,1.560142135804048
512,400,35287.830069913674,28943.77010276382,1.219185681223472
1024,500,44306.96847843818,37784.88719610729,1.1726108443431538
2048,400,82445.56807974156,67142.11425255613,1.2279263022552618
512,800,92158.42680981658,66048.10632072318,1.395322772197347
2048,300,53256.49714877364,42559.18944074563,1.2513513027056513
512,400,68275.89701652103,40161.40005260986,1.700037770771992
1024,1000,451344.83801190177,358420.03223827545,1.2592623107400718
1024,700,113401.87892632047,72969.31306537794,1.5541036932157546
2048,200,37612.46714667948,28474.386928972886,1.320922808294374
128,600,230738.52779255947,150269.35373922496,1.5354995682817631
256,200,84819.28274966139,55342.50477947256,1.532624572878426
256,300,56766.735066622365,25267.528418286747,2.2466279300012126
8192,400,98045.26755816229,61743.156343774725,1.5879536026999328
2048,900,94404.70201087084,77315.77358946606,1.221027710492094
2048,800,94201.80095468061,68890.03627607909,1.3674227224553024
8192,1000,113709.83480098007,84152.47509549616,1.3512357737778031
4096,100,34188.09441395855,23817.627155785252,1.4354114366784994
128,800,257582.64668063002,165833.3137453125,1.5532623745083363
256,400,61511.28642994996,31523.552962786187,1.9512802539283736
256,500,52849.90526838937,30660.99346696777,1.7236853504217513
8192,300,92177.91489186844,67889.91482307145,1.3577556420875498
8192,300,137344.31580604622,115095.1863708477,1.1933106860221738
4096,800,147807.7241376835,82127.67325090048,1.7997310563776732
256,400,26953.29434601424,16696.46814129671,1.6143111296303738
8192,900,90521.53343892483,73831.6952888898,1.2260524844341008
128,300,65865.86406513446,33558.67574854095,1.9627074846062171
1024,500,123012.79761937034,68618.06333307926,1.792717422266107
256,200,34537.4495569033,31391.557032391833,1.100214606152391
1024,200,45611.1910705074,37335.79632746832,1.221647736409757
128,200,30274.302803344006,21459.700043928267,1.4107514430011667
8192,400,86460.79207828552,46877.32021763594,1.844405603325373
512,600,111113.16806575381,85953.00472061717,1.2927199977117447
2048,900,146479.07444262796,89149.76625020844,1.6430673977486225
2048,900,199626.57323248123,120372.61398146854,1.6584052354567451
1024,500,52380.94087344911,42220.82558082555,1.2406422696110837
256,1000,297439.34546641656,215485.38672176524,1.3803225823868523
256,600,61093.19499573532,35498.71259097048,1.7209974823502503
8192,600,80623.98696702675,59781.19549306226,1.3486512991595048
8192,700,113173.14085790729,96536.22412613119,1.172338589813072
512,200,27535.46167007837,20526.551554389865,1.341455801629259
128,300,55916.28758473048,34381.62665711036,1.6263421199463988
256,800,87453.48141167701,48916.813929681426,1.7878000300140675
2048,700,65493.51476411846,48440.916792481716,1.3520288033500514
1024,700,91828.06111906991,53367.07194762224,1.7206876406709306
8192,300,44326.97378267984,32336.8457323244,1.3707884235094063
2048,1000,112238.48642048145,78316.01446899473,1.433148599063562
512,700,57307.1516297608,38702.6252724194,1.4807045058671904
8192,800,100619.79382907483,73785.23717725121,1.3636846295873533
512,800,68375.07752284846,44692.23364023086,1.5299096051735235
1024,600,50154.11895766542,40248.925536275456,1.2460983315557737
256,200,31928.75781442861,24345.126225713935,1.311505125025996
8192,700,81482.52515678295,58216.71192549937,1.399641485439046
256,800,137421.99365423154,86463.32349905139,1.5893674692685071
1024,100,37220.59930038506,34461.83445599134,1.0800527565622409
1024,300,53298.429348038124,36476.447573525045,1.4611737955184714
8192,800,66817.78509588253,45624.85112463523,1.4645041780707124
4096,200,130134.69389551916,105862.00318040977,1.229286145981424
2048,700,75146.64491344188,54336.9997919144,1.382973760075433
1024,200,15788.176404835285,14336.407374602437,1.1012644934186733
128,600,120583.77315050793,70997.33742128528,1.6984266950038671
512,600,164518.94715019347,86887.77934811078,1.893464747108543
2048,900,198303.84226852228,136493.84341715457,1.4528409289674924
512,900,178305.71879064516,131814.79530669525,1.3526988254678
8192,1000,123638.99613774713,67496.69675089468,1.8317784734570477
256,300,57269.35841888197,36947.417009653596,1.5500233319129906
512,400,81320.91603344286,50205.27871591062,1.6197682417739738
8192,800,203681.91630169435,124298.74957469667,1.6386481521223413
128,800,195246.22530345345,107261.19142207729,1.8202876801466
128,100,22526.336752373107,13076.689814240655,1.722632950109567
4096,1000,220792.52413533733,153936.82609563012,1.4343060704536967
512,300,52805.81658771233,33658.24727242355,1.5688819492088208
4096,500,136225.8066203504,106605.56088456215,1.277848974199972
512,1000,490288.5570679912,360717.31327290286,1.3592043936550957
4096,400,37941.873148132385,30887.93573575531,1.2283719272379723
512,200,36341.27793346006,20073.608870677468,1.8104008186861502
4096,600,99512.50314764294,93768.08524619501,1.0612619729449049
2048,900,49514.20045642171,34014.11988176726,1.455695476717686
4096,700,154327.41389546648,124386.3395594154,1.2407103098467591
256,400,214900.5844786176,144036.9621706658,1.4919822054007725
2048,400,45076.65035697341,30088.62810225453,1.4981291338303269
2048,100,14937.704923853715,14272.107380049436,1.0466362483184999
128,1000,229297.57747891222,141806.39848046878,1.6169762432158077
256,600,66521.78509265145,32899.417934450896,2.0219745293120406
2048,500,42897.8958668257,37780.93928984679,1.1354375161962695
512,400,123223.02999209637,85976.1489255603,1.433223417564156
1024,1000,245081.97674168585,112255.45569237367,2.1832522546905135
4096,800,136545.7083019969,96819.36152764298,1.4103140750728005
4096,300,35991.53576704863,32142.928449862742,1.1197341842448807
2048,300,44403.62625201638,32336.8457323244,1.3731588609345977
512,400,38655.92363247575,22077.652847148685,1.750907304327332
256,200,54797.17453158247,37842.836382733214,1.4480197514102064
8192,400,30031.00601611513,28943.77010276382,1.0375637282044154
4096,1000,167581.38235775515,117908.60673889681,1.4212820165779452
512,100,11784.52189845269,8439.625673213552,1.3963322965680187
4096,200,31130.419718566674,17625.98334835066,1.7661664091768068
512,200,44908.30284450139,35862.62567097584,1.2522313133599239
512,1000,213959.59608285772,128315.47737749867,1.667449636285089
8192,500,82527.0678757247,79406.42572388871,1.0392996174224873
128,700,119561.12860400605,82449.49171849042,1.450113592115606
8192,600,69463.83905907304,44721.4505428107,1.5532555007932287
1024,800,95091.90754364386,77201.13344455638,1.2317423760615653
1024,100,45302.82203946175,38309.84148818031,1.1825374441561962
2048,1000,184749.888266975,142855.45414220853,1.293264505554417
1024,300,135191.54268226933,100694.09260958212,1.3425965633003223
2048,300,89227.77421038764,54774.96449727378,1.6289882618696836
8192,400,95911.61365223321,82754.53996065691,1.1589891466719702
256,500,109054.51264551733,84015.33678768137,1.298031012136671
128,200,110734.28385921418,63937.538184684265,1.7319134737305182
1024,500,175830.92750180367,146471.08077241757,1.2004480787235028
256,600,117104.64549435643,67603.6887324737,1.7322227187597936
4096,400,72933.18018801417,37872.06958457201,1.9257775185786268
128,500,115541.39561286269,53908.926531617704,2.143270197470866
256,100,38175.932641865336,26178.431357436275,1.4582971806300014
256,200,45990.173790069384,28548.61931931144,1.610942136138954
8192,900,136053.55216640484,89493.62805109218,1.5202596556788541
256,500,159828.14235468258,89151.6152129154,1.7927677695235773
4096,900,72598.6909762225,40260.382853452815,1.8032290264223427
1024,1000,51614.713431306554,33105.952262394945,1.5590765377238738
2048,600,208168.57239485878,171792.92120023345,1.211741269317073
1024,900,159273.52116651807,104650.04828270404,1.5219631885525071
1024,400,43633.61987293088,31343.397571263224,1.392115190247779
128,200,76150.76366139486,51232.314625286366,1.4863814804847735
2048,400,61278.200944985845,36987.77697697913,1.656714892141933
2048,800,68191.00345136375,45625.92071814298,1.4945671753698517
128,900,195289.46612069907,114031.80825644718,1.7125876464355523
8192,600,156605.88189611986,115828.05867355685,1.3520547930228968
128,700,125966.51742302801,79292.73623994055,1.5886261894387421
1024,600,75814.31667811383,51334.57528437467,1.4768665418605373
2048,300,83300.06129597139,55208.25080015826,1.5088335545623301
8192,900,146172.46174598509,89127.35842399589,1.6400403235403291
4096,900,158452.2485312953,104568.10274837493,1.515301935931488
4096,800,72424.62106800014,51374.49041450706,1.409738967406847
128,700,100116.27964264531,70755.83987631409,1.4149542966015982
128,400,88429.42563139036,50545.15861238189,1.7495132681160106
2048,200,77201.55795978053,54820.012487873355,1.4082732647472156
1024,600,78571.37003284844,59011.254036861974,1.3314641641705842
128,300,58959.36635433845,32686.510305593303,1.8037828389483763
128,900,164548.21330722107,103087.4779627057,1.5961998155270636
1024,600,53916.3325363749,43043.733107041255,1.2525942487910062
256,300,50939.97702718266,22297.745046723518,2.2845349124066647
4096,200,45229.30373093807,28488.111735943745,1.5876553753428237
1024,800,91419.4859339149,53451.373215270396,1.7103299772249345
4096,100,16184.614111577792,13538.336136538634,1.1954655245925765
128,400,116038.83495179321,52059.93292972572,2.2289470696866025
256,400,134072.37461790524,100912.14054045633,1.3286050013393063
128,700,204105.0842492427,79586.17669029317,2.564579588280896
1024,500,122972.77243608679,63024.07356250071,1.9512031749920957
4096,800,137402.524717224,113863.10216865287,1.206734421425694
2048,100,34188.09441395855,23836.882555606124,1.434251913361798
8192,200,39228.08134562959,29396.097776149654,1.3344656030317417
128,100,10553.801438554467,8433.402594446627,1.251428628049148
512,800,76924.80071647814,45630.19909217399,1.6858309244079426
1024,700,188066.21195429575,129948.30404958042,1.4472386794870447
4096,100,40302.01823114983,34046.54450690931,1.1837329988942358
512,300,142483.9568309954,101315.06903750269,1.4063451585691924
4096,200,37563.28053595665,28474.386928972886,1.3191954098838121
1024,400,77506.14077418734,36172.90844010274,2.1426571463703734
1024,400,56380.46393204016,42192.14333904836,1.3362787350947558
4096,700,247857.52507703446,197661.55380519823,1.2539490877487787
8192,1000,50715.039188615796,40047.15070052993,1.2663832083300923
128,400,80442.21569686761,43824.22059956415,1.8355652330224819
128,300,49143.64224450797,30312.347650223415,1.6212417068971483
256,600,136857.73707269196,91269.08166089359,1.4994972512288565
256,400,62684.382953793276,34815.62896385906,1.8004667679237918
8192,400,41005.30182701643,31317.295349882283,1.3093500370609292
8192,300,36375.71179457707,29584.236734290716,1.2295639776440284
4096,400,105347.55694835761,67714.04177164621,1.55577121365202
8192,200,68640.90807430429,48419.596401673516,1.4176266052463804
256,200,70320.59493892317,34122.190716193494,2.06084643051804
8192,500,92003.99015009752,56419.66272865432,1.6307079074999626
512,1000,203084.61438756142,133019.62178392845,1.5267267465054415
1024,100,21247.848171363592,19017.652016753807,1.117269795064347
128,500,100565.42623343263,63831.07292593687,1.5754932766071252
4096,200,34641.153656086375,26858.599641780846,1.2897602301722053
8192,900,214995.7132947508,182943.6359599325,1.1752019258097517
512,600,131886.44279016025,90787.0014658325,1.4527018258202464
2048,700,149407.11446835904,89814.60753594388,1.6635057321668547
128,200,49146.1457164742,25527.854554434136,1.9251968711932987
2048,300,36956.43820406287,24429.401884312432,1.5127852240948556
128,500,197351.51750352426,86514.97230903344,2.281125592904083
4096,900,297541.5987129924,215071.07453146583,1.3834570704646791
4096,900,138890.5458647536,96193.0222625154,1.4438733974457585
512,300,98371.3517457025,65894.5120946844,1.4928610686782513
128,500,119084.96994610762,60862.9422879662,1.9566088241786013
256,800,204933.92073875174,145439.41271457984,1.4090673010412105
4096,500,73124.84280034927,48255.41618445745,1.5153706792379091
8192,400,98962.97847781057,78599.29519966051,1.259082263096909
1024,800,123779.64824261605,86045.13012957771,1.4385433325071728
512,1000,68159.88234276407,38917.48776383043,1.751394713769558
128,900,167890.0648367622,95690.25131041359,1.7545158732224104
128,100,61832.5641794308,17155.697405452738,3.604199976141923
2048,200,25423.351422460037,18566.275195898972,1.3693296665168302
512,300,48646.525568471065,35449.57561282381,1.3722738489109947
4096,900,146241.0078754319,89134.82769940006,1.6406719085004324
8192,300,105467.04270203292,79129.89788952887,1.332834308080021
2048,300,42032.583571895266,29697.068934972824,1.4153781864443697
2048,600,58310.630142495895,41248.88697619983,1.4136291768585298
512,100,22616.06802001777,21569.048732126754,1.0485426733878855
256,400,39127.80868158206,19914.451479410673,1.9647946980631557
128,1000,191319.23033270042,112037.0524342166,1.7076424823389114
8192,600,49925.24941877121,36469.78067358704,1.368948441604673
2048,1000,88203.87724239216,73326.2975611464,1.2028955528381808
8192,900,294507.8231236409,251371.17960268492,1.1716053669682316
256,1000,165431.6287519792,102257.70453441756,1.6177913390995275
8192,100,21230.38984834306,19017.652016753807,1.116351788834916
128,1000,164742.1870291695,116155.7596034027,1.4182868554401282
8192,200,40381.208954016874,30875.42606713796,1.307875359070634
2048,500,211755.1633034986,175047.6182871035,1.2097003396880806
1024,700,268939.6861754594,206304.4996983226,1.303605527599872
2048,100,35299.310226839196,27464.303923531665,1.285279624239609
128,1000,237137.0174677555,120005.39708964706,1.9760529377741918
1024,200,35090.52271031394,22485.889426543003,1.560557469827814
4096,600,103774.05631982881,69905.14056319732,1.4844982140621334
512,300,67257.82685309288,49215.182163045414,1.3666072926495287
256,300,57872.72316052076,33799.28382729924,1.7122470244111423
8192,700,147850.5126829919,89648.89248371821,1.649217392282276
128,200,61779.47485460528,32819.742588244124,1.8823875503744625
128,500,85924.90975383193,57696.17354697401,1.489265309490155
1024,300,46506.74537790477,33564.64982224558,1.3855870871347982
8192,1000,237437.7196281572,194229.07963015224,1.2224622599266914
1024,100,53130.103844775884,45276.96018506142,1.1734467956244445
512,1000,115640.93866828151,54044.61814582486,2.1397308859923028
8192,600,65688.67036214373,44984.88065982747,1.4602388491119245
2048,900,413390.4178085681,317406.9041098516,1.302398947394974
128,600,86290.40645558717,62673.7394013655,1.3768191794489788
2048,100,20945.536334809618,14454.99511964927,1.4490171848164437
8192,500,54824.99949259453,40028.2670683756,1.3696570825547707
8192,100,37163.204600090234,34461.83445599134,1.0783872996531456
4096,500,63692.21866267891,42139.500449609,1.5114611702348715
1024,600,67748.9334307749,45139.76507050919,1.5008703152298144
2048,900,80640.34713681901,60066.414989575176,1.3425197283842316
512,900,155280.85380313,113622.86940439774,1.366633800194452
512,900,92386.80525439417,72082.57070989309,1.2816802223413821
1024,600,49119.455358036925,35104.00860134213,1.3992548804286398
512,100,25187.998703864043,20091.01199670527,1.2536948715174043
256,600,200263.32138360242,106942.45793190009,1.8726268804400226
128,800,183721.33027940008,90806.8996048832,2.0232089310262094
256,1000,271092.846410861,166373.1125779851,1.6294270282632957
128,300,56789.723292861265,34922.589451590095,1.6261601497673455
8192,1000,119968.3549174048,88006.16153169044,1.363181314006122
8192,300,86086.97606136581,74512.24553712207,1.1553399772186064
1024,300,44512.98934235846,32336.8457323244,1.376540857164142
8192,800,266398.8279911145,174193.56208120644,1.529326484907194
512,100,43847.0809559103,33470.31072536841,1.3100290975989342
2048,100,13980.411902514423,12805.263891742912,1.0917706984179583
1024,600,71183.267917439,44778.310408767706,1.589681863108018
256,300,123443.96335670672,96754.47535842698,1.275847581203955
128,1000,216168.13248507347,128673.25663706988,1.679977161802843
2048,900,162016.84470556624,96570.67451046295,1.6777023203665469
2048,200,56240.18432485479,48037.66555791943,1.170751818841936
512,100,21283.218731872694,19017.652016753807,1.1191296755836635
1024,300,106698.37069519969,79266.77013693897,1.3460668387379817
128,400,184250.21971830912,104064.45027678544,1.7705394995913548
2048,1000,95747.3049609469,75245.2333910057,1.2724700375823657
1024,500,52544.39384051349,40034.112391028335,1.3124905412487355
4096,1000,431687.1559310445,357008.95587892685,1.2091773856716452
128,600,127626.58944647326,87279.1573242445,1.4622802666659225
1024,300,71286.04858901809,50902.660513958515,1.400438559974091
2048,800,136433.7451181788,103924.65531676734,1.3128140257220213
2048,600,515640.42933427216,422984.56513259845,1.2190525892419448
4096,400,50660.88308860247,35765.88719259428,1.416458169087229
1024,100,41393.793037876916,34113.63244412588,1.213409129200037
8192,300,205101.82873255815,179691.24871545925,1.1414124516288298
256,700,76918.71960000916,48530.00383654853,1.5849724607291449
512,400,41970.8718063369,30193.856997433017,1.3900467174467022
256,200,79539.23376809128,45791.70479256098,1.7369790910473526
4096,300,44333.427825691964,32336.8457323244,1.3709880114056887
1024,700,49765.07418020979,38022.951318724765,1.3088167134386148
1024,200,40828.346257562895,24023.419729557354,1.699522662351418
512,100,17700.568608110494,15428.788009788896,1.147242971831634
2048,200,40277.836367124604,31495.10310704071,1.2788602796515538
1024,900,86950.81913059657,60959.25722422589,1.4263759614190532
8192,400,265872.344813553,212709.16464684156,1.2499336606157878
256,500,173075.13956919717,155816.22236840398,1.110764572125148
4096,500,36167.54570373561,20155.59443733011,1.794417218315815
1024,200,35883.0634307859,30876.21637701159,1.162158698223856
128,800,409640.3562518235,270807.32094732596,1.5126635233450783
1024,400,40785.846791478194,27206.42392276894,1.4991256075130364
4096,600,193295.60265730266,146353.08306665107,1.3207484161387524
256,400,57791.90995754235,36165.66336172711,1.5979773239470445
8192,800,54046.31472902289,43113.32509858326,1.25358725186332
256,900,471044.0063419282,245094.55979565156,1.92188682904534
1024,500,73700.26427743168,48325.4790802268,1.525080882386687
4096,700,69500.19491254262,44970.0294389226,1.5454780835075148
2048,300,28524.098895028645,25110.078578747074,1.1359621518337726
128,400,142872.4652600491,82445.3696383288,1.7329349833326209
128,500,91474.38352497962,59655.26942758977,1.5333831261295745
512,200,25792.041831583272,19587.635573275336,1.3167511584079603
128,300,97440.37118564507,56968.897390095386,1.7104135001669534
512,700,194036.61813265784,101281.54915018774,1.9158140822364995
4096,700,130408.09004495983,103745.24134507873,1.2570031006163915
2048,400,67694.4028366112,47539.308849783876,1.4239669123191083
8192,400,181447.8642760533,149883.77985512803,1.2105903951143606
8192,500,98317.1511344106,83579.11465961392,1.1763363554976518
256,900,92749.1241271566,49612.62926071678,1.8694660111592845
512,800,109153.64986165593,84508.731325541,1.291625707184963
512,900,212182.18894405424,105961.48217045671,2.002446404087891
2048,700,154880.39970374358,119985.19920653038,1.290829208335506
256,600,102014.344025157,60252.42698932939,1.6931159311345845
1024,200,44533.10620916684,24810.557859574426,1.7949256305005434
8192,100,42828.11935363653,36792.750083265506,1.1640369164227302
512,300,52746.925521231286,24883.162282034904,2.1197838491498087
512,600,91530.6666181482,59552.54491037935,1.536973218455949
512,200,59591.693976952185,43083.61722094244,1.3831636668609468
8192,500,146995.52383785337,73488.25746567691,2.0002586659033033
2048,100,14621.392940503225,14046.357905384908,1.0409383727078367
8192,300,33988.82218418204,29735.05489232107,1.1430556394553515
8192,200,77202.95930943819,60091.31761644124,1.2847606338442996
8192,900,147104.5425193826,116351.29663973345,1.2643137357967962
4096,1000,322360.1498983852,218787.22547341473,1.47339566650136
256,300,77410.12902472782,41085.00726358787,1.8841454384586072
2048,600,109060.97993110814,85718.99085774219,1.2723082579460592
512,500,119334.63361683978,93606.25563765143,1.274857463359955
128,200,60847.4859406996,35963.00151533935,1.6919468169181107
2048,900,68933.22991263763,44466.87780867702,1.5502152008339651
2048,200,24575.50972134465,20103.412403993752,1.222454637425757
2048,400,89717.52696046932,66189.61198052249,1.355462349392082
128,1000,188549.0071704413,123069.94343823733,1.5320475650097674
1024,400,51592.95460393091,36721.233883799076,1.404989678919614
8192,700,188071.1306108582,104798.53084716969,1.7945970147723447
512,100,47770.89407847332,38145.25954613781,1.2523415660782968
2048,700,175193.58980475744,113767.63151842268,1.5399247348872505
4096,100,9196.92559623374,8369.483145237878,1.0988642233501198
256,1000,276710.5403278993,196520.91294549676,1.4080462795562239
128,600,237866.78287259964,103738.47886983294,2.2929465080268407
256,700,87090.62656748341,50102.58168299753,1.7382462867584705
512,800,136747.557728742,121761.08700177894,1.1230809538251256
2048,900,78734.02822399528,39547.9356753074,1.9908505179741796
8192,800,80607.01699101066,56550.93127635613,1.4253879674783065
128,300,53559.33687485392,30940.386500370743,1.7310493802077147
512,500,65082.95111581077,47373.90263503588,1.3738144314857008
128,700,250176.3940693866,96379.62925700599,2.595739327885004
128,700,213010.77253626828,115409.10204772912,1.8457016713306942
512,700,206747.8217318939,157520.9094522014,1.3125103356175714
4096,400,78909.49232042578,50035.00522215289,1.577085721687679
8192,100,14937.296920327573,14259.595716004558,1.0475259760388846
1024,600,84246.50149877353,66608.04482652456,1.2648097045662718
128,900,199254.09916367338,104798.81169427244,1.9013011306364191
512,100,45481.92635070343,38405.45939852437,1.1842567974190397
512,1000,228095.8416195959,170132.29127390077,1.3406969359648369
4096,100,60867.33294144309,52367.61934250066,1.162308573612095
4096,700,62447.48627946431,39907.07569650105,1.5648224077952058
1024,900,169744.74437019767,113722.02144954851,1.492628623784207
512,400,309175.03325505374,217003.69561010288,1.424745474429882
2048,200,74607.26897032763,56698.25312800502,1.3158653901010011
512,400,70313.87887195847,45579.596818346785,1.542661273468211
512,700,75889.10930311424,45230.0886485406,1.677845690129172
256,500,136255.84684370493,63945.178248140495,2.1308228482054035
2048,1000,973284.751705214,799655.3343065059,1.2171303184631248
128,600,95399.48787689379,67638.20190586489,1.4104379653626147
128,200,72312.01488234224,54756.96209130223,1.320599465722159
256,300,47479.563221637734,33700.398113698524,1.4088724727064355
512,400,71574.3885573896,38027.85447877781,1.882156896264897
256,1000,520917.2742417247,321762.30689129455,1.6189505827284905
4096,400,55489.44203831356,42167.72600665747,1.3159220876542608
1024,900,295705.3134364676,251756.27470010283,1.1745697849585586
1024,300,135475.422611221,100843.99591933112,1.343415851148866
128,700,129643.2772702716,79367.07720443208,1.633464174777901
8192,100,29809.77202894884,21624.140741893236,1.3785413434346216
256,700,112860.58806772584,74136.60474678107,1.5223328402104377
128,1000,171620.13588579168,115201.34837965295,1.4897406870638983
128,600,159292.43039137634,71753.82063497469,2.219985346867133
2048,1000,63630.71240223709,46591.63000479127,1.3657112317318283
8192,100,10058.83380051057,8321.435885700419,1.2087858319975404
4096,900,116803.794149674,110573.11372723876,1.0563489641596333
256,200,47612.72080194681,37398.72216811417,1.2731108990280158
2048,400,106788.3987330141,87881.81572004723,1.2151364631927373
512,800,117405.58526463667,80785.95130553289,1.4532921054628438
4096,500,162840.70367593068,89392.99493801175,1.8216271173020901
256,1000,131689.1506204023,61482.715935457454,2.1418889620726134
256,300,86728.26826098117,55947.26568816456,1.550178854930675
1024,400,119659.34673418614,85698.44704609242,1.396283723435829
512,700,199059.58856160223,125077.80552650022,1.5914860971831448
1024,600,165790.1899176566,97291.34275193932,1.7040590172587775
1024,800,65813.73034241062,47496.4900979559,1.385654607459995
2048,200,33328.959238245225,22329.284623404208,1.4926120473788858
512,800,175591.6205496923,137744.78832902992,1.274760538527657
4096,900,187990.6813645168,121977.62926467437,1.541189827165794
2048,100,28640.290270328293,16416.459698736846,1.7446082039559359
256,800,228006.20779895183,157408.22607266807,1.4485024924535517
8192,100,47483.02620631963,34277.95407299671,1.3852351311633715
256,200,53734.19409063253,47380.522560980484,1.1340988065607474
128,700,408939.0251266785,215924.99256206234,1.8938938947011381
8192,600,218945.60116806306,181418.4113119423,1.2068543627118096
256,100,19599.076885743325,13359.677233282624,1.4670322151883013
256,600,125340.09777206066,72676.89909209212,1.7246208814335442
256,1000,96354.0306024988,54878.27376863112,1.7557773593377048
1024,600,124630.17679082017,96555.58653648995,1.2907609104908744
128,700,134633.72569795564,83998.15377496977,1.6028176769055908
2048,700,115201.48566285906,96636.6949280323,1.1921091232336993
256,900,78458.69566583619,49393.12909045569,1.5884536394151405
8192,300,59088.06413354328,46215.89310831745,1.278522606823955
4096,800,238244.68143464893,165925.75504546243,1.4358511213004372
4096,700,194486.48779167546,124954.29688512714,1.556460983254306
512,900,142771.09405789056,75128.0252497167,1.9003706484143073
128,400,77612.64137332661,47008.17392021146,1.6510456565503082
128,500,94665.62278093008,60354.10582323365,1.5685034429668911
256,100,61148.27290438304,51711.69368036156,1.1824844353842
128,400,106659.52077930311,59366.98862910788,1.79661329035321
256,1000,99199.0132622156,60690.946592366796,1.6344944152624574
512,300,36538.35473303312,27949.828545988246,1.307283680574764
128,700,129783.37991415393,83150.82828992438,1.560818846706307
512,900,76366.13320540241,44814.158369102806,1.7040626441409008
128,1000,187409.7971660418,105665.22073794126,1.7736185649092056
2048,1000,155048.16340125428,116817.7777232804,1.3272651339810158
256,100,18961.241042814763,12150.915898946465,1.5604783376419207
1024,700,201500.29789458754,160051.5908764765,1.2589709155099873
128,400,57481.79322533069,38089.74100483625,1.5091148353576949
4096,500,54242.10001595413,42366.26933043774,1.280313345338252
512,500,56710.569444056666,25910.79147499017,2.1886853398050508
256,1000,115480.93764957883,73822.92016372301,1.5642965273314506
2048,600,48878.78884955766,30961.378486308477,1.5787019583502233
512,1000,116508.79621086156,76814.82809292364,1.516748772384412
512,600,68343.32275399985,47316.75728799124,1.4443788347124338
128,500,99864.13080798934,60179.15283358477,1.6594472687933417
1024,700,54624.05714866838,36855.81899594119,1.4821012973469385
256,700,84522.22565175752,54438.03585489347,1.5526318009902953
128,600,116900.89694921512,68440.7149078346,1.7080607224316582
256,500,70616.43338033035,42343.177263595666,1.66771692498953
2048,200,59564.4704110538,39540.31051236728,1.5064239415222456
128,500,108892.81666233958,84489.61358803847,1.288830804615681
8192,500,50207.653140892195,37556.673414654506,1.336850380398742
4096,300,38440.2984396542,27201.299204297007,1.4131787658723949
128,1000,262251.7886128997,136044.0788052662,1.9276971913513965
256,200,60110.810283944345,40327.074982798935,1.4905819554129314
1024,1000,232689.63089137743,183684.37645629203,1.2667905424539265
1024,100,13848.847709478232,10601.636499127359,1.3062933925925642
256,200,41831.73982480863,28559.500081131773,1.464722411315783
2048,200,28136.29098427942,24393.55413778423,1.153431387052283
8192,400,27296.311540541978,18622.48092746799,1.4657720229037887
4096,1000,189366.8806346193,148630.45430396232,1.2740785966202284
128,200,51766.284917652716,22694.97762129572,2.280957742345517
1024,1000,152269.26666696594,101002.64379024137,1.5075770391039784
256,1000,144984.03864286924,87552.39667853189,1.65596881573911
4096,1000,244791.06252700853,174233.02976154228,1.4049635873406607
1024,700,67761.5881883578,31474.35354619316,2.1529143748387995
512,600,78094.84459944803,51377.803729876774,1.5200113459508389
1024,300,113112.24396908784,83362.15479820734,1.3568776412137593
512,800,254683.37767979206,192014.22865741522,1.3263776307650035
512,300,44191.09655004215,27690.988351193362,1.5958656292648257
4096,300,77144.23972376424,50127.80205840346,1.5389511719241982
4096,600,128572.08118861886,90428.40571707698,1.4218107702891707
4096,900,278523.45643147785,207812.35805840726,1.3402641644304747
8192,300,24669.567047798286,20612.104466718374,1.1968485356568686
4096,300,152589.92589272084,121210.51604538501,1.2588835595385668
4096,200,43354.9669754884,28628.36354915257,1.514406050525782
256,1000,313098.25079265516,179248.72297608134,1.746725140320439
256,600,81972.77407706784,40930.79257156818,2.002716510649948
1024,100,25253.494358744378,16375.936649596606,1.5421099201288406
512,600,133753.86939308874,85701.33472075725,1.5606976230755591
2048,800,528129.7195039624,415167.1921734299,1.2720892437072535
4096,400,51674.13635309382,32052.832477507116,1.6121550689585962
2048,100,47488.49427835284,34329.78374882968,1.3833030416328138
4096,1000,234547.82973996308,179859.40172046205,1.3040621034895798
4096,600,74472.72567565546,51302.37305368551,1.4516429015422594
8192,400,101404.87167252725,60311.92322635424,1.6813403759642802
8192,100,14254.09008820725,12392.283607177249,1.1502391762525268
512,500,90484.9827360519,65449.83314478862,1.3825089902961298
2048,400,73738.60935064114,57492.315479359335,1.2825820065833753
2048,200,40467.79003581747,30904.26101358975,1.309456648001461
2048,600,60144.350886802305,41879.47984107661,1.4361293672948388
1024,500,54063.22989454569,25832.645695534848,2.092825896802761
512,700,94430.42642474214,57976.75535365411,1.628763559614939
1024,800,102021.55265798,82539.57674191818,1.2360319338319044
256,300,186776.54832990677,123515.45608867296,1.5121714661832932
128,200,62543.41675879706,25685.456833037584,2.4349738906863205
4096,400,131292.5286287445,106827.45989681745,1.2290147940946774
2048,600,46564.25165379888,38132.403751472346,1.2211202828251015
2048,1000,83144.64213997076,55774.151811072836,1.490737903493569
128,900,821356.9103981227,365042.3087540276,2.2500320940923277
256,800,144325.43477779062,103224.29485576192,1.398173123676557
256,500,229074.12197213288,176575.73820679614,1.2973136870245074
8192,400,37739.68679886063,30887.93573575531,1.221826124015593
256,300,46481.7913592886,34174.159862524335,1.3601443765194332
4096,1000,206069.82600904626,127868.35748296666,1.6115779545889357
1024,300,85308.91173161971,59057.42551689527,1.444507798722353
8192,1000,94863.80018091344,83203.13759546028,1.14014690938878
1024,700,77871.43899736556,68117.07334865232,1.1432000109397864
8192,600,70268.31852908903,61638.06438515712,1.1400150090697871
512,600,128733.92401701373,87329.03993285935,1.4741250346504147
256,1000,101020.44228791907,56953.814516578284,1.773725660789827
1024,300,72490.21809515762,55217.32034957012,1.3128166603564995
1024,300,60226.45666389359,46374.75441017106,1.2986905791717687
8192,500,75773.75370171602,62059.66705978025,1.2209822786952014
8192,200,44452.494358064316,24726.631681853807,1.7977577750990958
256,800,92173.00453408336,47643.52765549816,1.9346385347569117
128,200,84945.85586909912,60134.268612236796,1.4126031267937196
1024,100,60894.55035042135,52394.60977438059,1.1622292944377837
256,900,178102.34753965808,131419.47805469192,1.355220323318728
512,500,55453.14272452982,40320.60766188544,1.3753052332331035
512,500,101729.95971387511,83784.98393799704,1.2141789009490984
4096,700,81559.11234963701,63771.452028162756,1.2789282626592675
8192,900,46384.79142108598,34464.86591254432,1.3458573011364339
8192,200,43312.51785442071,28627.998336440927,1.512942586673539
256,600,104199.2836094567,67491.26167828603,1.5438929576713003
256,700,89722.17796128873,47340.5076873692,1.8952517060823004
512,700,192735.25033822836,130450.20568231438,1.4774622188607112
4096,400,82360.19822230784,67121.82371473985,1.227025632860176
2048,300,92200.30994945033,67898.851023637,1.3579067769107533
256,200,45860.63267095633,25109.185419466376,1.8264484452531065
256,700,168195.38339442463,99603.13215555041,1.6886555648847825
128,300,60686.167632534954,36232.59884851572,1.6749051837616384
128,1000,184794.29109868276,120451.58077242953,1.5341790445059962
2048,500,173681.19917062315,146332.0972843522,1.1868974913489159
2048,1000,130727.4647404623,110351.3658024124,1.1846474557871258
128,700,150487.0226676991,87655.58087701852,1.7167991035143966
256,800,255166.00293361087,207754.97128109197,1.2282064845917544
1024,100,35927.7737794989,26164.69966234961,1.3731391624264706
128,600,114623.28282926885,63722.483189993305,1.7987887020584405
256,900,152479.71889980402,90536.82420221862,1.6841734867928744
256,700,85481.9943371973,50377.94190665007,1.696813944793433
128,700,117164.52441763536,81353.64419608648,1.440187782310452
512,400,301625.56371972675,215881.01335499494,1.397184305521734
1024,500,163983.24651073595,105958.56492375178,1.5476167181835556
128,800,134823.45024870516,88203.22169170213,1.5285547133409176
4096,700,88115.64396484205,63691.6261494237,1.3834729821172786
1024,400,48357.76831806888,33593.19156882685,1.4395109859982154
4096,800,68327.47374663319,43155.939637876705,1.583269286220434
512,600,107956.52907421588,94235.57595636691,1.1456026875052163
1024,400,217427.52090252994,170769.66591513148,1.2732209771411411
1024,300,29151.385202258676,25113.27171870488,1.1607959937990129
4096,900,413328.20081951306,317218.09705903055,1.3029779973196092
512,1000,91405.44175814863,60702.19901724643,1.5058011610449062
2048,500,48128.16384174245,40359.055700854355,1.1924997502041068
2048,200,53973.835895667326,39405.86993522679,1.3696902513353102
1024,600,527970.6314815811,423630.2229319204,1.246300671910344
8192,100,28363.282191189377,20928.7717732271,1.3552291791662991
2048,900,95300.79358517891,59534.20616384697,1.6007737354034248
2048,100,20193.46401224156,16334.9832875114,1.2362096524261574
1024,600,78897.0559386907,62470.64483454518,1.2629460788767464
8192,800,96268.06372645362,48261.47862923676,1.9947184889634633
8192,100,30037.137363417234,21022.451805018012,1.4288122832679029
8192,400,67335.35787837046,51092.6587444515,1.3179067117090058
4096,500,68821.69397649124,54501.23877879136,1.262754673445561
256,100,24785.87393194007,17375.000750740008,1.4265250567476626
4096,500,211196.3793147777,174957.58136749303,1.2071290518766729
8192,700,62766.62610618488,36768.05557611912,1.7070966936568668
128,700,110978.25209124494,67914.48475213858,1.6340881108981735
1024,300,89847.13294932825,74693.04125803389,1.202884919880865
8192,500,63271.043675627676,50113.84670487021,1.262546139158757
128,400,85039.9780788339,41964.31912538151,2.026482970562453
4096,800,241097.687567154,190867.00795777928,1.2631710956588473
128,500,159037.2762676926,70034.25741482877,2.2708497546519095
128,500,429708.3570995604,249075.7821848745,1.7252113125177815
4096,900,116776.82534014291,81712.70133440846,1.4291147328765312
2048,200,41496.588061607305,28207.122588649723,1.4711386434823783
256,800,108269.83655852909,66309.9844020302,1.6327833211677578
4096,600,178929.141627092,102099.99364779654,1.752489253273852
4096,400,50940.126949985395,39602.67353143466,1.2862800010093163
8192,200,25393.50105905857,18521.604467212335,1.3710205886326496
128,500,231509.2682244749,139588.36342387338,1.6585140949140216
512,100,36859.45426646944,31412.154404217683,1.1734137618246379
256,300,62766.69754121523,49018.24004301967,1.2804763591293682
1024,1000,115325.92770653657,78449.91124509684,1.470058103013399
8192,600,52387.535250197136,40414.10394693814,1.2962686323314148
128,500,107974.19404936385,60016.863425201314,1.799064261062751
4096,300,93143.24247832761,67712.37683221081,1.3755718944726119
1024,300,71332.94255265605,38579.81591035187,1.8489705269307868
512,500,59432.47656256295,42173.12039978943,1.409250157426333
128,100,64536.32969803706,38263.20842018929,1.6866418777361325
1024,200,38454.572491695995,28296.10642508681,1.3590057909028386
128,100,118977.16915457892,56140.88864796295,2.1192605250806973
512,100,14567.5456148753,11562.994688362642,1.259841936063201
4096,700,64930.1491305518,48416.797206822775,1.3410665900346255
256,1000,318956.3548077122,230286.8218258944,1.3850395445070467
8192,100,24751.915676867266,16993.45210318805,1.456556062097806
1024,400,122917.4430076621,90271.88376782284,1.361635958808646
1024,500,209346.79138605608,157146.97859822246,1.3321719148116289
128,600,112554.56800895774,70464.61514658864,1.5973204107452899
256,1000,314881.4865479055,250682.8513766229,1.2560950412791951
8192,600,303109.8939501027,245461.16572887934,1.2348588545566448
512,300,118175.51868872657,96308.26769102042,1.2270547640609781
512,300,103928.901277655,86021.37433936076,1.2081753177721586
2048,900,100680.02851105694,61838.395013833375,1.6281151619238277
8192,700,157387.41772186977,138544.32504573776,1.1360076832444153
128,900,179564.44016025853,111793.64895448317,1.6062132494965635
1024,600,267046.37144593784,205600.47092981995,1.2988606992884366
8192,800,108282.71324785186,84438.95974387409,1.2823785794650033
2048,600,79513.03250195603,59023.5001279059,1.347141940577035
8192,900,138276.2995119646,74847.92417603466,1.8474299859906989
8192,500,84546.53335588085,63230.85794922948,1.3371087487657776
512,800,167104.48246932417,97712.06640594934,1.7101724343345763
128,300,62564.41208795816,34573.326878626125,1.8096150337975327
8192,500,264462.72200054955,218293.99277468433,1.2114979374330241
8192,1000,88153.88228666647,73273.08799658463,1.203086763461852
128,100,50494.48916221196,22243.084913093728,2.2701207750408585
2048,600,69654.89139508495,56024.65961979119,1.243289863210142
8192,500,162670.8672482735,89345.2485107232,1.8206997009891328
512,400,31803.167407363995,18622.48092746799,1.7077835939922812
1024,300,46242.100456664484,29329.53314149945,1.5766394996323625
2048,1000,212730.5465865395,171091.6022490781,1.2433722274506653
512,400,68744.06158728985,47841.87650521241,1.4369014472038975
1024,800,112000.3735747063,72772.81273928337,1.53904142713241
8192,1000,198289.94743583965,168886.35476659142,1.1741028321079303
4096,500,102488.85139065572,53211.588474807795,1.9260626177167683
2048,300,46596.836364333336,29974.68158654182,1.5545398282147094
2048,300,49795.395316795664,33552.469856266776,1.4841052098432959
128,100,44423.79589821592,26196.74028421849,1.6957757116437049
1024,400,36229.08978787697,26306.17132496882,1.377208767491364
512,700,283522.5143853877,207273.43878310456,1.3678670844172747
512,200,29595.512763146933,19601.87604951716,1.5098306248026674
1024,500,112909.25132452679,91445.18835732895,1.234720528797266
8192,300,35991.53576704863,32142.928449862742,1.1197341842448807
512,200,26142.72389629002,20111.791952541105,1.2998704420759937
4096,800,90452.9596484692,53379.652943657806,1.6945213140284416
2048,200,19922.175950312805,16400.158121395176,1.214755114118254
256,700,206121.39851095562,161050.59828433712,1.2798549071332561
128,1000,171335.2852935099,112895.88475422046,1.5176397763879055
4096,700,161378.11062212335,110165.95457514942,1.4648637253176042
4096,100,30831.326576504376,26993.155567256945,1.1421905267683183
2048,100,35549.469855414034,29064.68092901786,1.223115778983895
4096,500,77959.281504384,71233.18268605627,1.094423673977498
2048,800,124733.62136329756,107694.49531333591,1.158217242212673
128,400,76495.4274918649,46047.459297618625,1.6612301451303073
2048,400,155824.83889175518,125742.83884189752,1.2392343001551063
2048,600,266317.10801213374,205370.0822348334,1.2967668178055731
512,500,75698.84385377468,60387.99609471948,1.2535412457641402
2048,1000,162800.24964771705,100662.73523155744,1.617284184392793
1024,900,63759.33488461682,43946.90057139253,1.4508266579810023
256,700,109776.70416036852,60526.173152054456,1.8137063429499565
512,600,49949.836848278785,33311.64125909927,1.4994709044735133
256,700,158402.7459988403,98750.94099432156,1.604063155286276
128,600,192373.14671397483,124525.64407083634,1.544847634793549
4096,100,26493.353761523766,23468.375401300626,1.1288959422412979
