P,n,Paper,Min Time,Time opt,mtpa
2600,100,99416.8135229282,135452.46977638023,78037.4722595849,1.2739625034525308
3500,100,78569.1303245937,95176.46553477665,57970.693678548785,1.3553249985288183
3000,100,89747.41448329797,114572.62493940501,67632.47595830692,1.3269869720372818
2600,100,115969.67965364555,175879.7849351336,83036.60298715172,1.3966091516483348
3000,100,108251.60427698895,146953.13892449933,82865.58990685953,1.3063517003699987
3500,100,101956.97255789828,130749.52334590872,82739.16147748545,1.2322698313257896
3000,100,92071.52609471338,170747.38286302867,67828.79602926127,1.3574105908498482
2600,100,104520.11451719962,168629.5818380836,78263.99541837838,1.335481455533455
2600,100,112948.81789479103,174886.2474790149,78291.23055941798,1.442675215189908
3500,100,78808.4705052219,138399.2079186646,58138.96802508109,1.3555189089566229
3000,100,104650.07887141655,157508.89613793342,70274.43572592597,1.4891628483444166
4300,400,215905.34920225886,276060.6854158317,183844.0369507308,1.174394083067923
3500,100,95299.42633355809,138076.6428522666,70156.3045836674,1.3583872026769221
2600,100,103217.67179357246,115591.45133889132,80316.86127689737,1.2851307951106694
4500,500,301660.1976582239,330269.30948288296,226998.1919139626,1.3289101341060896
3500,100,78024.50826328342,97278.0905198309,59663.95409140947,1.3077327751986445
5000,400,195529.02494993806,212118.57076723484,158105.8717776285,1.236696795328033
2600,100,127084.44393365023,142654.0894036384,70952.75677326068,1.7911135481284552
3500,100,104388.72491191523,107853.02420200697,67781.74556486742,1.540071357590146
2600,100,140703.3308674961,177669.3295227886,96621.71431835281,1.4562288804346974
3500,100,121114.41564257446,155400.3160966107,96621.71431835281,1.2534906516305662
4700,400,205773.99754648432,225666.3541500569,168197.73593364735,1.2234052759643597
700,700,2328287.5373255243,2322441.2742036376,2036059.2138887395,1.143526436482487
4300,400,225547.28812844492,284891.7431218165,177042.48350723102,1.273972685314442
3500,100,83965.37165680248,98590.33867735256,56820.58998917194,1.4777279094216271
2600,100,106561.12676039625,120157.08447938247,76489.25575465453,1.3931515702309836
2600,100,102322.86408752471,154897.46018393573,72573.37526420182,1.4099229051290574
3500,100,85950.52332869524,122641.43360531495,54138.05797390288,1.587617408997705
1500,1000,1551666.9210493236,1842229.4255203952,1364616.3845054149,1.1370718823749888
3000,100,91641.01811606166,114397.8242368105,69607.94643997772,1.3165309824946905
2600,100,119005.7677962763,172173.2431169155,101090.2064453163,1.1772235113660712
3500,100,115733.68529404586,146999.61362148132,100482.34120613769,1.151781336947756
4500,500,288518.0839402265,316751.4417363162,221889.45200928938,1.3002785005217272
3100,500,390559.2723163854,594813.717661101,329513.50439123606,1.185260291647012
1800,1000,1299585.5209015775,1629961.0223422188,1137180.320421179,1.1428139386199088
3000,100,111645.59737515777,112218.9746306827,67935.02440692892,1.6434173439962827
3000,1000,779475.1546649217,1135251.153852611,682308.1922527074,1.1424091979482291
1400,700,1168269.9791466151,1365231.669032479,1018029.6069443697,1.147579570552171
3000,100,130142.73998932863,172675.25337927183,96621.71431835281,1.346930562218442
4300,400,233350.0674026247,258136.11537103297,183902.20763561965,1.2688812733829715
3800,600,365645.2997666868,492838.4608340918,320033.938090515,1.1425203900196097
3000,100,96566.47740890765,104217.28142311689,66290.68832070059,1.4567125467416944
5000,400,207884.88183300168,217099.89388642213,152256.53581621867,1.3653593306754939
3000,100,96402.81954116469,136869.70771562905,62896.925228974906,1.5327111649768617
3800,300,209898.64075130102,296438.0057776233,165310.40338144082,1.2697243274337449
4700,400,207843.42110370757,242922.70485760007,161975.0381023603,1.2831818009659037
3000,100,116743.97300360704,195018.59075900452,100775.01706203852,1.1584614560942006
700,700,2272500.2605892047,2318063.5749710123,2020005.0453069168,1.124997319124975
4400,500,304310.71898048604,335321.57397034904,232157.24173018904,1.3107957206614003
4300,400,219600.97792574912,286120.19418921013,181567.31553406644,1.2094741681883083
3800,300,221348.28095325828,325162.1474574186,156957.8601440184,1.4102401800722675
1300,1000,1761970.7264097724,2047033.9406865228,1574557.3667370172,1.1190260600419628
4500,500,283201.9489767485,315940.4908169389,217101.7938902692,1.3044661856635262
1700,900,1205561.885977603,1495428.959039688,1059194.4874390557,1.138187462523939
3800,300,205944.80616674077,259212.0444877853,166337.52301767864,1.2381139410429516
1500,1000,1485513.0518975784,1908172.103654797,1310236.572839959,1.1337746806118416
4300,400,251294.56353188577,290854.88959459,193134.4675785759,1.301137837707025
4400,500,294498.06003303,328057.62406592356,226932.39410040958,1.2977347777978536
3100,500,378099.6454256451,585139.359935909,322097.5916263878,1.1738667262815676
3800,300,207200.93620397564,291285.91932333226,156633.66001894977,1.322837863706359
1400,700,1122619.7936831275,1359097.0097079892,1010002.5226534584,1.1115019700483553
4700,400,229333.97490190424,245277.93724740617,168250.95592194988,1.363047084310714
5000,400,208338.96263403722,230811.96056002082,158155.89856663288,1.3173012484656816
4500,500,305161.0293134217,341943.34742789983,237834.46181356232,1.283081631595662
1800,1000,1224539.824150345,1722420.5136756888,1091863.810699966,1.1215133354088582
3800,600,401901.62432476564,519175.3272383467,321880.04091687506,1.2486068511112063
700,700,2347029.329332698,2300916.810733945,2020993.803983018,1.1613243567135745
3800,300,206252.71738529307,266848.0535978944,159293.19030866065,1.294799338161534
3000,1000,740183.6104202888,1168145.082507301,655118.2864199795,1.1298472745512342
4300,400,233297.82781527686,283226.42107981944,190740.31086703434,1.2231175819877398
4400,500,288375.55312872375,331021.2989472079,222035.9255695935,1.2987788007231162
4500,500,265281.1411662007,313991.59420144046,220654.31873059028,1.202247672705187
3800,300,194946.18283909708,275884.54490753537,144870.0706401176,1.3456622335981132
4300,400,233597.59932246062,263492.53686862235,177770.07170679214,1.314043455569667
3100,500,387658.91329288826,528147.6516651433,315147.7653245843,1.2300861879620868
3800,300,191821.58197494075,276969.7892197136,157545.5804435075,1.2175624440555088
1500,1000,1483489.9263491423,2003935.9802402626,1315742.600153349,1.1274925096871093
2600,700,642198.8334279045,925450.9139466924,548169.7883546606,1.1715327022225603
4700,400,222135.3390249153,245545.15322030408,166114.77804180546,1.3372400796816004
5000,400,200841.95727622634,226624.55333922908,156147.89135929712,1.286229071221256
4400,500,316683.5151694361,358282.91515290627,237834.46181356232,1.3315291348218632
1400,700,1166690.4029627866,1400144.9589993036,1010496.901991509,1.154570984496289
4500,500,268231.09246577305,307555.2385549893,218920.1498364505,1.2252462492199163
700,700,2216838.113845258,2218568.8504209016,1968586.995119855,1.1261062474459191
3800,300,192677.77148494654,259525.22928524765,159626.60431566,1.207052999160016
1800,1000,1234643.670580979,1733627.0307917697,1096452.1667944575,1.126035141314493
4300,400,217837.43540801408,265337.36328153906,180370.74643848935,1.2077204297776842
1700,900,1236434.1592041666,1600371.24159768,1089147.6487348597,1.1352309860287475
1300,1000,1710488.6422763,2112844.965325798,1511811.4301999528,1.13141666222888
3800,300,198486.56617324863,269247.1770097901,159076.7003769365,1.2477412826826897
3800,600,391630.7391254213,565709.6243599708,304762.5027768529,1.2850358412109948
4400,500,284127.49856087175,331777.91459251393,225669.18961083097,1.2590442632016041
4300,400,237625.76797510005,266343.9529083121,185876.5973753281,1.278406057193302
3000,1000,741551.5650348474,1199225.8958775233,657871.3000766746,1.127198534042175
4500,500,273121.9743792776,324267.22639183135,229560.15869623993,1.1897620908194257
3100,500,396845.9639544018,667656.7533595561,336379.24306550383,1.1797575865200551
3800,300,207584.2723398535,257160.72149487238,162826.12210496387,1.2748831063239154
5000,400,223675.11955085016,231336.60174428887,176977.28425804104,1.2638634415065468
4300,400,246768.24445275663,282005.3442709134,194166.37016743244,1.2709113542163086
4700,400,230069.7905236793,257772.9311970593,176977.28425804104,1.299996163282893
1500,1000,1472257.9507106794,1822535.81291578,1288360.9693238873,1.1427371565620297
700,700,2351085.3162280503,2351114.2289605145,2056818.451102874,1.1430689543685244
2600,700,612094.1079602531,942282.4002044592,543847.512198016,1.1254884765150648
4400,500,281016.8617396056,321829.07166921283,223895.60778727892,1.2551244953701683
1400,700,1133672.3789943897,1335163.2882143022,984293.4975599275,1.1517625401415064
4500,500,279990.3618961559,323132.05414949864,227462.7459727743,1.2309284348904712
1800,1000,1201271.5103647548,1651481.8820588167,1073634.1411032395,1.1188834858868761
3100,500,367093.67207434634,581882.3532502998,320304.65622182464,1.146076602208737
2300,700,707306.6934207191,996859.4766303742,619670.1955313554,1.141424419830644
600,1000,3893316.7815570473,3770490.539275503,3411540.961263537,1.1412194154383168
5000,400,209851.85421360948,231412.28206777474,164036.66734564953,1.2792984496046884
4400,500,280244.3779956156,321836.6217458893,234777.43503024537,1.1936597652986238
4500,500,281725.5406266267,317545.91072504484,218154.9276757294,1.2914012240208945
4700,400,222408.19345675904,249570.6641248237,174507.09292090376,1.2744937167543482
3800,600,422234.8731910468,634101.591667025,329922.1855316371,1.2798013947157174
3000,1000,739798.1216235848,1190951.8071184175,644180.4846619436,1.1484329923652064
1500,1000,1504726.6063764992,1942927.4160488835,1345047.1341998018,1.1187166368498263
700,700,2345409.711592625,2308286.5416297563,2047746.1058961095,1.1453615781953865
2300,700,684458.0731944072,1003969.5605907917,614784.1442238443,1.1133307187980996
1700,900,1210667.9969399327,1568542.588235568,1069278.5930880045,1.1322287800072806
4700,400,224799.35725298722,246981.11062420666,171534.09013886217,1.3105229232918376
4500,500,330937.40224553604,354092.96460476913,288145.1780149138,1.1485092498351903
4400,500,290334.2544809339,330012.86141447385,232632.35383579193,1.2480390181920782
1300,1000,1704167.2733994108,2153245.6593318544,1518164.5386384798,1.1225181658687284
5000,400,221769.49861200518,233865.30660226423,171534.09013886217,1.2928596201051108
3100,500,361247.28363630257,563491.9811206349,317787.3142787185,1.1367580372307344
600,1000,3709683.7302694805,3694268.569437744,3275591.432099898,1.132523334233811
1800,1000,1290873.5725456823,1675750.032537554,1120872.6118331682,1.151668404525007
1400,700,1165377.1083017597,1402038.3360232194,1028409.225551437,1.1331842221435537
2600,700,624947.585241873,931081.0422303412,544113.7164569664,1.1485606158052069
4400,500,287298.175311907,352673.5747701416,223112.99421381418,1.287680156524558
2300,700,699320.0199991544,1006812.8750640812,615085.0707774403,1.1369484535126901
700,700,2374574.4056395865,2396305.06055645,2070081.303256664,1.1470923397568453
3800,600,385473.46440040006,526718.6333900605,330062.37177301315,1.1678806715522654
4700,400,205665.79191529093,229233.38219933008,165020.04461393706,1.2463079403259418
5000,400,211051.42755270094,220423.44480301844,162289.93398920793,1.3004591373284777
1500,1000,1519058.0544877138,1863041.3932175278,1343462.4150484968,1.1307037974954277
4200,800,480744.8480639287,555798.2644066957,388964.77092268085,1.235959870924897
600,1000,3694989.5716414987,3707654.916055251,3289356.500383373,1.1233168466874446
3000,1000,793034.7776786559,1178578.6053413665,672523.5670999009,1.1791925465131745
4400,500,344182.5163132878,376889.70471329393,288145.1780149138,1.1944760578137232
3100,500,382086.9732462761,578072.3474308943,333232.4884300257,1.1466078083995377
2300,700,670166.7448909669,950130.9075008167,599135.172427782,1.1185568394780676
1800,1000,1253388.6238035904,1588409.4736162475,1119552.012540414,1.119544790919971
1400,700,1160845.5278071512,1396807.9546034448,1023873.0529480547,1.133778767264857
700,700,2112143.976620255,2130427.13042289,1877495.4050787939,1.1249795716712359
4700,400,214514.7322751616,250217.0800750344,170057.31249232145,1.261426098832695
5000,400,215339.82725095956,231632.06754312027,167923.72650942532,1.2823668919643278
1700,900,1194276.6999824026,1623581.2137207792,1067157.3305228471,1.1191196141596798
2600,700,601867.5215373047,863687.1255084198,530004.1909938072,1.1355901175210468
600,1000,3620961.719464657,3636269.75937869,3220902.4233097183,1.1242072076632013
1300,800,1433506.5852853938,1614781.080285163,1256655.4137501998,1.1407316354189907
4200,800,461675.7692799354,540738.1864804163,391105.87501837703,1.18043680437744
1500,1000,1512433.1200884813,1863926.8874229488,1339714.0408837413,1.1289223475562038
1300,1000,1664896.029494283,2020139.5282963752,1486570.34921987,1.1199577809203551
3800,600,375365.2688522191,506609.2715476726,323694.72471905686,1.1596273902146799
2300,700,706172.3197252699,1052752.834078921,625988.2242487008,1.1280920189398205
3100,500,382606.24878120335,566859.5021668641,330187.8570572531,1.158753238811145
3000,1000,763516.864678502,1091811.6919233268,671731.2075242484,1.1366404539883466
1800,1000,1278101.59287882,1636298.2333918582,1116428.3674031177,1.1448128963721733
600,1000,3807487.132720108,3810926.222418579,3362617.8354995046,1.1322985004492845
4700,400,226276.95706116434,254421.148234367,184114.18593069012,1.2290033813382877
1300,800,1435798.333961189,1632056.2977115542,1263572.8269824488,1.136300419968696
1400,700,1182061.6673277356,1467708.3749708652,1035040.651628332,1.1420437114891182
700,700,2195865.1549888435,2166182.3129529003,1936310.1044236987,1.1340462201649233
5000,400,217663.763361005,238124.08685769624,184114.18593069012,1.1822215776623788
2300,700,702780.6836335983,997412.6118830779,623227.0757075116,1.1276478686934042
4200,800,466328.38595424645,579669.4468204633,389807.9646946378,1.1963028675403082
3100,500,372650.0771773407,592307.0612990232,316676.5079163814,1.176753146702436
1500,1000,1531831.0741285593,1841043.0804305635,1356490.9992859592,1.1292600355880704
1300,800,1424108.4767237362,1634371.329369664,1259379.5782442144,1.1308016275039026
600,1000,3797853.1200318136,3706820.5565457814,3358656.037621242,1.1307657222088248
1300,400,721232.206393171,818904.6255451461,608099.5068370326,1.186043070721413
700,700,2202496.674445471,2175259.058942662,1965668.6223614863,1.1204821857508553
2600,700,622512.0930647629,896077.8664127905,553758.813758466,1.1241574447179545
3800,600,359034.5831837872,498368.21977369534,319144.7913760268,1.1249896375741282
2300,700,704666.2418467697,1097691.2947848856,630024.7444694195,1.1184739139733475
1400,700,1077933.013706691,1286905.3316407716,938747.7025393969,1.1482670059173359
1800,1000,1271988.777354668,1631194.1827053477,1130409.1660716326,1.125246340468955
1300,400,687296.4857090791,763391.7072632593,585602.0608316103,1.173657901294017
1700,900,1168474.9256858448,1510271.2015981262,1048340.4598688817,1.1145948958528116
3000,1000,760697.5696316168,1165453.9668575583,669857.0204418707,1.135611849122404
4200,800,439262.25489815325,536137.7484945114,370323.5215448281,1.1861581275360065
3100,500,402547.08160457795,696700.6936650467,324723.2058046546,1.2396621935505905
1300,800,1374846.0154917953,1628465.2560838158,1196429.8388371367,1.1491238105763637
600,1000,3776613.7777759084,3733047.6454202468,3349285.1022093534,1.1275880262581015
2300,700,637923.579878116,967893.0017405386,571411.6450239808,1.1163993338836207
1500,1000,1537080.9300182285,1863489.4399110656,1374270.2114800527,1.118470674237225
1300,1000,1743960.3833709757,2114279.2695758096,1551977.462538233,1.12370213193609
1300,400,694079.9818258955,799904.9702210911,608291.9175639726,1.1410310769958583
100,600,12956119.355473034,12161289.647439556,12161289.647439567,1.0653573536257983
2700,600,514484.0610426559,767640.6456100448,450418.13509035436,1.142236559679041
1400,700,1109846.9860344855,1273536.166879569,968155.0522118494,1.146352522252429
3800,600,382915.1152361613,586398.9174456066,314333.112534269,1.2181825584614965
1300,800,1398802.5889531658,1607986.3218350152,1208238.343810785,1.1577207395532083
1300,400,697578.2857037229,776274.900183052,600568.8129203736,1.161529321363897
1800,1000,1269067.3209548038,1703605.3409826325,1145225.1762333773,1.108137811926857
100,600,13281160.985653175,12231441.554841254,12231441.554841252,1.0858213993915085
2600,700,624811.4826318934,930538.6855803793,551316.2592797218,1.1333086447480996
4200,800,419508.04174782196,535536.4933133875,373978.53498905257,1.1217436363295614
600,1000,3847850.3382526557,3751736.241339656,3391227.4982148977,1.1346482476560829
2300,700,663843.0269459451,890093.7051905232,589311.7709115605,1.126471690730185
3000,1000,760093.4777964868,1069858.2184995902,678245.4996429796,1.120676035737194
1300,800,1401984.9156051425,1713701.6050758583,1236262.3363370053,1.134051304805715
1500,1000,1438462.2155615094,1721121.3980174782,1275217.80931263,1.1280129598698685
100,600,12520314.911264423,11580975.105520392,11580975.10552041,1.0811105970943888
3700,1000,626711.9421962397,862822.1220948142,553222.8585832763,1.132838118441379
1300,400,765714.5652940754,865637.8749089829,638829.3927599048,1.1986213752407266
700,400,1310002.9662360365,1253949.410189006,1129327.6555544892,1.159984845667166
1700,900,1165597.8177826484,1499041.2883966148,1038958.2347167504,1.121890927694917
2300,700,689886.8954276941,936174.8263174335,598246.972023061,1.1531807559254985
600,1000,3883297.1334262807,3835566.650298048,3435675.528700132,1.1302863442682272
100,600,13604818.53917222,12537043.05020221,12537043.05020221,1.085169643646776
700,400,1270928.3351241916,1227893.8160029992,1087546.684401562,1.1686195667301749
1800,1000,1206763.3337062593,1482655.0011147254,1062681.507760525,1.1355832626177618
4200,800,438009.6579437231,577294.6448899064,382652.627913835,1.1446665356296815
1400,700,1103821.7645325672,1297342.0946420166,982834.3111807432,1.1231005592453054
1300,800,1392715.7560945747,1698655.6043464388,1231220.3169363819,1.1311669706361234
700,400,1294613.4067600255,1292654.885323659,1129684.9897616636,1.1459950503840526
3700,300,212669.6839080049,301285.4851256263,169778.25212147977,1.2526320730162508
2700,600,516289.92494019173,838860.7369510207,453016.3538830093,1.139671714971956
700,400,1297390.7174876742,1256308.2886613412,1115342.0811378367,1.1632222431382822
1300,400,747984.5675123433,826600.4831182793,630910.259021729,1.185564122339913
2800,500,406772.82904291095,624589.8214438087,364818.52271886845,1.115000483011036
3700,300,219733.62392823285,304460.5535315689,161199.96447223512,1.3631121113930487
3800,600,394240.44249015645,533382.8660881531,319112.3188001814,1.2354284659785197
700,400,1374352.3923793924,1393599.6026123348,1186397.4436969662,1.15842494408681
700,400,1349914.2348280086,1325452.8927498595,1171690.481040354,1.1521082202779427
600,1000,3596959.8688447764,3459283.929525677,3188044.523281575,1.1282652555750035
100,600,13542816.209420068,12542370.127374504,12542370.127374498,1.0797653132450649
1300,800,1411948.2447515128,1757867.0330205264,1261041.2824102384,1.1196685346040731
2600,700,632565.3282510359,979857.00557533,557329.581646025,1.13499327701718
3700,300,211860.69087475483,298823.9375042529,170833.13174788616,1.2401616051119213
3000,1000,763893.7651643931,1159244.7707953902,687135.1057400263,1.11170824890645
1300,1000,1752485.7786847686,2009570.5276873903,1550148.9404405733,1.1305273531888416
1300,400,700093.9133478916,790742.5445448512,588008.6987224664,1.1906182933499905
2700,100,101636.31053800476,130648.07188054806,75147.1955092299,1.3524963885780854
100,600,13239458.96529687,12300399.539324164,12300399.539324159,1.07634381492817
700,400,1288757.952516956,1235258.6725924988,1092016.1547702947,1.1801638161553076
2700,100,116472.21417372326,135983.97311766248,82989.09935373723,1.4034640101016858
2800,500,423403.9481285354,591780.5504068292,356608.0478720722,1.1873090095836123
2700,100,100996.95412891617,174057.35563737186,75365.32892140141,1.3400983658446712
3700,300,217751.6768095539,287929.93126130506,160867.0021816241,1.353613070775728
3000,500,396024.21088427433,618566.5456095595,340497.2878709439,1.1630759626912988
4200,800,459622.10817841836,537995.4598436145,381092.0028612611,1.2060660017201847
700,400,1287035.3071983324,1280994.6086294276,1107991.728122149,1.161592884253415
2700,100,110278.75372256766,162256.95735751002,75391.55535351361,1.4627467652771822
2700,100,97924.14445539648,122671.19655432389,77342.16271108635,1.266115932407976
700,400,1331388.3279909256,1300856.0599734152,1141813.3838770154,1.166029709224646
3700,300,208784.71648066383,296197.1029392751,163598.41166835418,1.2762025887140707
2700,100,113403.36882746186,136775.3920088113,68324.87689276955,1.6597668958180403
1300,800,1394184.8286208643,1637805.693034681,1227364.575413174,1.1359174417687041
2800,500,418492.13741261396,592062.4052191278,348913.59732364694,1.1994148139329377
2700,100,137125.60662612444,170183.8091490651,96621.71431835281,1.4192007210130624
700,400,1363933.3613958831,1390185.5029648992,1192736.2738856564,1.1435330602904417
1300,400,699487.599295491,848934.9043779768,596610.9305273109,1.1724351055339417
3700,300,196181.8894203475,296492.2561064345,147688.0645080203,1.328353039725114
1200,100,203458.4932605896,214475.27436183929,169081.18989576728,1.2033183193589703
2700,100,103198.90897147084,117790.7927695111,73656.32035633399,1.4010869464048155
1200,100,220651.32767860906,256880.20911561497,165093.24446004868,1.3365254792845567
2700,100,100001.93448600633,130570.0226741593,69885.47247663878,1.4309402361046473
100,600,12992499.886348544,12127502.07228903,12127502.072289018,1.071325307462616
1200,100,217696.50515036844,250433.10846996843,169571.99007315317,1.283799907381251
2700,600,492832.08348888165,787029.0837571464,428925.00390816334,1.148993597944692
2700,100,118050.9180352422,179928.288899723,101002.65383885024,1.1687902599429958
1200,100,216769.06889667467,251870.33874901157,169630.99954540562,1.2778859375797729
3700,300,200227.03325256766,296817.292840129,161803.56910414284,1.237469818256568
1300,400,726430.4589270389,823606.9254496597,614822.5913183929,1.1815285729324292
100,600,12943723.934064446,11944658.27630221,11944658.27630222,1.0836412088694356
3800,600,340796.03567535226,480209.50919007126,306611.50699549855,1.111491342953269
1200,100,224929.68591149297,213082.8703693455,174019.86609994428,1.29255176982098
4800,100,65857.56307770727,62556.67340968942,42511.79157511906,1.5491599068775033
1700,900,1202649.615613241,1542698.945554051,1059568.3485660953,1.1350373170742372
2800,500,434341.49780816387,711738.7099884212,372419.8762510935,1.1662683049583569
1200,100,221544.89696365633,212321.1076844798,153730.97300873147,1.4411207619890185
4200,100,71494.89421308342,76015.07086507541,48308.91139879065,1.479952500334611
4800,100,92016.07712971412,89797.94038877008,82739.16147748545,1.1121224277182582
1200,100,240380.6141356402,260805.9918406951,169725.95749798173,1.4162866875474758
1300,800,1400815.4605988876,1572121.7138374648,1243131.996906896,1.1268437012998882
3700,300,198682.8299441303,261826.49585865551,163940.8368647319,1.2119178707625127
3000,1000,712935.5209144863,992378.6808308645,637608.904656315,1.1181392162312631
4800,100,64443.84404872804,69461.80064537836,54290.25884700422,1.187024070567387
4200,800,440790.28835491906,534992.2299764255,390322.3016984071,1.129298240036275
1200,100,223999.3509515357,198788.1333976597,165726.72080175148,1.3516187967026279
1200,100,207169.23442810652,223224.14154176594,157242.31307243727,1.3175158160683458
3000,500,407702.2182044836,578295.1958525002,332834.17801393406,1.2249409620048552
4800,100,85593.42868173358,87228.69578554765,70156.3045836674,1.2200390141652357
100,600,13167342.752282735,12126268.114406897,12126268.114406893,1.085852846733528
1200,100,223217.8040971572,298468.20939538494,177737.28703910217,1.255886189193657
2600,700,558483.4532877909,895417.1243601979,505479.53213659837,1.1048586891879708
1300,400,751296.530566665,868531.4813752304,642242.6090153535,1.1698017540731316
2800,500,394728.5142758323,639527.9628569088,354623.01224559156,1.113093343199245
4800,100,62023.952619963224,66185.68812552039,43958.40781420668,1.410969043330956
3700,300,204233.5237730288,267400.76462456933,163376.07065739424,1.2500822363472934
4200,100,96297.03597144413,92062.17409702897,82739.16147748545,1.1638628462248555
4800,100,94040.01409530242,92596.18380611435,67742.26274582943,1.388203025460528
3700,1000,610775.6215295442,961141.8125501454,531176.9889891726,1.1498533147903252
4800,100,111996.00415389639,122759.74049380992,96621.71431835281,1.159118371517274
3700,300,212695.7457052695,269076.424859743,167226.82810780074,1.2718996593546448
4800,100,70645.26991342167,70526.14267148181,50459.111537190256,1.4000498177886753
4200,100,69009.53366046777,84158.01643690006,54290.25884700422,1.2711218389093346
100,600,12556010.475298671,11651237.265828967,11651237.265828945,1.0776546892683465
2200,700,741337.0421716027,1023086.1109354994,647837.0226009625,1.1443264529638217
2800,500,403417.1143001732,570615.6438571333,351835.95509429544,1.146605707742557
4800,100,69555.39809809784,65353.48193695721,54138.05797390288,1.2847782262826428
4200,100,90172.55955667731,88336.45022008903,70156.3045836674,1.285309425742897
2700,600,547429.0376165308,916864.8426450132,464334.92778526706,1.1789529601565765
1300,1000,1779200.487443382,2016470.0318724138,1545823.8933273938,1.1509723035873407
4200,100,68032.65227082443,73463.96139387619,49719.961742841224,1.3683166657025818
2900,200,167870.63905609836,213093.292427739,139197.6286374701,1.205987779384554
4800,100,107350.97772112388,105865.47894127716,100419.32952364009,1.0690270312534997
3300,700,516734.7108446226,734317.4887537103,431891.3484006417,1.1964460801499464
4700,300,179560.9325800017,203840.05292786538,142348.1066563424,1.2614212917738254
4200,800,436364.0234437082,542749.7410903187,379898.5590564586,1.1486330048934406
3000,500,390004.4270300952,571612.0784041986,325652.6908354038,1.197608489061179
4200,100,96485.4131277816,93747.54201429442,67742.26274582943,1.4243015986902763
4700,300,197192.79117397795,210273.9839466851,148288.0517849619,1.3297955485984445
2800,500,438212.1450863957,678723.4542475567,368935.96933324274,1.187772896956488
2900,200,201403.03628437434,254156.22660930644,148086.19884723678,1.3600392058961437
2200,700,715643.9195333015,1042595.0904022589,642728.8780522009,1.1134460329557163
3500,1000,657295.8075830953,959159.8925420713,584835.5933594635,1.1238984341007692
4700,300,176518.94652536837,197265.44284726446,143441.4983667211,1.2305988750485708
4200,100,116213.48211139507,114950.38362495121,96621.71431835281,1.2027677518584547
600,800,3053488.540264678,3028364.3150403216,2722753.396458766,1.1214708405969005
5000,600,297551.9205965087,354853.9734098183,243225.79294879135,1.2233567706331012
2800,500,430990.890453145,602555.7970957308,365565.12745624443,1.1789715650728518
4200,100,77124.15087808152,75308.4599638977,50459.111537190256,1.528448451202676
3300,700,491206.7128428131,747180.0315476555,428485.9187014672,1.1463777253904217
2900,200,191523.05601069218,277286.33278681745,140061.75324508178,1.3674186676469968
2600,700,589989.797925582,832131.6909617869,521314.2588833035,1.1317353935213417
4200,100,75050.48106307704,72449.41428814872,54138.05797390288,1.3862795207625462
4200,100,110767.1500219074,103731.0722394176,100419.32952364009,1.103046102252966
2900,200,197646.93361159178,366906.6769941075,154293.44126561526,1.2809807856404196
1700,900,1165569.8329449054,1446745.9310305605,1031156.5285124739,1.1303519889713867
4700,300,187393.73910717262,213427.88487404602,130823.99861272547,1.432411033864734
2700,600,545591.7123388248,784327.8290581397,464532.22693979624,1.1744970116132198
3000,500,414998.4860320694,693707.8056532259,347591.88450102066,1.1939245550217983
2200,700,718552.6816561035,1058324.8930039997,643043.4830855058,1.117424716301117
2800,500,396381.6167258501,641669.7074650681,350606.1337645651,1.1305609872530742
4200,800,434825.2200439176,517663.5156189768,384778.951423563,1.130064985195263
4700,300,172908.91070344247,197725.31830508236,131967.49793690105,1.310238607282811
4300,100,69389.44458690325,77130.15342690206,47185.44834300483,1.4705687245459889
5000,600,328138.93472546013,350263.93185340555,244628.83109682502,1.341374740067255
3300,200,149471.98226686384,189917.3262402062,122325.18880262524,1.2219231683185106
4300,100,97039.85852005942,87704.26732301836,82739.16147748545,1.1728407296763022
2900,200,178959.13040924197,287732.1218769449,122667.42726123251,1.458896908534086
4300,100,68883.10166933636,87066.42226248437,54290.25884700422,1.2687930235045728
4700,300,175873.33949074804,201292.54816617715,144863.04739585196,1.214066269158052
3300,700,489025.72869470983,727475.966397608,428695.65539033717,1.1407293788630555
4300,100,89986.3056354725,91417.87151213062,70156.3045836674,1.282654583497284
2800,500,424799.8724932467,786255.2084023089,359514.9778551533,1.1815915849391851
3300,200,176153.74356071107,248926.82546523982,130136.35656272323,1.3536090006931178
4300,100,66985.314224947,74639.94026354239,48563.68356277515,1.3793293529383823
600,800,3072080.007590152,3036151.0076286537,2737741.125128639,1.122122168306108
2900,200,181494.32175393924,236313.21817558364,133312.76758512002,1.3614174024108783
4700,300,174735.4077892775,189879.22974970625,127377.27780538904,1.3717941755376786
4300,100,92253.25667163933,98283.26197661889,67742.26274582943,1.3618272099616118
2900,200,169426.60401381442,207554.77814013843,136167.13183552006,1.2442547752160145
2200,700,699117.2752499542,1006185.2836910711,626368.5893563175,1.1161435728576303
3500,1000,654846.7385093308,1081558.2396765058,561529.9597885539,1.1661830808741098
3300,200,181214.6361308362,279895.525136976,137340.04259498307,1.3194595888195526
4300,100,113510.92092788074,130458.91450674098,96621.71431835281,1.1747972153948827
5000,600,332206.1777394345,352412.10302343563,277514.5116622374,1.19707677897494
4700,300,179363.74949231677,193955.68454974616,129059.80774457617,1.3897723282472088
4300,100,75931.85261986702,74111.17307087813,50459.111537190256,1.5048194529525634
4300,100,72796.6611089422,73888.91338315127,54138.05797390288,1.3446485491598839
1300,1000,1772186.6302721065,2057530.5841830776,1565181.9222530297,1.1322560049256767
4300,100,111179.71476503625,112018.43679502525,100419.32952364009,1.1071545218678542
4700,300,172227.2223350157,195721.52452784884,128615.20456007632,1.339089129657047
2700,600,519156.8555507006,742599.3003788003,455570.35330830223,1.1395755930574503
3700,1000,610122.2386317431,927730.4535815814,533409.1622243307,1.143816570543177
3000,500,386542.3670368017,593237.2180500906,330981.4780958854,1.1678670639231972
2600,700,602616.9815217063,821371.8459910827,529218.4752511694,1.1386922598189748
3300,700,471700.3267696335,727224.5389783721,417579.05957087834,1.1296072347458526
4700,300,175312.247759343,200126.4783143427,131646.65191465165,1.331687856923246
2100,800,893271.9217752218,1224870.493517444,777929.5418453617,1.1482684147156197
2200,700,743186.1687403504,1095540.4350063181,654442.2344418236,1.1356023948763283
5000,600,388509.60271870706,411594.9134366257,314954.4837664354,1.2335420600229294
2400,100,109181.60667805266,141664.61291027901,84540.59494788364,1.291469580328354
3300,200,186559.02573197355,297902.25441089715,154082.1067420537,1.2107767065016117
2900,200,194108.21979840755,263504.3798780929,149419.2515043904,1.299084407424595
3900,100,78925.8569871466,91100.2330988494,52024.98150638994,1.5170761180847816
2400,100,121744.46594303791,169062.19372778304,83145.65632235991,1.4642312217853988
3900,100,96977.26036144423,90909.32144299382,82739.16147748545,1.17208415736523
3300,200,166027.30862866747,218497.7060637288,112828.85828240226,1.4714968418196117
2400,100,114838.02397864021,195855.22382744774,84785.99503657658,1.354445671470851
2900,200,164831.37621592142,237922.61865912186,138312.80073552427,1.1917290036741055
600,800,3057132.878392405,3032417.491811537,2728655.7528624646,1.1203805665794797
2400,100,119168.57458331028,183196.13773757144,84815.49977270281,1.405032982210449
3900,100,74380.17423586533,124963.58290885903,54290.25884700422,1.3700464100839278
2400,100,112271.53621431893,136898.18242150103,87009.93304997214,1.290330106906741
2200,800,848622.8530747619,1190191.2416203332,742569.1081251181,1.1428200335688816
2400,100,131271.90956255648,150494.4761906829,76865.48650436573,1.7078134222841435
2400,100,145160.57339969213,185533.62413773502,96624.49385290666,1.50231652049503
3300,700,490999.68919879943,740192.2214750241,436294.8229612157,1.1253850913615968
2200,700,746783.0205918878,1045384.5664293373,651555.5791487622,1.146153980551494
5000,600,307518.6594877759,330566.22640225483,250847.40254748997,1.2259192495706908
3500,1000,657354.9587253246,1000635.422071204,563889.6857800067,1.165750988716935
2400,100,114322.44937399529,128802.56234371422,82863.36040087574,1.379650171329367
3300,200,161004.93899621474,222670.18780368715,117153.64424146911,1.374305853127047
2400,100,106455.90670546003,144610.2935890129,78621.15653621864,1.3540363865853167
2100,800,874066.5766495916,1194769.555819517,782211.7500367541,1.117429617502577
1700,900,1187659.7345566286,1528883.9798639533,1047488.8713443828,1.1338160882151862
2400,100,121753.27558184369,184267.61373192415,101287.19980986493,1.2020598437946495
2900,200,188214.6602864238,302377.8598994763,146690.63903063358,1.2830720592001696
3900,100,94638.95417078394,94570.32817400148,70156.3045836674,1.348972907458643
1400,300,512481.32917266013,596273.9662481972,448699.6663210537,1.142147783114172
3000,500,374465.8447531913,577894.1666333955,328380.22475467576,1.1403422512209584
2700,600,505166.08581686957,737160.0297169262,449166.7434181118,1.1246738393243645
3900,100,71566.3611324028,73904.58633846494,53544.57418459824,1.3365754088485853
3300,200,159777.30997639606,185290.44235699516,119662.02494636612,1.3352382265636076
3900,100,99205.01631587854,106403.77195889801,67742.26274582943,1.4644479279958231
4500,200,108053.3145001181,121585.14019975015,89705.13845525852,1.2045387405985772
3900,100,117725.64697396141,137776.46793027403,96621.71431835281,1.218418114442418
1400,300,517512.6927183749,594109.7899395981,426028.47753376426,1.2147373239324364
5000,600,290812.0821771643,323001.7855278699,246007.9907864832,1.1821245368796487
2200,800,834166.5016520922,1160133.3200212629,746656.6704896288,1.117202235808163
2200,700,743790.4229281917,1143185.370226678,658662.2328543931,1.1292440735593496
3300,700,488808.7138415921,748018.5815900739,434370.38609917474,1.1253269778156287
3900,100,80735.68692320134,91682.74246609212,50992.837169769686,1.5832750520315084
3300,200,179300.8586465288,254988.53487416526,131307.82707961582,1.3655001581726989
600,800,2933550.094315798,2887076.455651556,2592264.6508137966,1.1316553243878325
1400,300,522496.4472193318,610276.9006869469,451487.5624765563,1.1572776099374005
2100,800,891128.595368732,1174246.5924089216,779615.9293892756,1.1430353867535923
1400,300,493286.2150314528,593643.9870726276,425148.5057657208,1.1602680200957345
4500,200,154749.5328991437,158868.9259460214,115155.9162563489,1.343826161346807
3900,100,79948.05261763766,92730.07487823543,54138.05797390288,1.4767440061513921
1400,300,502326.9291399744,627858.6161163052,432367.2308377932,1.161806199250163
5000,600,286694.87739006575,317655.948910475,242550.04144578037,1.182003003096388
3500,1000,649926.0171268295,1017160.38242764,552154.7011388089,1.1770723237280587
2200,700,664060.1672640614,974227.5831158463,597384.9016159798,1.1116119029250973
1300,1000,1780432.4003928148,2128235.7177785635,1585696.3978615995,1.122807873432662
3000,500,403293.956060232,586591.5233203998,344340.2380443599,1.171207751817484
3300,200,146399.6191584375,197829.8583666731,121547.61276758194,1.2044631385593436
1400,300,463835.6357359969,543900.9715598746,390318.45619976794,1.1883517890801512
3900,100,111311.07414727905,160399.84305510262,100419.32952364009,1.108462630404985
4500,200,165932.3194815614,169502.1962268921,137320.72161632078,1.2083560115943934
2700,600,509890.3380976585,778064.4914799349,442394.7509741563,1.1525686888799571
3300,200,188877.77589917378,232990.92340709624,128909.95551176889,1.465191537374552
3300,700,496895.94515164517,797345.791677251,439108.1552362621,1.1316026341717347
4500,200,169868.63292623463,189927.8622178914,153927.2635835206,1.1035643002518802
2200,800,849474.0124250592,1171204.9755237522,744178.8416897631,1.1414917555250679
1700,900,1210943.6517650683,1576998.0226783196,1070845.3301229863,1.1308296517723915
1400,300,501712.37982368,558408.8558369398,427623.7183466632,1.1732566700543843
600,800,2981955.614919223,2891731.83145804,2617849.744923368,1.1390858549853529
1400,300,509473.5111862874,591846.8410043285,433272.21171393426,1.175873959631329
2100,800,835997.0220843033,1225256.934542121,740647.0430896562,1.1287387560434843
4500,200,139352.8293609467,140506.3059184691,112828.85828240226,1.2350814453174461
3700,1000,619876.974431758,958927.9279199761,522308.5010772516,1.186802384325113
1200,400,774203.8569182955,813385.2921043447,658774.4657401188,1.1752183746959506
5000,600,332838.28994493384,362968.2065821807,258690.3915727318,1.286627956768758
2200,700,692111.71313834,949483.9984471585,616098.6695893587,1.123378035533895
1400,300,517165.361253508,566987.1874575614,431779.61530882766,1.1977530733673212
3000,500,400450.80561980477,566783.8887583745,341194.11895916145,1.173674408109408
1400,300,516566.51557539834,570954.2743309563,441956.6171420448,1.1688172448142662
1200,600,1141921.8632186898,1267252.483623525,1013440.8039532973,1.1267770734750417
2200,800,800052.2458486438,1157450.115925283,706981.2684037627,1.1316456059083697
3300,700,446205.6216430874,722192.7637627291,398256.60107731994,1.1203973027341194
4500,200,128058.89723921639,144832.73656665385,89579.42667687622,1.4295570086772296
1200,400,728057.6558143554,794413.0066685363,634402.2325675779,1.1476278273292506
2700,600,525182.5031935697,776079.0160334505,449121.04127432936,1.1693562646350852
4500,200,122562.32905683527,128134.2082778815,87752.15162733514,1.3966874519194878
2100,800,842077.2325280587,1135235.3825313614,747957.0699781051,1.1258363164515695
5000,600,314684.84397349256,367943.8324130214,242525.36228813787,1.2975337548393142
3500,1000,669505.446222308,985208.4884930743,576448.7717999151,1.1614309527138567
4700,500,291550.72405885486,330043.67253183806,218726.61253679788,1.332945820709427
2200,700,722017.7754659259,966464.2679725245,625440.0162059275,1.154415702157759
600,800,3021950.4817024386,2984577.8316531028,2678568.395396845,1.1281961240548124
1200,400,761972.2762686103,860127.9332402388,658982.9106943037,1.1562853359365528
400,900,5096797.994038798,4681632.907313276,4501576.5716159865,1.132225102239933
5000,200,96373.2166323932,110636.38923466814,80734.62460973267,1.1937036568666386
1200,600,1178729.525761743,1353802.0842386892,1019286.7962367709,1.1564257774295108
4500,200,148985.49361804855,165967.41040351885,115640.3076979828,1.2883526218829615
2200,800,814906.0370646789,1111378.6889037096,713959.0213427367,1.1413904897960279
3300,700,470821.75987857586,690224.6360522046,410732.4463929058,1.1462979465425256
3000,500,375084.3743017557,609980.5890582253,327232.39151359414,1.146232414727726
1300,1000,1687340.186395931,1849392.3225845667,1471405.164591496,1.1467542910686905
5000,200,141583.81649783385,165383.2199712194,115155.9162563489,1.2294966780747394
1200,400,754438.2291469375,847288.5822175877,650616.2139970714,1.1595748967152752
5000,600,268790.1751939335,319633.0585542616,233024.74531657892,1.153483398635475
4500,200,118645.13778509037,141166.75867818348,89134.91602956009,1.3310736473431322
400,900,5221605.731839856,4914309.07725307,4628877.507123154,1.128050099360932
2100,800,856228.8331771739,1264356.4245249268,765305.25582767,1.1188069422719056
2700,600,487284.4202204118,713009.4517133789,431527.3061418128,1.129208773778676
1200,600,1101776.1851001878,1366448.8346205798,965081.2587933675,1.14164084636534
4500,200,153604.518147279,161305.0390827028,124828.15119872103,1.230527863083923
1200,400,812669.0499390431,935550.1231113153,692065.1754898969,1.1742666423921324
5000,200,166994.2108847438,171673.6323503353,137320.72161632078,1.2160889406868387
100,800,17545804.95018083,16336520.378752602,16336520.378752597,1.0740233870733598
5000,200,165683.65932540424,165297.75759731847,153927.2635835206,1.0763763057186073
4700,500,283828.6114018847,304773.5456573763,212447.34766846854,1.33599508074259
600,800,3024091.9554261025,2968477.7811239394,2667644.0200288277,1.1336190034056428
2200,800,828186.913818296,1237206.4810395325,730518.6532900486,1.133697148030892
3300,700,489084.6965419708,678366.5627798961,416960.01080395165,1.1729774651505636
3000,500,415587.69841123716,742027.9747839794,335547.31266480975,1.2385368105343244
5000,200,137149.04306634777,138172.8809551704,112828.85828240226,1.2155493297917976
3500,1000,655046.2452956414,987640.9135605685,575769.6064493558,1.1376881272618176
2000,200,242708.27645876794,285580.3884424315,201836.56152433166,1.2024990647173166
100,800,17487060.886881106,16426446.750771863,16426446.75077184,1.0645674717241835
400,900,5114497.061200727,4785693.654350361,4544434.020624019,1.1254420326028696
5000,200,119136.45580220527,140518.42780955828,89579.42667687622,1.3299533187675425
2000,200,265896.65875590855,344913.5849065946,214724.98832849332,1.2383126008097909
2100,800,876162.0325067351,1200114.182729033,762184.0057225222,1.1495413521255486
3700,100,74484.62279595177,89111.74361355827,54837.142668897504,1.3582878168121242
1200,400,797251.7441108394,868632.9430726537,683486.1139402064,1.1664490731417927
3700,100,100412.37437240804,114379.94612733292,82739.16147748545,1.2136015470706907
100,1000,21747633.98228399,20469245.767581176,20469245.76758122,1.0624540947535768
3500,400,261849.08096048937,385434.89407483896,225865.53111089783,1.159314038191706
1200,600,1187467.2414126652,1473572.193181362,1044753.5875168508,1.1366003003971619
3700,100,76694.49209434257,125887.9135181857,54996.32110480643,1.39453859010289
2000,200,259384.0948357479,358464.4725782867,203089.54220536858,1.2771907997776324
5000,200,118381.19970393514,118941.9644952397,78976.93646460163,1.4989338027437282
3700,100,92826.71503751949,127604.63910983466,70156.3045836674,1.3231414566144328
2000,200,233997.7501171351,435044.3685123115,205435.18723653464,1.1390344237752903
1200,400,751508.7539354591,820423.4089675976,637009.4236160052,1.1797451121986462
100,800,17616405.362289026,16371934.517174779,16371934.517174788,1.076012449463974
5000,200,139205.47840054662,146403.71384543786,115640.3076979828,1.2037799031468237
3700,1000,655141.0379375069,887984.5945875536,545289.3787296495,1.2014557104775758
3700,100,72707.13368843119,94880.37796154275,56438.87549187383,1.2882456118194576
2000,200,234233.17658376435,333009.98351521813,177867.76952878715,1.316895001293951
2200,800,823574.9142203904,1201595.070309595,727539.2781896803,1.132000620323446
400,900,5095235.18020392,4804007.793361044,4535418.6547221,1.1234321609756932
4700,500,274371.8071737972,300259.60986470396,207863.41968217265,1.319961961528956
5000,200,111120.31729817636,126156.6723034747,81435.57132645712,1.3645181766174352
2000,200,263089.55221420206,298953.7424584356,193303.51299842403,1.3610179563386775
100,800,16828251.382742718,15553587.904882787,15553587.90488278,1.0819530185353425
5000,200,147227.48772936923,157235.51737862255,124828.15119872103,1.179441386542603
600,800,3086031.909139245,3074996.5616170065,2732256.1118888496,1.1294811989663094
3700,100,103371.61603176073,106827.56237305242,67742.26274582943,1.5259545790434175
2000,200,246037.4971629356,273358.4931437803,197442.3411615041,1.2461232768795096
2100,800,874433.8111613384,1281316.5204641062,780644.6033968142,1.120143285890173
2000,200,257998.32616711134,357952.3248186393,216657.9146813661,1.19080960668593
3500,400,263038.8934078341,413727.86230983835,217509.33688031242,1.2093223085525517
100,800,16931308.02977566,15707098.469540237,15707098.469540207,1.0779398921200811
1200,400,751803.2140442157,883847.7182932113,646328.5080712535,1.1631905519496817
3700,100,120202.99389059347,167000.12125834145,96621.71431835281,1.244057764226209
1200,600,1211048.159778173,1306994.3137009463,1045197.5106145416,1.1586787640415608
3100,800,626452.8944249938,924942.5619866598,526984.528346858,1.1887500689824166
3700,100,80045.5924564837,94458.36637523602,53749.206746514,1.4892423033140894
3700,100,78545.63523844362,129074.80494389236,54138.05797390288,1.450839542052032
3500,1000,671366.1159033345,971744.2545688533,574163.1603787463,1.1692950057270624
1200,400,779285.6067225029,850189.1494520355,666057.8072615924,1.1699969555592051
100,1000,21267107.049274344,19653548.59259938,19653548.59259939,1.08210010772724
3700,100,111336.05730566799,151413.26921637103,100431.59248451471,1.1085760421735282
2000,200,239253.35681632272,296930.0777386876,200553.5610665102,1.1929648894989122
400,900,5024793.739200037,4678068.161145848,4455446.954442747,1.1277866823640592
4300,500,308198.93900751387,349485.295846836,237556.24735182134,1.2973724852248172
3500,400,272041.2365456236,419212.70234403753,225936.9979523327,1.204057940979714
2200,800,845634.8318375453,1176897.183500964,745160.7577878681,1.1348354338303468
2000,200,255299.73555299398,367858.06629914825,212701.42659441868,1.200272793843561
4700,500,299086.97803639126,346432.6958363644,237834.46181356232,1.257542644391226
100,800,17190528.146319583,16071410.372381099,16071410.372381069,1.0696340736754337
2100,800,855527.7676881702,1178515.5589645964,759797.1181129172,1.1259950153707032
4800,200,98800.97584139029,118813.12666560807,84098.56730180485,1.1748235316164524
1200,600,1187641.2352337753,1256915.2238573094,1025033.2949436799,1.1586367399890458
4300,500,293572.9220174125,345074.6836191239,232209.8916376284,1.2642567461146024
400,900,4966237.768885397,4651171.347472722,4415572.497546189,1.1247098245233709
1200,400,809047.4734678053,910283.2012113462,695762.8264332996,1.1628207813505052
600,800,2977564.0639960635,2925611.985189722,2659289.91339521,1.1196838859116724
4800,200,143217.10718928772,166870.09946642854,115155.9162563489,1.2436799762026272
100,800,17120716.352582462,16005864.120172972,16005864.120172966,1.0696527362746004
3000,400,298406.0319670046,460735.1970978856,263509.7862960475,1.132428651555855
3500,400,268337.06317327527,414805.99569132854,223068.41622756733,1.202936156141111
4800,200,158768.73946620504,169512.03043477016,137320.72161632078,1.1561892305650041
2200,800,819334.9951724424,1107598.0556775434,725260.885471421,1.1297107173232885
1200,600,1152398.5270760397,1335239.6511436964,1010625.1726907515,1.1402828251426016
4300,500,291763.0154965385,343545.6392156742,227199.55174563057,1.2841707356147967
4800,200,164582.0990735891,165421.72613578825,153927.2635835206,1.0692199370145186
400,900,5121650.645662568,4755695.455266565,4503165.481405905,1.1373445339307338
100,800,17629621.899786636,16393536.67133312,16393536.671333099,1.0754007663651397
3500,1000,661430.1275392929,940055.2507536369,581353.2854082682,1.1377421339844824
2100,800,862506.4096944216,1099570.958218495,769557.902847126,1.120781693623592
4700,500,260666.0099987895,281694.48081282515,211264.77325269283,1.2338356555402072
100,1000,21185274.43862489,19736139.002300244,19736139.002300236,1.0734254778077796
4800,200,136198.0271350893,140717.0176331617,112828.85828240226,1.2071204938916935
4800,200,122834.05948803651,140106.49989392457,89579.42667687622,1.3712306948682955
4300,500,323980.8167843102,370415.6341161623,242505.96593094463,1.335970500934258
100,800,16938881.563359465,15955739.48037124,15955739.480371261,1.061616829743157
4800,200,120080.43478293813,117198.76023982117,82267.6421506267,1.4596314133213963
600,800,3034910.34769335,2934668.673465694,2693452.659964941,1.126773227836443
3000,400,294262.84764074197,433541.5481999621,253760.89302703115,1.1596067626125373
3500,400,285310.9949804284,424622.07395450026,237279.48873939324,1.2024258670490846
3100,800,597514.8591317387,917239.5634089638,529885.3790571559,1.1276303946995447
2200,800,834785.1186772098,1086347.8206965164,734577.9981722566,1.1364145410756705
1200,600,1128308.584450104,1337058.9150494304,995388.1896918517,1.1335362385597536
400,900,4939911.608115988,4552025.357383125,4382415.246178014,1.127212126332432
3700,1000,615749.7540039121,926650.8769534878,544646.9250196608,1.130548481443615
4800,200,145533.5616841414,156681.59565468074,115640.3076979828,1.2585020273746648
3000,800,633477.2049254122,921642.0562647923,544550.6792917532,1.1633025703857673
4800,200,117261.30650017591,142729.2471458344,83563.98377771258,1.4032517503246509
100,800,17292194.20515562,16160715.959789654,16160715.959789645,1.070014116217454
4300,500,280795.7776829091,340453.32622706913,230917.31029945496,1.216001421975561
4800,200,149662.74837223865,143663.51830503353,124828.15119872103,1.1989502923421658
2300,800,814205.4632804629,1157038.5338337482,710283.4947283737,1.146310549693726
3000,400,313206.8905910022,482585.85085845576,263593.1642777215,1.1882208381587913
3500,400,284237.8772357241,410370.1797170876,234338.09620807075,1.2129392609870269
4700,500,259311.77748418905,300124.12860702694,209604.39877958025,1.2371485474256723
700,900,2904304.9740500175,2863790.073529296,2572329.4694948494,1.129056370302503
400,900,5048282.628569092,4703248.932333326,4451827.7032136265,1.1339797865323729
4300,500,274983.44412100106,332082.7246088994,229102.4823869831,1.200263922311061
1200,600,1166165.6512473705,1344526.9656169512,1010522.3428672411,1.1540226294635993
3500,1000,648384.3081949826,1015520.8853481872,588972.9477771654,1.1008728170657764
100,1000,20819500.802025817,19325414.539858293,19325414.53985831,1.077311990337179
2400,600,589103.547575918,845561.2101689262,506720.40197664866,1.1625810708980806
3000,400,311759.5234105962,484451.64124057157,260246.48559882856,1.1979394176764226
1900,800,984016.2002872307,1292694.2344289145,859816.8620396103,1.144448595661408
3500,400,276055.9964426187,379342.14301958267,218403.23095405893,1.2639739587949916
2300,800,798905.4009735738,1159394.611337153,714193.3369900797,1.1186122294846763
400,900,5086808.264163604,4830526.702324361,4551092.653022692,1.1177114271196187
4300,500,288688.6678293229,348227.8741950304,240237.37537978595,1.201680909862345
700,900,3014998.5597913554,3039342.906543814,2645072.8612132305,1.139854634631293
1500,300,491752.84939210117,568635.2180491686,418786.3552329834,1.1742332175997574
3100,800,610609.7693446542,947047.7087025773,528126.9199088641,1.1561799755445599
2400,600,567817.8758971811,883898.5794434118,509643.39811838546,1.1141474175738901
4700,500,272381.2282725378,302095.3457376829,219791.64130491056,1.2392701863246531
1200,600,1114853.9029385012,1214213.9901480312,970936.4388190788,1.1482254227624467
1500,300,463787.42795928824,569382.186000283,397626.5790315133,1.166389402561873
2100,900,949861.7687872823,1264570.079836292,857443.1564982831,1.1077839523105275
1500,300,493972.54331459256,591364.7791182532,421388.3916447859,1.1722500028690688
3000,400,337712.5019331428,516927.62200512737,276826.0701959588,1.219944717251825
3500,400,257727.19378191436,386391.05613438116,221598.34562442978,1.1630375355722042
3000,800,611033.4375464987,908682.0298123127,547548.2250257279,1.1159445134130201
1900,800,964254.6972418742,1293052.543294491,864549.8289879913,1.1153257625076318
4300,500,280314.67447266215,349179.51714427397,238042.40857615919,1.17758291957031
100,1000,21691774.683175888,20175707.01299703,20175707.012997027,1.0751432239376901
700,900,2908622.2730841776,2971045.854225061,2596819.4403565824,1.1200710484071161
1500,300,460135.84303850605,570700.0573767748,396805.27204800607,1.1596011329779867
2400,600,552540.0634745575,896379.2678415974,482540.62939668377,1.1450643320240068
2300,800,809376.8768360999,1129620.8227869272,711823.2398771647,1.1370475582895685
1500,300,470606.96617915446,600143.3169785594,403542.7487819403,1.166188632058541
3500,1000,608991.4107467683,870952.0182697726,546521.9182768414,1.114303727592281
1500,300,432510.4736601046,522598.8128912524,364297.2257864501,1.1872461359715127
3000,400,314591.9669826001,451787.08313713415,273394.44557608257,1.1506889480497977
4700,500,265410.8745349315,320304.0615567698,217783.4801866988,1.2186914926118513
1500,300,466064.7040636566,534096.8422335165,399115.47045688564,1.167744020371175
4300,500,279662.4897651199,338935.17614523653,228301.66849785636,1.2249691016504587
2400,600,622408.0579108432,963444.1184799133,522376.7937584254,1.191492549722026
1900,800,976732.8317692294,1339945.1620798279,861680.7640618309,1.1335205246605027
1500,300,473234.43433195987,569270.8843660416,404387.397599672,1.170250203495322
700,900,2941469.996904922,3043809.6850589407,2591667.802698343,1.1349718485688554
3500,400,274887.12802778184,404447.634661061,228362.6767754031,1.2037305391114153
3700,1000,615785.6292859123,868275.5815911986,543127.313871787,1.133777686296361
4700,700,380550.49089688837,432100.4118887821,303242.86164300377,1.2549363531099238
1500,300,488355.685972995,530737.7274208248,402994.3076215725,1.211817826547516
3000,400,306939.0032528303,461395.55504571355,254803.76944640206,1.2046093506375497
3100,800,562623.4666602514,887421.2632751081,501728.6420929929,1.121370038420035
1500,700,1079786.8808102023,1322426.768163674,950160.9664814118,1.1364252152020249
2300,800,758375.1530315584,1141565.7006867256,676242.9523862078,1.1214536881390584
1500,300,503517.34180837584,565973.8717593998,412492.8426659085,1.2206692813242122
4300,500,342458.12207384687,366449.28765743045,288145.1780149138,1.1884915945257357
2400,600,588145.5745992546,822015.1271232099,522598.7553072708,1.1254247520230785
2100,900,1005634.2065399535,1376449.1923719817,881690.9537377435,1.1405744861924447
3500,400,282333.7933536563,436416.9852714225,238547.25477713128,1.183554988370894
1500,700,1050346.0251135007,1341967.5608259714,942669.0211432279,1.1142256736512746
1900,800,912080.372233605,1216511.6582124457,818609.8897306726,1.1141819609993775
700,900,2933453.7315713717,2879773.066401173,2545969.6882529985,1.1521950732980872
4700,500,266694.32021389884,315835.1484655477,208871.73926399625,1.276832955734714
1900,500,610797.1282640599,846209.1538472824,537627.2966383325,1.1360976871584507
100,1000,21529270.79960394,20151936.225727458,20151936.225727454,1.068347505591948
2400,600,585788.7834314684,805716.7912659316,512516.64747183997,1.1429653774586013
3000,800,625890.9183269402,954572.7097016932,545731.150572493,1.146885087410452
3000,400,295173.6386115783,462362.1930047394,258531.4032285014,1.1417322419075369
2300,800,788357.4482371438,1110558.517841528,682917.3247626177,1.154396615302119
1500,700,1075437.501382549,1309889.3517095984,943130.4418587418,1.140285005818552
1900,500,599164.641841787,801650.080460006,525527.6494956854,1.1401201105532055
700,900,2857719.9723944487,2877038.4581630356,2523184.284312108,1.132584722472439
1900,800,939053.3806042302,1241365.5859107042,826689.3931336951,1.1359204417085864
2400,600,572709.5459126488,810987.1713566204,505312.58634537575,1.1333767679422255
4700,500,332706.8431205094,351896.5975198385,288145.1780149138,1.1546500462460947
1900,500,595822.4278846523,811245.8356152326,514188.4592137955,1.1587627400188576
1500,700,1048597.640863956,1240209.7788163058,918673.9310559323,1.1414252711608874
4700,700,365374.3717033619,399685.5626198582,300851.815258477,1.2144662361084653
4000,1000,581031.1727622692,773820.580508149,511731.1441895306,1.1354227300011113
3000,400,305139.3796039086,470973.58657275676,266423.12290463696,1.1453186805903843
100,1000,21569083.616199072,20095710.61325609,20095710.613256123,1.073317785635858
3100,800,566771.0744212626,883828.939333973,506680.5957916196,1.1185963684592257
2300,800,782850.6036076328,1154873.8329233127,698756.9727122204,1.1203474658277879
700,900,2954350.700497185,2885891.0688069887,2573237.4179462316,1.1481065368834602
2400,600,555437.2440211687,811438.2739184051,497694.09484592587,1.116021366886257
2100,900,955387.6609982505,1416379.678417572,865606.4801188608,1.1037205507831473
1900,500,606549.2447281929,913740.118637414,548829.291317401,1.1051692289823707
3400,800,578526.353710519,858432.7098646049,480485.8934927234,1.2040444090983087
2100,500,560109.4573112343,790274.4092765632,486424.69695849135,1.1514823585510314
1500,700,1093282.4186936654,1385911.3418612217,959848.6105146745,1.1390154725623276
1900,800,964849.3149743134,1314179.2594948546,845863.70380953,1.1406675929335968
3000,400,330178.74792114255,475435.63841714116,278305.13057331985,1.1863911644063512
1900,500,585121.8218314328,863290.2977888196,522602.33383560856,1.1196310922244954
2400,600,582649.5715040716,849299.2606395221,505261.17143362056,1.1531651439806276
3000,800,578100.9083932409,916359.6700206582,518452.9301627593,1.1150499394646225
3700,1000,631082.6860131077,895025.9990083493,549928.7834943078,1.147571658284804
700,900,2848929.429943347,2787738.57428285,2504237.283530294,1.1376435646414187
2300,800,780482.1892065085,1152626.1761424514,695907.1356596942,1.1215320970471732
1500,700,1094024.1878981097,1360308.3714037477,955614.8494181845,1.14483799468394
600,500,1953033.238017606,1902735.2826178502,1702486.4393547198,1.1471652242691865
1900,500,592762.4431259739,796864.3294544732,518495.0917179091,1.1432363634571694
2100,500,555992.0294431302,748867.4664313969,475477.39716276294,1.1693343001387844
1900,800,977665.905726232,1329182.3448112453,842413.901061735,1.1605529116910729
4000,1000,574606.9994432161,809368.445033084,491338.7148149847,1.169472264483751
2400,600,541070.176740255,757109.8766821421,485468.2194095394,1.114532641082752
300,200,1591585.2885246947,1358888.6619952226,1345577.0768288777,1.1828272909312523
100,1000,21875423.190193042,20347364.989289414,20347364.989289388,1.0750985791874283
300,200,1674897.852617767,1477274.3043509843,1431499.9221899556,1.1700299990624192
1900,500,619131.9902986393,804797.4302392415,543695.1127016209,1.1387484931070513
300,200,1666842.0209214988,1430685.0305517658,1353930.2813691243,1.2311136281226764
1500,700,1095459.5076597203,1388190.7108889944,966037.9415197765,1.1339715145518374
4700,700,357818.80980729195,417699.604946667,300999.07718896016,1.1887704545441569
300,200,1654608.2476275351,1473668.607423739,1369567.9149102308,1.2081242774557752
600,500,1884049.4510649834,1840591.045273275,1664170.8900696703,1.1321249892708483
300,200,1451431.1955634882,1227918.2762731728,1185785.1301919143,1.2240254651604379
700,900,2881930.8388484432,2910128.319125287,2543901.544693501,1.1328782927389862
300,200,1613794.9013604133,1316313.9425837954,1288690.0866561602,1.2522754059106807
1900,500,622422.7409036771,802363.2826820977,538727.5562513076,1.1553571627832735
300,200,1585069.0494889247,1329833.6415248178,1316282.2744100273,1.2042014697792467
2300,800,784974.4779734411,1173058.8902701647,712762.4639710042,1.1013128744183904
300,200,1726339.6540170629,1508738.4064206078,1444386.097875774,1.195206500918246
300,200,1579216.8796551768,1356248.5855308257,1337023.7404434013,1.181143484506458
3100,800,591314.0402421125,872327.1253292005,518432.59265745385,1.1405803736433173
300,200,1650540.2440565291,1482731.7102346998,1418009.510629458,1.1639839025648355
600,500,1894026.2398602166,1770025.8446292628,1628263.454177019,1.1632185412019356
2100,500,541989.4038596549,733867.997016748,465218.1297648626,1.1650221029296413
1500,700,1009575.5907469424,1237535.9142887613,876164.5223701039,1.1522671427233206
1900,800,980782.1053355432,1364225.4753190668,862817.7195438473,1.1367199387769424
2600,200,186482.274844851,209112.26995085066,155258.89348025512,1.2011052678831997
3400,800,542803.8245236572,805940.1888007956,483130.7867874069,1.1235132170587763
1900,500,581472.4668876196,809857.8481018106,516682.723442517,1.1253956064437884
2100,900,962593.7055057175,1432723.9586622447,863889.2675661144,1.114255890940385
2600,200,217530.00373283442,287532.52654257655,165173.06794499487,1.3169822807025369
700,900,2977492.091088176,2981869.4838871895,2600624.373155824,1.144914322046066
2600,200,214670.89595135712,306271.3949657973,156222.72477336045,1.3741336048439186
4000,1000,561620.474659805,804307.999210731,493403.4750575059,1.1382580444824562
2600,200,203678.91837209204,362249.3453467329,158027.06710502662,1.2888862781761599
1900,500,621830.2901358383,942067.0590220821,529811.5463128575,1.1736820280029214
2300,800,792481.9827769075,1076746.6540146605,693727.8034944027,1.1423529211097874
1500,700,1038643.0453195465,1223218.3988634178,903611.3820643927,1.149435549325043
2600,200,187991.95282319098,300005.66320806794,136821.3611759901,1.3739956334843164
600,500,1949794.3414061249,2012497.0358214872,1737959.422505103,1.1218871488930864
100,1000,21710022.69495427,20614053.17220081,20614053.17220079,1.0531661344616814
3000,800,584618.764064837,893878.6540028023,523569.9489846736,1.116601067724669
1900,800,954469.3824770555,1239992.8346533193,839775.7621248032,1.1365764833007972
2100,500,574506.6324387531,877235.5710955934,496559.83500145806,1.1569736252169212
600,500,1872291.1092359244,1836716.7144598772,1654907.390479427,1.1313570294066553
4700,700,349412.525407768,391446.9794755869,293193.8077838082,1.1917459241342971
2600,200,200625.66968775736,233904.7288712666,148695.00999878772,1.3492427868923982
2600,200,199601.4249717411,236877.15673572922,151878.72397038777,1.314215841125041
1600,900,1267292.7517149518,1513962.9329360835,1125394.1429039966,1.1260879219122255
2400,700,681823.4665708465,936967.4494087718,593850.6040508824,1.1481397205288124
1500,700,1060978.4802805795,1213704.0779342793,917312.0237686936,1.15661678119256
2600,200,212589.61520066028,308698.99615133496,166659.9343702816,1.2755892170720111
2300,800,784294.2065732534,1065418.4627376962,702639.8243386802,1.1162108656614016
2600,200,182506.41248928875,266892.4455487194,154271.97005116168,1.183017319534868
1900,800,952625.1645481783,1196769.0613466853,850563.9978836656,1.1199923426320144
3600,100,84330.36685219246,89804.87795098875,56360.396631922435,1.4962699322883735
3700,1000,611666.4703395747,920307.6655019901,557136.5722216431,1.0978752802037168
300,300,2400247.324205201,2153042.621558445,2093931.776164917,1.1462872628072476
3600,100,100823.67722278922,116721.55746533116,82739.16147748545,1.218572625373111
3100,800,615093.1227677275,925976.8881177859,516318.19742493436,1.1913063026548734
2600,200,207129.08428851626,316754.86598268244,163616.48199570668,1.2659426590895124
600,500,1832210.204679799,1832748.495120719,1641901.1237733788,1.1159077597005698
300,300,2330679.065585109,2060911.0062749714,1988132.8951575665,1.172295409055336
4000,1000,565520.2248461143,744150.7094785918,483135.36349645775,1.1705212815585182
2100,500,540719.4301297992,783147.2084166285,472830.68299412203,1.1435794028970008
3600,100,75314.28883014599,119349.56796151363,56523.996691051056,1.3324303524005732
600,500,1973060.696332872,1929742.1460071898,1721701.1902217993,1.1459948494771564
1500,200,323185.7495389545,336071.366872862,269115.4153657755,1.2009187548758136
300,300,2452368.3780142325,2164665.185660558,2106941.9582239296,1.1639468132674542
3600,100,94303.12911210998,133577.97600021624,70156.3045836674,1.3441860952018279
2400,700,664429.1654570876,1009846.6283254811,589168.1382145174,1.1277411698987148
300,300,2272820.7773009297,2056614.60442219,1984026.3602400303,1.145559768180681
3600,100,78882.35068158417,96184.82999639816,58006.622033314765,1.3598852668283272
1600,900,1346147.7584240169,1708261.8471440338,1157219.3767807884,1.1632606448129126
1500,200,342631.74792221567,423835.2299947904,286299.9844379911,1.1967578293614098
100,1000,20429992.69174803,19128267.139689453,19128267.139689453,1.0680524556956659
300,300,2318884.9743101285,2093232.0058985106,2017713.7439097015,1.1492636065494855
3400,800,567161.9439173606,861576.3501169125,481527.48579925846,1.1778391901678524
3600,100,102517.7290692246,101523.64044374782,67756.1990911905,1.5130383705740322
300,300,2081722.4401396362,1885224.0330828978,1821486.1289322504,1.142870322795121
1500,200,339341.32878076367,407005.46285801096,270786.05627382477,1.2531713539843954
1500,900,1352452.0259884745,1605000.8060621037,1200420.4190975963,1.1266486344885456
2100,900,963943.212760791,1286332.2956639056,848656.5627509995,1.1358460596075273
3600,100,121042.9803637721,150173.4946987125,96621.71431835281,1.2527513221816289
300,300,2292248.3976688175,2041184.6896542546,1995577.3522844282,1.1486642675337924
1500,200,315172.6145450313,486995.0288102332,273913.5829820462,1.150627913788742
3600,100,82346.43484586479,87763.01323226542,55242.2402672505,1.490642567127796
300,300,2303400.4427477065,2070685.076111613,2021936.98799836,1.1392048597063278
1500,200,293298.08099313354,376282.6137566139,237157.02603838284,1.236725244419554
3600,100,81717.73188859837,115549.41606334921,54138.05797390288,1.5094322727274443
300,300,2337483.4638351644,2049192.2546931051,2014971.5381078625,1.1600578070845375
3600,100,112723.41478798752,141964.86319077245,100449.69451400051,1.1221877312158108
1500,200,353207.6483687073,347817.2638060701,257738.01733123203,1.3704134610253575
300,300,2489950.5248320512,2100780.8722710875,2062464.2133295424,1.207269686785205
600,500,1947114.944444007,1877397.896741752,1705970.5947958075,1.1413531689138303
2400,700,665712.9032614442,1026454.1334205634,589456.5261617136,1.1293672624108162
1200,200,389139.5520691105,385883.3381863843,336394.2692072194,1.156796020889999
1500,200,329920.3762815148,333030.443999763,263256.45488200546,1.2532280601795267
2100,500,535224.981141275,706062.3060196182,469114.6067923939,1.1409258492309924
200,600,6775682.810595365,6124762.532992428,6080644.823719784,1.1143033357522103
3000,800,622221.507085763,913835.3592559994,535713.679079369,1.1614814618044829
1200,200,432978.3195715813,483378.05162740604,357874.9805474889,1.2098591494415085
1500,200,344192.86316962546,439582.67528018693,288877.21957515477,1.191484962628144
600,500,1832519.040971308,1814687.0296528044,1636161.9575679705,1.1200107865209183
4700,700,370808.6456165652,413202.8073346941,306334.66293021524,1.2104691061391164
500,500,2336258.367853971,2220920.488763009,2042983.7272256636,1.1435521177775456
1200,200,400434.38975736266,477328.7881815618,338482.57034228096,1.1830280931524322
200,600,6795664.110013976,6177834.807100559,6115720.777420626,1.1111795906549093
1600,900,1281919.3525127298,1665244.5485832607,1136108.5051560048,1.1283423605183758
1500,200,320539.35126779054,355837.94989025884,267404.74808868027,1.1987047857560444
1200,200,389691.43747447425,561937.7333032648,342391.9787275577,1.138144178852253
500,500,2262179.7843695283,2150692.255681221,1997005.0680836043,1.1327862009586158
1500,900,1396068.742609673,1709871.9827000862,1234367.335232841,1.1309994219397663
1500,200,337183.9721757009,429898.95198121155,283601.9021258916,1.1889340996945221
1200,200,370378.59741754364,431936.9463065472,296446.28254797857,1.2493953178771924
4000,1000,612843.0517384803,800508.5303636407,504392.67532492575,1.2150117987809632
500,500,2222990.6925799265,2084667.7726344573,1953916.1450124227,1.1377103865252074
1200,200,405619.95482127555,414581.99246937805,322172.52166404005,1.2590147437969712
1000,300,736148.2524058323,772198.4501984882,628179.5328494752,1.1718755768221258
2100,500,562039.6985816946,782275.5607913181,491914.62577765697,1.1425553726791076
2400,700,648697.6123606757,974544.3342234587,574171.2069099577,1.12979822839219
3100,800,594255.1436599913,944276.920198385,528823.7635913902,1.1237300298765667
1200,200,401523.95084001485,389768.7219943175,329070.5686025068,1.2201758198711061
600,500,1892243.9475817957,1965488.3930588653,1677736.5633240486,1.1278552240840183
1000,300,727311.2811969676,767718.6950626404,596439.86854727,1.2194209668921983
500,500,2351960.5997613086,2325718.8904780657,2085551.3070061237,1.127740464528597
1200,200,427939.90530661464,486828.3031351287,361096.5244689435,1.185112224317241
1000,300,741230.5037974828,795820.5674745811,632082.5874671788,1.1726798340825542
1200,200,401396.4886432656,421240.4603227721,334255.9351108503,1.2008657034321597
1000,300,692702.1195849865,764207.8460838838,595207.9080720091,1.163798582295016
1200,200,421217.2668171532,508009.64645901887,354502.3776573645,1.188193065447562
500,500,2269355.023003397,2160956.7789259353,1985888.8685753127,1.1427401900044107
200,600,6422447.53937084,5869102.956302022,5790487.552760205,1.1091376124812484
1000,300,722294.3643623814,774700.6049194976,605314.1231729104,1.1932554300505807
3400,800,520930.8687352313,847921.7940958292,457458.46779067,1.1387500842450375
200,600,6900718.2365370225,6376944.850307251,6268521.525101105,1.1008526027875003
500,500,2263216.2054196843,2124835.0284602707,1970281.3485280545,1.1486766634168637
1600,900,1284665.739538444,1687609.3398624815,1133854.663680525,1.1330074132855632
2900,300,256897.64695471185,386241.7227059286,216613.6320170604,1.1859717440797017
1500,900,1379444.1813515027,1714861.9385534755,1211849.0721664052,1.138297014895997
1000,300,649118.05055541,687941.3331766914,546445.8386796751,1.1878909209443556
2600,500,454874.39378061664,679669.2530690702,392881.4860049353,1.1577903515028514
2400,700,671872.6612794941,1034298.8831566611,599905.3815716716,1.1199643842488591
500,500,2320535.5996766137,2233809.168585556,2066041.4282661593,1.1231796071117646
1000,300,707144.1753448095,747275.5495846703,598673.2056853285,1.1811856094934288
2100,500,548977.5103912668,787492.5318196096,487420.16994165926,1.1262921484290966
2900,300,259664.14289497555,363937.6946347501,205668.92018871376,1.2625346729915141
2100,900,933190.388386499,1299976.934929533,841061.4281040361,1.109538919755415
1000,300,696882.038481134,734946.7073895507,606581.096399508,1.1488687046425063
500,500,2354466.4956342992,2215262.216506088,2047164.713754969,1.1501109216149337
1000,300,747161.0503387395,743218.8527324077,604491.4614323587,1.2360158877485572
3700,1000,569144.905905288,798285.7726056848,516980.19296457974,1.1009027302217789
2900,300,254209.2570048198,370960.78243384144,217959.51291971683,1.1663141176978828
4000,1000,580121.1733349356,748431.9659798684,503798.40564318636,1.1514946590478188
500,500,2233361.2440014775,2139256.495762639,1963394.3490815647,1.1375000875632537
1000,300,737612.407416374,757596.3192806859,618739.2639988627,1.1921215451064857
4700,700,355408.52244363335,417911.80660316965,304983.46258027165,1.165337029872857
3000,800,595909.5434109016,922866.1539464887,533528.8040057655,1.1169210339475166
200,600,6942730.64746093,6303811.040007991,6271185.063687249,1.1070843193038915
1600,900,1250853.5345289782,1575412.0374956343,1113861.7386106867,1.122988151194744
2900,300,255622.4456525692,385318.3548832744,205244.10623172726,1.245455717807376
2400,700,678180.8779879431,974836.6045349415,597259.2808863652,1.1354882204282968
2100,500,530806.8333890423,802130.2434136546,467474.84501942014,1.135476783498353
200,600,6791239.012574222,6194555.121200031,6150199.769662079,1.1042306375273017
2600,500,439130.4794382067,645705.2511276766,384039.4361699239,1.1434515262747833
1500,900,1347661.6085346243,1743034.5646518252,1209444.9745925602,1.1142810436569277
3100,800,590271.0108342774,839164.9971327218,514701.2735603633,1.1468225185284129
500,500,2300148.7471960685,2325717.3611589707,2013283.8759888585,1.1424860520806146
2900,300,254612.47890628196,397281.6958762718,208729.00799065878,1.2198231638109285
4400,300,184639.23685588472,223990.28675503377,142768.075647608,1.293280980487729
4000,600,355748.7577482788,479427.65962893947,304032.2411859892,1.1701020798338702
2900,300,234109.47571833507,341428.51576475287,188429.59954471554,1.242424100480983
4400,300,202871.60759690774,214091.69887628927,148288.0517849619,1.368091394788162
2900,300,249916.78795183843,357981.854169511,206439.03644321673,1.2106081885369617
4900,500,286142.4969819822,310693.13067450625,218726.61253679788,1.3082198533744607
2400,700,685104.3591886493,1054965.2937453813,603773.7134498603,1.1347038533262397
1600,900,1247885.1483938938,1561572.8999543372,1103893.1243865474,1.1304401855817023
1500,900,1335964.4315880176,1603012.7037603757,1188119.1878513992,1.124436374101476
2900,300,241621.89131136157,346187.35923046747,209165.89531017517,1.1551686805970778
200,600,6782130.755114225,6095028.813532957,6063751.036144509,1.1184711764529305
4400,300,186329.18700317838,211311.67039043776,143655.13351526792,1.2970590221432983
3400,800,524623.212069047,827474.7351468493,461973.4843982414,1.1356132544109367
2100,500,565449.4949776189,860657.077282276,479353.30380687106,1.1796090492899483
2600,500,446552.86663451587,630034.0040801115,375753.1048100813,1.1884209629091933
200,600,6600212.400711916,6064231.262766745,5972329.13815111,1.105132059542717
4700,700,379974.5979097244,434158.95687740477,308309.98133609886,1.232443387862625
2100,900,966391.0564638156,1345082.636778833,857745.8059820773,1.1266636918817048
4000,600,363269.2784622891,456964.7163599018,305786.0388710313,1.1879851670255683
2900,300,247802.29746740736,379992.7661101776,208445.33152839958,1.188811932847945
4400,300,197085.8309042704,216091.52703133508,135274.52456182026,1.4569323495511712
4000,1000,590972.5701472943,755955.0168855677,502392.765331403,1.1763158447503912
2900,300,254940.35335338608,340504.18640800007,213358.36689615957,1.1948926918692824
2400,700,608805.7988892172,911826.1875934326,547602.8264813148,1.1117652602364547
4400,300,191923.96346629492,218795.86731187842,137571.39163020693,1.3950862980450773
3000,800,609124.3017267451,987461.2648050322,546451.22237777,1.1146910772314975
4900,500,279190.97232559347,294832.51853381377,204121.41780085766,1.3677691216018018
4000,600,360773.78025625146,467693.78305330675,289524.37763801025,1.246091203785692
1600,900,1268076.0870187425,1563674.4007614732,1125791.3703514764,1.1263863984166482
200,600,6760961.489335586,6123144.025288041,6063134.0572034465,1.1150935185579594
1500,900,1332295.4449174814,1655707.138980748,1177485.9993456504,1.1314745531223822
4400,300,176406.20776590265,209380.70834630824,144863.04739585196,1.2177446970576011
2600,500,453518.615472216,755982.0014444366,401067.5590396392,1.13077860637288
200,600,6361418.278381985,5854585.811677905,5825618.632914472,1.0919730039382032
3100,800,581375.0053509915,797590.7581054894,521313.4180577305,1.115212049436659
4400,300,180978.89324651044,211530.68233276837,136062.09220121102,1.3301198762905664
2400,700,638020.1134705988,871202.7998268998,564757.1137902455,1.1297247929975853
4400,300,179855.91164259505,206848.61339286857,137859.34009079728,1.3046334874672827
4000,600,424239.23901266395,532852.8404184508,314954.4837664354,1.3469858690034466
2800,1000,825707.66821218,1162126.2109092884,731044.4916993293,1.129490308165518
4000,1000,577882.5197556403,728005.1888169273,508684.12473223463,1.136034115591539
4400,300,178857.4130714942,194997.14317872596,137384.4230528088,1.3018754899363207
1500,900,1362035.428384899,1639794.1857200016,1200844.1283749081,1.1342316593812467
1600,900,1235677.235913229,1485021.7497662937,1095603.8115445036,1.1278504354336445
4900,500,268482.83266744186,290629.2665385835,199379.1984706554,1.3465940014146318
3400,800,534917.4686381199,847273.8352906444,472688.5403641491,1.1316489040035347
4700,700,328034.75696929876,378195.3596351491,279626.9752245012,1.17311556478388
2600,500,436569.42018967343,684163.8429330307,381901.70549525245,1.1431460344580748
2400,700,656906.8325874619,912896.2418079369,573320.0148554335,1.1457943479491213
4400,300,179001.90793509592,194189.66551617673,140622.55999974153,1.2729245430848717
1600,400,560256.6729396463,713347.6644879968,494080.84930508904,1.133937236643824
4000,600,355654.3343684216,481348.7377726565,313559.2531843625,1.1342492073079042
2100,900,942664.67872314,1217872.5292056198,834745.7611767646,1.1292835765877254
1600,700,1010558.9888420752,1270166.5073248588,890775.9060763236,1.134470501445611
3700,900,535238.483257317,782406.389756851,486656.9266611877,1.099827114204319
1400,600,993861.9514940269,1142821.707196339,868663.5462456835,1.1441276151041957
3000,800,591213.783047478,868262.4896696544,531857.982679042,1.1116008451531603
1600,400,551441.0439201423,682884.1617126105,475801.6744256834,1.1589724743734025
1500,900,1341248.1075200017,1580436.2404364198,1168644.0656474705,1.1476959896911831
1600,900,1262287.3926827766,1613709.3193095494,1112956.9258034066,1.1341745250127926
1600,400,570036.1163533955,715017.4008106972,494237.18302072777,1.1533655012951318
2600,500,438084.53548677935,636527.0846124507,378900.25933231815,1.1562001468638559
4900,500,293421.980448217,323969.0839619393,237834.46181356232,1.2337235664284412
2800,1000,803537.4201107865,1267033.9578975958,701912.4497356924,1.1447829717415061
1400,600,991191.0180274432,1228379.3167920327,873674.3967743751,1.1345084870140891
4000,600,361258.3282896864,478680.07049501815,307509.988483104,1.174785671423924
4000,1000,576738.6446395518,763718.6034684812,515351.3293050198,1.119117409510355
1600,400,557346.1465896674,705660.608375087,487962.16049780353,1.1421913248787172
1600,400,594670.3643265696,744106.5136050921,519048.8816174227,1.145692410459494
1400,600,939153.3038729238,1234091.1863377716,827212.5075371722,1.1353229010874468
4700,700,339429.5461578621,389547.14131820394,288386.6112971466,1.1769948148117115
1600,400,594491.318824347,719727.797800535,512614.58545515477,1.1597237684848416
1500,900,1340995.7134132676,1667612.7457864766,1187154.0541903004,1.1295886230434475
1600,900,1276901.2080068514,1651368.9563382848,1137773.163255673,1.1222810040211104
4000,600,347194.4658032938,434849.2555702939,303187.55180722545,1.1451474961084454
2600,500,445828.7202023696,674552.569395547,397315.6592819537,1.1221020611372097
1400,600,1029372.7037740141,1335291.056270425,895503.0750144436,1.1494909760722054
1600,400,561401.6993526367,663536.6558938086,477757.0677120039,1.1750777482815902
3400,800,550078.7009035635,846030.8612110051,470760.7094168519,1.1684889794328113
1600,700,998872.3602651288,1232699.5840138458,883752.2073217762,1.1302629311583003
5000,1000,491435.86161805544,549378.2998941668,409384.9153516244,1.2004249379729997
4900,500,250610.4140606272,294416.65965831,205105.55517118043,1.2218606846190418
1600,400,566323.7948154712,694265.2787002531,484746.3810534401,1.168288855679023
1400,600,1012752.5776619227,1174670.5863730276,895883.58052675,1.1304510984189013
4000,600,380724.4290538269,474629.4273191722,298616.4569075555,1.2749613098908679
4000,1000,536584.5853899528,682938.0279168943,478206.67849223624,1.1220767285847604
2800,1000,783546.022596976,1303571.7879971366,704862.1072250084,1.111630224643144
1600,400,576457.5157939343,714049.7843105423,499543.35544619424,1.1539689388502425
3000,800,598300.0268054499,866825.9579081113,538690.5319929882,1.110656288299564
1500,900,1370407.4948372885,1700177.9744027492,1213624.7074727179,1.1291855599174963
1400,600,1007845.0108161042,1162299.5700882599,878599.9670945829,1.1471034015046895
2100,900,943104.2077142845,1310968.8765211685,847967.1815645003,1.1121942313548696
1600,400,608998.4452707398,739849.7408052302,521822.1198249747,1.167061383819845
4000,600,380242.65720148274,486207.05326169723,303156.7028601723,1.2542775852027441
2600,500,455025.54355219996,679285.0378841396,393685.5218759556,1.155809696490621
1400,600,986062.8580824094,1167145.3014011716,866250.1480206442,1.1383119071731573
3700,900,601114.4868289224,887139.5753726246,500419.1899592599,1.2012218933447782
1600,700,1021631.1879843062,1262275.9735053116,884184.7892425704,1.1554498566521125
4900,500,251424.77864804375,276880.6796506332,201049.11719674026,1.2505639524992664
4700,700,358006.9074998581,402819.04196993966,292759.1565219235,1.2228717685660107
1400,600,968551.7611921591,1231148.494986003,853189.87687873,1.1352124391530096
2600,500,428382.54783780983,664177.3919737459,377575.8363618394,1.1345602832149493
3400,800,533189.474365101,863616.7757665147,482162.8432745029,1.1058286257482264
4000,600,330607.1446508225,413200.1586907047,291280.93164572364,1.1350112854381083
2800,1000,771725.7166574739,1217771.711732395,690193.3764235111,1.118129705411623
1400,600,993529.2889936874,1169508.4405301234,866162.0081719209,1.1470478728229856
1400,600,953755.6679923972,1047024.0265651846,832231.2332734962,1.146022439269549
1600,700,980172.0005197321,1206298.382278777,861256.8103649366,1.1380716979229553
2800,1000,824857.9762327998,1222644.9240400426,720560.9647498939,1.144744187633183
4900,500,270775.8927539616,308100.01525600435,210820.55390471013,1.2843903866999182
2600,500,451129.8201111316,755069.9825297208,387169.97615170357,1.1651983570502038
2100,900,970047.8152620802,1353422.513674016,866874.7910519412,1.1190172159521905
5000,1000,494169.97490693093,543937.304136435,393070.97185198776,1.2572029233769324
3700,900,552877.2203834598,814246.7666491969,491290.1643917859,1.125357803708361
1600,700,1013797.8956571056,1308104.233398714,899858.0723575073,1.1266197712724755
4900,500,258400.62170600364,287854.1386469898,208894.35854642538,1.2369918627964087
3400,800,526601.9018902243,797819.2599040511,469286.4553050371,1.1221331788660553
2800,1000,807221.1194161965,1211705.237847569,719712.0080616948,1.1215890667020805
4900,500,264968.30413000856,298371.6211739181,208283.00259983508,1.2721551966440605
1600,700,1024804.8370652585,1230430.0591901906,895888.9213295479,1.143897209426803
2800,1000,795064.574459583,1201889.9763474665,717703.9504734329,1.107789045796835
3700,900,554058.0351905868,819720.6609480168,490315.53024022706,1.1300030307404898
3400,800,523102.4421230604,723276.6787384762,475315.17528793076,1.1005380625732843
5000,1000,480816.6723602316,525016.937420534,394722.78004600474,1.2181122972030969
4900,500,327935.16478759947,338320.0158490765,288145.1780149138,1.138090066426953
1600,700,1040297.6566321551,1340215.8722389303,905660.5701747905,1.1486617513130553
2800,1000,822994.6859160617,1166026.4783245958,726691.6067603353,1.13252262481062
1600,700,938301.8942747207,1159113.2777278125,821404.2397219724,1.1423144036757293
3700,900,549601.7938956664,788730.7098378737,481669.9410208375,1.1410340299227641
1600,700,972619.5943478988,1168433.1049984861,847135.6706853681,1.1481273047574647
5000,1000,479114.8986796918,561649.2802953908,386508.2907971662,1.239597985573676
2800,1000,818893.471214229,1261409.488661691,736216.1847214568,1.1123002838141254
1600,700,974684.2458961111,1190405.602725661,859980.0222831502,1.1333801026080048
3700,900,549937.7390480908,755360.4376921613,477359.18892391236,1.152041799567719
2800,1000,759633.2908926395,1107078.1927756493,683152.3978460518,1.111952901413694
5000,1000,511852.5758135859,565799.2240541982,403514.1402599406,1.2684873335141478
3700,900,544976.6969027711,770581.2666181119,486828.7006925303,1.1194424160439254
5000,1000,470565.7385172159,550774.5857110351,403038.7245145491,1.1675447293160268
3700,900,524402.0852546372,731292.3437904853,473774.621208434,1.1068598058652237
5000,1000,487833.848330353,541470.1063101952,401914.2122651224,1.213776058281198
3700,900,555395.707466084,785498.9284025376,481278.6706176894,1.154000252604734
3700,900,547521.7480219913,811733.578865749,492010.01654299366,1.112826425504585
5000,1000,476124.3222641059,538894.6776679339,406947.2997857877,1.1699901252932068
5000,1000,479824.2204465669,536090.2821442573,412281.06344401586,1.1638279392177875
5000,1000,440192.1649457912,510080.25151935965,382565.342793789,1.1506326258703061
