P,n,Paper,Min Time,Time opt,mtpa
1000,100,244610.19369110282,237969.65931294547,202897.42787492074,1.20558548352765
2600,200,185493.02947583894,228345.7057355351,155258.89348025512,1.1947336820317402
1000,100,250140.50427009686,278309.8914461142,198111.89335205845,1.2626223496111866
1000,100,258621.47029339627,305410.1199223357,203486.38808778382,1.2709521886143422
1000,100,268140.2119905394,294390.1281293991,203557.19945448675,1.317272062639537
4600,300,189611.09605639207,216427.22243242874,142348.1066563424,1.3320240114900317
4100,200,116647.92903605156,145029.40765341432,98456.85928016178,1.1847618326329765
1000,100,266898.0756006731,245900.7816292562,208823.83931993315,1.2781015638342232
2900,300,260815.8065301346,390178.4144438579,216613.6320170604,1.2040599850594484
3400,400,263802.4943409271,412001.796661818,232508.63496710072,1.1345922459105846
1000,100,259439.85946152342,240383.7885338185,184477.16761047777,1.4063521400617383
1000,100,272818.98813272157,305989.90902191267,203671.14899757807,1.3395072865031352
400,700,3990001.645601945,3733301.4355424,3563103.6243052944,1.1198107229844834
1000,100,268056.9738471876,232609.68979550296,198872.06496210178,1.3478865113522611
4600,300,197347.29059035113,218787.6288190545,148288.0517849619,1.3308374357532993
1000,100,231340.22019028704,227230.086467242,188690.77568692472,1.2260282430240586
2600,200,204402.01664539886,290951.0006918246,165173.06794499487,1.2375020891024913
4900,300,176490.5287803139,196228.62147162933,142348.1066563424,1.2398516069230083
1000,100,264397.2217384473,311255.1810974345,213284.7444469226,1.2396443187911381
3400,400,281232.5695968732,405154.502647693,223906.67031796864,1.256025866480424
2200,100,113888.700205004,151046.13062669136,92226.10357950944,1.234885740421842
1900,800,982574.6592088506,1282549.448116073,859816.8620396103,1.142772028078213
4600,300,184384.1988139415,198427.2164720736,143441.4983667211,1.2854313494589042
2200,100,128539.59426594138,175351.42724608415,90050.86061457201,1.4274110584695638
3000,800,635572.8011015926,941238.5763569963,544550.6792917532,1.1671508736858496
400,700,3972283.740604802,3713604.456466157,3535008.829287105,1.1236983929700344
2200,100,126012.58984038825,193617.46468489157,92493.81276717446,1.362389397413936
2200,100,126281.34527159962,188513.4635759293,92525.99975203944,1.3648201112122127
1900,500,618517.9084355845,843389.0293672748,537627.2966383325,1.1504585282463213
5000,400,191366.19784386724,214689.5112969947,158105.8717776285,1.2103674309643506
4100,200,158658.7579334911,181690.58105605005,115155.9162563489,1.3777733970723696
300,800,6103299.279271448,5625116.877883201,5445506.792917532,1.1207954578643526
2900,300,250852.81068601678,384585.8459460419,205668.92018871376,1.2196923602061218
3400,400,274008.2615202433,372094.9467360546,232582.20377446013,1.1781136177811562
2600,200,215927.88681429563,333383.3123335398,156222.72477336045,1.3821797509136537
4900,300,193817.12221756866,200117.75093417193,148288.0517849619,1.3070312805689173
4100,200,167801.31276882664,195832.02939878436,137320.72161632078,1.2219664359008378
2200,100,120945.60322312017,143482.3521039049,94919.92696360598,1.2741855908664248
4600,300,194452.61040217034,212579.96949731236,130823.99861272547,1.486368039993968
4800,600,309358.40998604463,333935.5107561098,253360.20098832433,1.2210221209932688
2600,200,196417.1294930173,360331.80404608406,158027.06710502662,1.242933461281517
2900,300,255272.54956624753,399124.0353359094,217959.51291971683,1.1711925125299514
4100,200,170130.54908092177,176014.40656867277,153927.2635835206,1.1052658581733918
2200,100,139104.5201948941,151644.41029760384,83853.25800476263,1.6589041798112767
400,700,3993679.791055979,3752261.0190692493,3536739.1569702816,1.12919828514499
1900,500,595885.9096806688,784756.0246712118,525527.6494956854,1.1338811768562542
2200,100,150554.96932150642,181056.96527631173,96748.51380656994,1.5561476181692273
2200,100,123389.47419980339,142083.445037572,90396.39316459172,1.3649822728561594
4600,300,174519.65671506478,199195.8460857342,131967.49793690105,1.32244423394698
3400,400,278531.9061429915,446257.23448179546,229629.25199896639,1.212963521495272
2200,100,111785.97658258758,154880.2639514178,85768.5344031476,1.3033448380631905
5000,400,214454.00007968332,223256.08416830414,152256.53581621867,1.4085043964125135
4900,300,177065.79860105988,189351.8125978947,143441.4983667211,1.2344112451222118
2600,200,192944.3070020105,299559.7736035136,136821.3611759901,1.410191400989139
400,700,3910799.2022919864,3615167.001202402,3445027.2414597464,1.1352012417280277
2200,100,124896.91241617005,200310.06557252526,101520.01014978602,1.2302689118321892
1900,800,958037.7230789999,1285835.6301977285,864549.8289879913,1.1081347667380166
4700,700,367661.5601448587,415051.04083406687,303242.86164300377,1.2124326955392362
4600,300,175343.87650997465,202805.71899740552,144863.04739585196,1.210411348249709
3000,800,611019.0162974424,934204.1418888409,547548.2250257279,1.115918175551993
3400,400,292118.66594546405,462748.44821210025,244258.29723172833,1.1959416292349345
4100,200,142767.26356220155,164701.04538364883,112828.85828240226,1.265343509945529
400,700,4099246.8873334043,3812818.307327638,3599432.289430029,1.1388592860521682
4600,300,183787.90042731652,193250.0305090927,130146.34906202793,1.4121633203842157
300,800,6095857.007170175,5655302.065455697,5475482.250257278,1.1133004781238671
2900,300,259912.4854586547,394576.1413884117,205244.10623172726,1.2663578517826235
2600,200,211070.40410200757,251467.8995059188,148695.00999878772,1.4194854561947194
4100,200,137766.64833666032,167413.6121955216,94294.39658459708,1.4610268831092388
3000,900,671428.7668608172,970902.1463724775,600210.2095487982,1.118656024471088
4900,300,184519.35103498457,198681.97501086938,130823.99861272547,1.410439621106613
2600,200,187983.70696470383,221268.25485490364,151878.72397038777,1.2377224541427907
1900,500,591877.4590019116,781763.13663596,514188.4592137955,1.1510905163194525
3400,400,284394.19600210735,404865.20956654963,241230.39315536697,1.1789318596307234
5000,400,219038.37006833366,227768.80898828988,158155.89856663288,1.3849522657926685
2900,300,252026.71758081543,378290.6477271396,208729.00799065878,1.207435037453416
400,700,4047676.9965855614,3740832.726309515,3583555.6853181915,1.1295141898223802
4800,600,330245.0142682953,358607.6976824175,254821.69905919273,1.295984664914986
4100,200,130044.97190253537,150117.01770282123,96313.33715195321,1.3502280758620573
1900,800,977462.8602291914,1352834.8870675825,861680.7640618309,1.1343677391863565
2600,200,210409.5428373617,299909.4701354624,166659.9343702816,1.2625082545027175
4600,300,179975.75181762152,196934.63183024153,131865.45573902348,1.3648438160621361
3400,400,282538.94212339795,433651.33470420557,224826.85539388418,1.2566956986895779
4600,300,181856.21359616512,195964.6457922989,131411.18726790408,1.3838716275001781
3000,800,617791.9746541658,936595.173812581,545731.150572493,1.1320445497862424
4000,800,495252.58372550126,628527.069682934,408413.0094688149,1.212626856254238
400,700,4109294.3740911973,3805790.839799809,3622642.280699162,1.1343362263463983
4900,300,172403.4728849025,191721.7519557619,131967.49793690105,1.306408589843353
3400,400,263888.06581073004,404021.31155462575,228115.9440251483,1.1568155261503252
4600,300,170494.58785203865,200629.6505566031,134508.53565192668,1.267537312971978
300,800,6126798.036939498,5619408.462541119,5457311.505724929,1.1226769867382962
500,200,941706.0349466375,839423.4962179605,807346.2460973266,1.1664215192661138
400,700,3659032.1210293057,3490801.379348061,3285616.9588878895,1.1136514593191682
500,200,1049744.6259724733,929427.6479310293,858899.9533139733,1.2221966271183813
1900,800,920109.2580134223,1262372.13462997,818609.8897306726,1.1239899121132577
2600,200,198088.05079097406,238825.55000825084,154271.97005116168,1.284018417119335
4100,200,159134.1625039617,188898.87509691803,115640.3076979828,1.3761132746167675
2900,300,239188.37123070727,359786.61764614756,188429.59954471554,1.2693779098858953
1900,500,618624.479362148,889461.3955437816,548829.291317401,1.1271710332318665
2600,200,206455.80246502085,318508.7064842149,163616.48199570668,1.2618276590890047
500,200,957494.5080880681,906010.8297350581,812358.1688214743,1.1786605278766997
4700,700,355361.603300763,391864.35531392874,300851.815258477,1.1811848401029388
5000,400,203393.50810441424,223547.0710563491,156147.89135929712,1.3025696750294546
4100,200,136150.88215958918,149367.40043830784,97831.00539829765,1.3916946023940007
4900,300,172414.07205070328,188396.64745886918,144863.04739585196,1.1901866980581013
3100,100,89664.11468883161,114997.9116437519,65450.783185458306,1.3699471622022235
500,200,960349.0032304344,972519.8199590506,821740.7489461385,1.1686763793350365
3400,400,288640.4241504792,397131.7039392185,235079.22609232672,1.227843178440261
500,200,852597.674490244,808504.3416883507,711471.0781151486,1.198358866180439
3100,100,108290.6730097184,143924.20431395486,82829.73232550794,1.307388904556071
2900,300,248393.29797276645,347302.9648048929,206439.03644321673,1.203228334390573
500,200,980327.4285823522,824631.160468937,773214.0519936961,1.267860337062711
400,700,3786555.1794502684,3579864.0647817077,3388542.6827414725,1.1174583099501605
500,200,948863.8558203786,818822.0153604496,789769.3646460164,1.201444242200595
3000,800,575151.9674195946,933009.272708987,518452.9301627593,1.1093619766774887
4100,200,154781.23931174033,180732.68084257666,124828.15119872103,1.2399545921763695
500,200,1008334.8192280021,956891.6740280767,866631.6587254644,1.163510251530549
500,200,939163.2216869668,845908.7500555839,802214.2442660409,1.1707137194331707
3400,400,283891.72677026864,418612.4820462355,245563.35050587045,1.1560834553912063
300,800,5765635.871075238,5363881.455069946,5184529.301627593,1.1120847304817463
3100,100,91537.64527172036,141961.4901536365,65640.770350898,1.394524238249865
500,200,1046312.7711838303,958050.7044389342,850805.7063776747,1.2297904954569845
4000,800,470541.59074177686,627251.3849827031,410661.16876929585,1.145814667970521
1900,500,591185.9697076499,783019.8001673023,522602.33383560856,1.1312348442240505
1500,100,168728.61073986307,184075.58073858745,135264.95191661385,1.24739341824391
400,700,3858069.8859386467,3580515.100010399,3439920.089132601,1.1215579972706533
4800,600,340691.3666992005,365432.06131216255,277514.5116622374,1.22765243755561
1500,100,170676.9808829369,217305.87114776668,132074.59556803893,1.2922771419353827
1900,800,932507.9207611216,1260683.9861742274,826689.3931336951,1.1280027644074455
5000,400,225950.0357626151,232429.67347401672,176977.28425804104,1.2767177251582724
1500,100,175735.24902350784,231023.5233743142,135657.59205852254,1.2954324660848753
3100,100,100603.23610658335,160209.50822650496,70216.21405692393,1.4327636067792664
4900,300,171175.36806633283,194301.80884302905,122178.20524190378,1.4010303042790513
1500,100,172736.07828845162,222817.2787777345,135704.79963632452,1.2728811269119977
1500,100,174699.55576661855,173391.26652150392,139215.89287995544,1.2548822706417602
1500,100,184944.57468247454,190481.71516315054,122984.77840698518,1.5038005278218254
2900,300,239530.22774539792,369161.694468693,209165.89531017517,1.1451686585434735
3100,100,93320.2422356096,102670.62358645229,67362.52881288166,1.3853435118926842
3900,400,244359.37109970997,343650.07204441034,202699.83561234424,1.2055232820565185
3100,100,108780.14762594698,129085.08532955586,67900.41305549568,1.6020542840739407
1500,100,196116.4118329132,239255.79001721638,135780.76599838538,1.4443607707681168
3000,900,715592.6886853746,1056615.6529603095,617183.6676164205,1.1594485178925946
3100,100,130022.26896400264,160883.7121869474,96621.71431835281,1.345683730425238
4900,300,168667.88401534627,192818.5975241126,123792.0604896955,1.3625097065848277
2900,300,244836.99334078963,354407.48625725205,208445.33152839958,1.1745861207135353
1500,100,176453.08465664877,177379.77467922075,132581.37664140118,1.3309040012000282
1900,500,594381.3597906145,778376.6870352612,518495.0917179091,1.1463587009498477
1500,100,161344.96002574035,201193.16800199027,125793.85045794981,1.2826140501969492
3100,100,91373.20200798608,103046.62456263744,64152.27902003284,1.4243173181650017
3000,800,595980.4870139713,911936.4311086033,523569.9489846736,1.1383015548728856
300,800,5919002.546619286,5380247.586829383,5235699.489846736,1.130508456052078
1500,100,183751.6010651938,260291.11160996516,142189.82963128173,1.2922977792552928
5000,400,214194.6122805577,223269.37966603728,164036.66734564953,1.3057727625569102
2400,800,779200.441288387,1097452.3915234413,680688.3491146915,1.1447242226223222
3900,400,240436.7284767128,338508.09517044877,195200.6869438701,1.2317412005104793
1900,800,955430.5875158489,1336816.4900276067,845863.70380953,1.1295325514179895
4000,800,493089.931310702,650331.3903933405,409298.3629293697,1.2047200183788465
3100,100,89696.63153061278,137251.11985010994,60867.99215707249,1.473625601106518
4700,700,354441.7651045641,402234.2750796485,300999.07718896016,1.1775510025303295
3900,400,252355.66890992573,347354.63981035474,202763.9725213242,1.2445784414851415
3100,100,114846.22913769433,175380.4049004495,100708.92896554476,1.1403778226753492
2900,300,259375.15370669778,362995.86453624745,213358.36689615957,1.2156783794325456
4900,300,163981.6959487574,179955.70310672335,123365.60437395076,1.3292335151351387
4800,600,389206.9771854605,425950.88572839287,314954.4837664354,1.2357562671630018
4100,100,70201.02452730482,88601.40680305974,49487.17753046848,1.4185699817712003
1900,500,618148.4071964247,854457.232636543,543695.1127016209,1.1369394220316702
5000,600,292399.8739440252,335840.1675353149,243225.79294879135,1.202174614785147
4100,100,98941.79022581711,90945.58363615951,82739.16147748545,1.1958278094556305
5000,400,218896.9438054442,236214.45683011427,171534.09013886217,1.2761133581566226
3000,800,613392.1754309301,997495.3320262189,535713.679079369,1.1450000240521256
300,800,5970340.829926028,5513317.488125415,5357136.79079369,1.1144648835897073
4100,100,70982.98212674574,92817.45134041437,54290.25884700422,1.3074717939139582
2200,400,423985.72416217375,571730.9016295883,359331.52676733746,1.1799290977234487
1900,800,965424.510253939,1241733.1088821206,842413.901061735,1.1460215804097815
3900,400,251380.5300236601,364502.1319184846,200189.60430679118,1.2557122079047556
2400,800,764662.4443948254,1124398.9176454907,684435.2812821597,1.1172165803059937
4900,300,162403.26821876178,175826.89728742206,126273.31918344137,1.286124965027911
4000,800,442517.4856773518,588615.6848884298,388839.6976220695,1.1380460595549946
4100,100,89314.1774241313,91063.18483493403,70156.3045836674,1.273074144286156
5000,600,319881.9260996516,351648.39419037383,244628.83109682502,1.307621528768378
3900,400,271073.77323455375,346072.6358123855,212943.13091996827,1.2729866986713607
1900,500,615496.6810632597,825931.005429409,538727.5562513076,1.142500831674815
4100,100,66121.67160414948,75514.99241341853,50932.64373656906,1.2982179355570125
4100,100,93980.85456482573,98957.06715842741,67742.26274582943,1.387329722324808
2200,400,391960.176929882,555504.8450882593,346037.581400497,1.132709850021276
5000,400,199537.71925359473,213249.5409857998,162289.93398920793,1.2295138358172215
3400,1000,682374.8687100401,936592.0643538227,602036.6402229771,1.1334440848273089
4100,100,114041.37978780348,129231.96983536062,96621.71431835281,1.1802872738529118
3000,800,616676.9761830943,914944.2072247538,533528.8040057655,1.1558457042113706
300,800,5967200.351765605,5520720.531255945,5335288.040057655,1.1184401492409621
1900,800,953838.3781040213,1367925.9837575748,862817.7195438473,1.1054923380668338
4800,600,300288.1679047487,356486.3234396515,261299.3776536354,1.1492111868050248
3900,400,258856.38790478936,347054.88026967936,210303.41967390967,1.2308710353172787
4700,700,355507.59909214254,405755.4377154111,293193.8077838082,1.2125344726048326
5000,600,329670.305432083,351457.7183560673,277514.5116622374,1.1879389782445842
2400,800,765193.9143331111,1061091.0873987002,682163.9382156162,1.1217155751954322
4100,100,75071.09471794104,87741.34890237494,50459.111537190256,1.4877609302060508
4000,800,446129.2897861782,621699.0714865205,392677.46173850517,1.1361214565537456
3900,400,263616.1432329488,312368.48532883753,196002.89957415545,1.3449604256145846
1900,500,588986.2806797969,815942.4906494895,516682.723442517,1.139938019904248
1900,800,934892.7204471614,1275629.509039577,839775.7621248032,1.1132647101908406
3000,800,604350.0132574977,970930.7118743543,546451.22237777,1.105954179455932
3900,400,242216.11220361595,318211.1104832138,198870.3101757703,1.2179601469396548
4100,100,72551.60206422053,91112.44842258458,54138.05797390288,1.3401219914314961
3000,900,673352.0376786668,1048433.725193667,605924.5360832026,1.1112803617944353
5000,600,385039.68873995764,398743.0697642419,314954.4837664354,1.22252486815046
2200,400,404467.8989889348,567330.2653140503,359445.2240150747,1.1252560111133147
4100,100,109565.7758405984,110292.11116927797,100419.32952364009,1.09108252724198
5000,400,223892.8629019596,231777.65289994158,167923.72650942532,1.3333009429694427
2700,100,96288.94752184287,122796.9452887039,75147.1955092299,1.2813378712185772
1100,900,1855149.1665269488,2012823.852570475,1636936.9351330858,1.133305215803028
2700,100,112393.32449698505,137377.8675784814,82989.09935373723,1.3543143060019684
300,800,6089322.208903206,5659465.348760403,5464512.223777699,1.1143395713174131
1900,500,589291.7722860598,942083.7651187727,529811.5463128575,1.1122667604870935
2400,800,716639.2917329341,1073564.1727981144,648066.1627034491,1.1058119262752861
3900,400,253866.68831330296,310785.7350962072,204940.86377279766,1.2387314254454673
2200,400,420218.72126716113,572841.8756060026,354881.5712711298,1.1841097292316531
2700,100,101749.04616556116,175097.7343321556,75365.32892140141,1.3500776500514629
4000,800,479361.58072521765,648544.5428546576,401785.25930952677,1.1930790630522554
4800,600,308516.371313758,346588.62237340835,256258.32373591998,1.2039272200644344
1900,800,952109.2744467829,1163354.5471811318,850563.9978836656,1.11938581554801
5000,600,294077.1962919269,324270.8850430327,250847.40254748997,1.1723350264161205
3900,400,260843.16347018338,331509.9637675087,214080.8696717845,1.2184328467559569
2700,100,111148.34715552599,186702.7069956182,75391.55535351361,1.4742811265047862
5000,400,224311.62455951757,233973.5647945208,184114.18593069012,1.2183288507924088
2700,100,102012.79022644811,117359.26060897982,77342.16271108635,1.3189803161765663
3000,800,607513.9412711884,910034.8378637678,531857.982679042,1.14224842167651
2700,100,122445.52150195716,135703.83307329493,68324.87689276955,1.792107458812193
4700,700,370241.6566762888,403151.79818980244,306334.66293021524,1.2086182253577746
2200,400,452034.864584184,623736.415311165,377490.095721762,1.1974747674369899
300,800,5933401.798296665,5462171.647038355,5318579.82679042,1.11559889886569
2700,100,136567.4979776721,188289.72096097344,96621.71431835281,1.413424497186051
2400,800,742160.4673811882,1034090.9006472448,654462.436230842,1.1340000988527525
2700,100,106391.53821935432,110681.0602363758,73656.32035633399,1.4444318926692798
2100,600,649410.8090587959,826323.2856548255,579109.0308304556,1.1213964460673769
500,600,2762630.934414379,2626906.343055802,2432257.9294879134,1.1358297575767478
5000,600,292426.03243830235,331018.8623418211,246007.9907864832,1.188685097193069
4000,800,477015.62420451536,596952.1836161347,400146.60300432413,1.192102146121082
1100,900,1897820.9410401217,2133467.1989508225,1683228.1844084195,1.127488809074999
2700,100,96575.82820049043,136499.9056495946,69885.47247663878,1.3819156511072264
3800,900,531253.0198673662,727514.6207674049,473850.1654332617,1.1211413620202466
2100,600,648202.4768981143,909620.6516219797,582449.5978495834,1.112890247141198
2200,400,430487.07201890356,577863.3600315275,372810.6076037489,1.1547071441606016
3000,700,548785.2675937173,842286.3202618948,475080.4832407059,1.1551416801006913
2700,100,118050.9180352422,198318.85790404576,101002.65383885024,1.1687902599429958
3000,800,598760.5780123287,836161.5867104534,538690.5319929882,1.1115112340978037
3000,900,675387.6377305109,1158835.5983460722,604722.4872962801,1.1168555030096126
4800,600,303209.0539182053,338657.64452637656,252656.29317268787,1.2000851041971283
300,800,6016450.927385328,5522476.919134628,5386905.319929882,1.1168659128138605
2400,800,742706.5700422963,1082348.1825521786,669642.0988492112,1.1091097338692524
500,600,2806220.6498289057,2712808.9636862655,2446288.3109682505,1.1471340631628955
3400,1000,664154.8641442248,1057036.8519793001,578045.5468411584,1.1489663189581294
5000,600,300354.84581142553,319225.6285979685,242550.04144578037,1.2383211481683742
4900,100,64174.033253573885,64797.98356515496,42511.79157511906,1.509558427811194
4900,100,91416.99618866421,88995.56806399781,82739.16147748545,1.1048818305167394
4900,100,64527.17371568796,62590.90894510742,54290.25884700422,1.188558962253845
2200,400,403947.5379290719,559104.1492749623,347459.6856087301,1.1625738313248577
2100,600,621130.2847796764,939498.0940795977,551475.0050247815,1.1263072290135159
4900,100,85920.93064168566,79253.06184737704,70156.3045836674,1.2247071899178725
4900,100,60039.20899564781,63538.81053536093,43958.40781420668,1.3658185539705572
4000,800,467975.4656369217,616532.4813136712,409838.41678332747,1.1418535853956562
4900,100,86557.19046107442,91575.5979090676,67742.26274582943,1.2777428292562214
500,600,2616209.751680663,2547306.020697057,2316195.021104082,1.1295291319785197
5000,600,333557.73016718734,359907.4083880123,258690.3915727318,1.289409042752971
4900,100,109403.56689535035,117717.04617275705,96621.71431835281,1.1322875780788098
2400,800,765393.7356217774,1118779.4257833874,666911.0050072069,1.1476699737673488
4900,100,69209.53230790101,70118.8391913293,50459.111537190256,1.3715963321488724
3900,500,328591.46873815125,425798.9243939956,261920.99066995684,1.2545442344947642
2100,600,682803.1617177473,1007214.2487353629,597002.050009629,1.1437199616094023
4700,700,359634.3077296091,405027.3153929779,304983.46258027165,1.179192814872555
500,800,3686827.8012393806,3510335.5614609383,3267304.075750519,1.1284005760597886
1100,900,1862487.8623103185,2143373.27188825,1652521.462045098,1.1270581986907293
2200,400,408069.7846508421,593211.6053774491,352542.8225843201,1.1575041626418057
4900,100,66157.85202861491,68705.41809957143,54138.05797390288,1.2220211530399954
4800,600,337339.40202680544,363338.5399733356,258690.3915727318,1.3040275673785942
500,600,2854092.5884830267,2851941.345896024,2507408.610040442,1.1382638541856938
3800,900,582579.8651902624,796934.3350090455,487250.2639077004,1.1956481265254282
3000,700,530222.0925271065,789314.3778583069,471334.51057161397,1.1249379806373105
4900,100,107174.12854724479,101957.36810643325,100419.32952364009,1.0672659243558735
900,100,263839.96523018135,258420.08114423082,225441.58652768974,1.1703251795461231
900,100,307074.11886685964,286308.7187573184,220124.3259467316,1.3950031081125
900,100,297068.51208099775,308814.91125229903,226095.98676420422,1.3139044011020455
900,100,308375.900703123,313451.5013971412,226174.66606054085,1.3634413883497416
5000,600,309771.97441076237,348172.3448408794,242525.36228813787,1.27727661753879
2100,600,668775.1935963992,864975.4840761971,597255.7203511666,1.1197468200106673
900,100,288297.1175689149,267638.51198226586,232026.48813325906,1.2425181275136918
900,100,296582.20205297304,255664.67626016377,204974.63067830863,1.4469215096107928
900,100,320115.55873131554,322787.788898417,226301.27666397564,1.4145548069825538
4000,800,452526.9726295071,608156.7218543496,398893.4870092815,1.134455656376705
900,100,300017.8383084528,255751.90085062,220968.961069002,1.357737470715474
900,100,249110.81112446444,250354.757192475,209656.41742991636,1.1881859576644576
2400,800,781237.8296711933,1147848.3014603024,683064.0279722124,1.143725621140416
900,100,294210.829652302,331680.38902534224,236983.04938546955,1.2414846986534782
3900,500,316494.3626252248,416905.10202086036,256026.29077994928,1.2361791504343862
2200,400,418476.9224295109,594002.1830197092,363304.2585063231,1.15186352108842
500,600,2839490.6014318066,2664050.501896785,2508474.0254749,1.1319593396603895
500,800,3731730.015968381,3536619.6030285074,3285289.350154367,1.1358908206344251
2100,600,670414.9215281028,852969.588542785,585733.3113963886,1.1445736625937037
3000,900,674331.6217469343,998124.5854564328,594059.5939256996,1.135124537406721
5000,600,276300.4625516536,324218.380946651,233024.74531657892,1.1857129687076018
3800,900,538483.8998989991,825349.9753903962,478361.4758551599,1.1256840842719602
3000,300,252546.7420615662,383958.98068868334,209393.1776164917,1.206088684150499
4800,600,325741.462275673,357772.3334066518,252630.58571681028,1.2893983574926964
2200,400,431395.94885206624,621290.7706574121,379506.9962363452,1.1367272622911178
4700,700,367881.5399075247,415062.62364238215,308309.98133609886,1.1932196885526225
500,600,2862183.552974843,2626007.171413754,2460079.907864832,1.163451456932148
700,1000,3314666.5617994578,3267237.6288414043,2924177.9667973174,1.1335379034504593
2100,600,662315.0070204686,906140.3772160244,577500.0986804295,1.1468656170515616
2400,800,743515.452138908,1134047.8005750594,664822.4783488025,1.118366896958046
4000,800,445503.59309462237,596510.0241437801,404017.89899474115,1.102682812328622
3000,300,250491.02020290477,376039.2823627562,198813.28951575665,1.2599309674570445
3000,700,544020.007588588,837574.998579018,471565.2209293709,1.1536474350598243
3400,1000,658067.9662125554,1078587.0461464913,580474.6765382423,1.1336721355995298
1100,900,1857450.9812249895,2124911.8336108406,1649243.147171673,1.126244474267107
3900,500,302486.99242567417,387163.9266425948,250502.06987338755,1.2075229261720735
3300,200,149594.39220827553,186999.3138052116,122325.18880262524,1.222923861165257
500,800,3682128.442292726,3553312.2490186435,3274386.9034349574,1.1245245448636605
3000,300,248995.78955188586,368329.0719575187,210694.19582239294,1.1817876072949807
500,600,2746332.417556882,2558532.9336310034,2425500.4144578036,1.1322745612355614
3300,200,185739.40604565432,236630.3246474177,130136.35656272323,1.4272676056988847
2100,600,652077.1982648986,935328.2453544629,568793.2512524867,1.1464221785842572
3000,300,262697.5821874701,376513.47124018054,198402.63602400303,1.3240629633352683
3800,900,540433.0581368571,829958.5159769065,477412.48997074744,1.132004439536073
2600,700,637331.6250995619,913409.1640424292,548169.7883546606,1.1626536862101098
700,1000,3174532.2891588244,3256260.9855669127,2807649.7989427694,1.1306724543617248
3000,300,238389.6106239071,373222.27116312424,201771.37439097016,1.181483802365256
2400,800,757983.1071832704,986617.113920968,673363.1649912352,1.125667613839757
2100,600,673972.0015439814,923671.3079173969,577441.3387812807,1.1671696435285246
3000,300,225777.01469477412,346473.80852195487,182148.61289322504,1.2395209115708385
3300,200,193062.91772155173,285779.4131581469,137340.04259498307,1.4057292692918109
500,600,2696328.705016286,2607772.817408006,2388931.655260444,1.1286755312061572
2000,500,580755.5567434648,797482.6592529466,510745.9318064159,1.137073289432649
4800,600,281782.9783614868,323356.99739697477,242734.1097047697,1.1608709575436722
3900,500,339309.62984350265,476390.25653727335,267378.3726930928,1.2690242162292436
3300,200,187012.2948416231,312654.9287731565,154082.1067420537,1.2137184439897184
500,800,3522817.8127473122,3359961.934800611,3110717.580976556,1.1324775461105616
3000,100,93706.3770762636,114452.52997727867,67632.47595830692,1.3855233857478517
3000,100,108339.21145910435,140454.92775157082,82865.58990685953,1.307408920649416
3000,700,521838.22746934474,798969.858893036,459336.96552796615,1.1360684347917418
3000,300,236848.38137858282,358035.1553355264,199557.73522844282,1.1868664529964308
2600,700,597767.0528701777,909575.0172870008,543847.512198016,1.099144593774531
4700,700,326332.63785191823,378325.19500436744,279626.9752245012,1.1670284585023276
1100,900,1828792.0123067603,2020608.1480721347,1620162.5288882717,1.1287707126282243
2100,600,635837.2737720369,796108.5383396045,554820.8221823308,1.146022730853965
3000,100,91473.65522947935,157232.85304890934,67828.79602926127,1.348596180153599
3000,300,241485.78049776776,346696.77491539106,202193.698799836,1.194328912973838
700,1000,3206749.9695129897,3296728.183585461,2819448.4289000337,1.1373678399799836
3300,200,166678.21315408987,231747.63462374973,112828.85828240226,1.4772657961042792
500,600,2770623.6462818054,2639729.020579782,2425253.6228813785,1.1424057344526721
2000,500,579427.1392627371,772298.9693196462,499251.2670209011,1.1605922258750712
3000,200,157422.56010450702,203797.93315182684,134557.70768288776,1.1699259954361356
3000,900,676332.295121003,1017298.5815636738,588742.9996728252,1.148773396026539
3000,300,238109.77396775509,337638.60449169524,201497.15381078626,1.1817029147287585
3000,200,202506.87579587856,257823.23717667448,143149.99221899555,1.414648178856181
3800,900,532847.03774372,749494.2536629938,468994.41625713126,1.1361479353979789
3000,100,105283.11116816293,150264.32051321058,70274.43572592597,1.4981708509019218
3000,300,241643.45389620107,352183.3224421877,206246.42133295425,1.1716249539481878
3000,200,194114.226726127,291596.0121941506,137411.27820326833,1.4126513432105603
2000,500,566874.3756714258,757951.1167991414,488479.0362531057,1.16048864659506
2600,700,613522.4430551426,869902.5114372554,544113.7164569664,1.1275629055083116
3000,200,191998.73467537115,317439.14932548103,154226.969212619,1.2449102491969453
3300,200,164914.23069915758,208945.36908032693,117153.64424146911,1.4076747826917582
3000,100,91085.77791625695,102146.94467741223,69607.94643997772,1.3085543041382404
3000,100,115794.42987757133,132922.35106358147,67935.02440692892,1.7044879410650666
3900,500,303855.50867221435,449855.0716941131,254601.13699683495,1.1934569980965628
500,800,3574141.401807073,3397747.489989644,3141419.6939080413,1.137747181230888
500,600,2622648.0563211343,2491677.214872779,2330247.453165789,1.125480494682271
3300,200,157919.22724547103,185737.99266757903,119662.02494636612,1.319710470521055
3000,100,128200.1423454074,173980.5873535154,96621.71431835281,1.326825375122292
3000,200,171980.4150381292,259340.2784022503,118578.51301919142,1.4503505792005917
3000,100,94881.43951023712,109026.7315047608,66290.68832070059,1.4312936237925364
1700,500,682252.8152474366,939807.1071709036,600877.5668310776,1.1354273364630965
700,1000,3081295.0563656525,3219821.620391194,2760773.5056940443,1.1160984593667458
2000,500,582596.9737422026,892566.6153405693,521387.8267515309,1.1173965786121836
3000,200,181550.60707724903,222373.00631226267,128869.00866561601,1.4087995939219884
3000,200,176280.70892548512,196911.6357222697,131628.22744100273,1.33923180728462
3300,200,177106.23402604996,244735.98716437412,131307.82707961582,1.3487865724764847
1700,500,672795.5079199503,833782.13982845,587354.4317892954,1.1454676622944178
2000,500,553354.6337541007,767039.8952723105,496472.21714382817,1.114573212047017
3000,100,95064.502354081,124210.79489783927,62896.925228974906,1.511433222021597
3000,200,196351.2819384584,282468.7514440663,144438.60978757738,1.359409940508482
2600,700,642802.1890064426,863160.5630906167,530004.1909938072,1.212824728425503
3800,900,549848.8847079722,741814.5840645859,464797.10500486207,1.1829868964055197
3400,1000,653563.8477431221,1037407.7501256552,568394.5452899503,1.149841871564276
3000,200,161051.20184206768,223363.32038323605,133702.37404434013,1.2045500537534044
1700,500,676866.784551446,810963.8511420889,574681.2191213008,1.1778126064157601
3000,200,184967.77636351957,253160.20186506308,141800.9510629458,1.3044184469638143
700,1000,3252188.327687597,3308760.2973002414,2882243.8589995755,1.1283529384694149
2000,500,555903.5436793537,742114.0942626062,492570.33713201364,1.1285769803275143
3000,700,540979.8168802455,803915.5117377156,479924.3052573372,1.1272190446578239
3000,100,115567.46178315135,173338.2070163253,100775.01706203852,1.146786824278148
3300,200,150146.82176858265,213179.66572747513,121547.61276758194,1.2352922311661265
1100,900,1817788.7189948289,2042509.4864820328,1605662.7263804325,1.1321111769796024
500,800,3674042.5238364707,3504178.798746303,3214282.074476214,1.1430367462181044
3900,500,307566.0608044076,417187.0055382344,252600.1728882121,1.217600357464999
4700,700,343216.4873372956,381374.3047694979,288386.6112971466,1.1901262884345682
3300,200,176522.4365020538,235890.36649446192,128909.95551176889,1.369346811123041
1600,500,722284.7331474934,965506.7375593745,638432.4147580198,1.1313409476886531
2600,700,618896.1335327589,978132.4543150819,553758.813758466,1.1176275991567404
1700,500,699202.508626953,995748.9319682595,613397.4432370953,1.1398849413799914
2000,500,586364.7400558599,814751.0637917815,516510.3570665398,1.1352429472780563
700,900,2900279.657985545,2872666.245736215,2572329.4694948494,1.1274915178556417
500,700,3238299.1314311204,3103241.099721839,2850482.8994442355,1.1360528183005407
3800,900,535347.6111552513,768643.34031565,474017.41909535846,1.1293838360981308
1600,500,701698.0846478493,871072.4590571563,624064.0837761264,1.1244006871889987
300,500,3912649.812265131,3526838.377310898,3404972.8787094397,1.1490986717486316
1700,500,667662.4936675628,908412.7906834095,584084.9613456802,1.1430913956923792
2000,500,596748.2049537692,773661.1009744541,511791.17843874224,1.1659993960313948
700,1000,3229050.5893017063,3273837.0572769395,2878848.032246779,1.1216467674334354
1600,500,712388.1708781774,890553.2104387308,610598.7953163821,1.166704186681294
3000,900,668582.9981789959,952946.0659799501,600422.0641874541,1.1135217009118135
2600,700,627806.8267504125,890227.2053753792,551316.2592797218,1.1387417225289589
300,500,3767020.3630516673,3437392.552118393,3328341.7801393406,1.1318009422980477
500,800,3617128.0031479457,3449659.9344578893,3201172.824034593,1.1299383700843444
3000,700,532286.1740515836,806877.3119667786,477807.42470909224,1.114018214295561
3900,500,311899.6242670126,448155.9203102522,264877.10618796916,1.1775257920768512
500,700,3190230.3476556954,3070764.8368017375,2828007.063429684,1.128084292613726
1700,500,659867.3039041136,821359.0018620117,579494.5142729572,1.138694651375593
2000,500,553297.8300502386,832553.7103957258,490848.5872703912,1.1272271009826629
300,500,3732170.228621213,3346470.1055767094,3256526.908354038,1.1460584646320586
1600,500,741977.205837714,1053508.6100034951,651734.7834394136,1.138464947232158
1700,500,704734.3695667452,905367.7262517965,607659.2436076939,1.1597525701784983
1100,900,1838172.4476228938,2091848.8537090146,1637514.7205112383,1.1225379684214438
2000,500,581853.8733697935,917998.6204275707,503320.96899721463,1.1560294706756267
700,1000,3236410.304469233,3262932.8099754397,2870815.8018937316,1.127348645055645
2600,700,635214.688141594,979645.175266054,557329.581646025,1.1397469451837494
1600,500,716892.9925014069,933224.9837384585,620590.2714297852,1.1551792309759366
1700,500,698219.0279971885,899254.7107070457,602107.2687514614,1.1596256418644901
3800,900,515900.9467823931,670594.2306949488,461306.86801873834,1.1183465552943754
4700,700,359451.0794970609,392983.82135972584,292759.1565219235,1.2278047380907218
700,900,2965040.865548792,3029384.2741560745,2645072.8612132305,1.1209675578421683
300,500,3937529.532418324,3654204.4003364947,3475918.845010206,1.1328024928058305
500,700,3193497.1566371713,3088205.204624891,2829391.3255762253,1.1286869821680794
500,800,3731998.6019943417,3596219.9566964395,3278707.3342666198,1.138253043505975
300,500,3750055.5751290326,3399060.4122559363,3309814.780958854,1.133010704013667
3400,1000,693262.6037530362,1020689.5751698643,593403.147441089,1.1682826536100583
1600,500,698880.0747837925,850242.9053578951,615712.921415017,1.1350745623100498
3900,500,311209.40071506257,415009.7942030411,262457.01458397036,1.185753793657873
1700,500,673099.0172897674,847942.6873871704,577468.9262004602,1.1656021419516356
2800,700,583068.2141510099,859479.6476857673,509014.80347218487,1.1454838055272232
2600,700,560557.3332617155,877288.7111012324,505479.53213659837,1.108961486318368
700,1000,3292765.7366896537,3243688.473679378,2906766.427041341,1.13279336999953
3300,400,277769.5968556656,427069.04574662185,239554.35117822498,1.159526410142344
1700,500,675080.1199047028,991282.8221054869,592142.3164673113,1.14006396964195
1600,500,742575.0948612008,918710.2277849814,645637.9463331748,1.1501416530403288
3000,700,538023.1310141733,845648.9668632451,483018.97075988824,1.1138757762821452
1600,500,734571.14876499,866905.06531305,639738.9730484277,1.148235733184546
300,500,3756300.402124594,3374891.55115276,3283802.2475467576,1.1438875178707328
2800,700,562145.0357504202,833042.1846369101,505001.2613267292,1.1131557063314337
3800,900,543900.1893536861,756907.8461962349,468613.4424435397,1.1606585302324468
300,500,3850606.7029752354,3544829.4741444304,3443402.3804435986,1.1182563864288142
500,700,3124412.6143131177,2990400.7024347903,2756021.793167797,1.133667600908877
3000,900,659211.2818791625,914242.2559570511,584322.0328237353,1.1281643423465055
1100,900,1827734.1193241884,1930770.1280152455,1593605.5440647325,1.1469175205441842
2600,700,599220.2732692041,856168.1204704625,521314.2588833035,1.149441556716253
500,800,3649037.0490560466,3378466.439220881,3191147.896074252,1.143487286673579
3300,400,271725.54694754945,437313.97290619346,230691.72093366468,1.1778729893201674
1600,500,695872.0256307407,910188.494347033,613560.734087989,1.1341534537165276
700,900,2959912.2963236663,2958444.56409838,2596819.4403565824,1.139822141780187
300,500,3820690.7500757813,3513536.147424614,3411941.189591615,1.1197997086617693
700,1000,3303714.737340465,3363973.4748125793,2944864.7388858274,1.1218561904443891
1600,500,715995.143302637,1074759.6812061046,629151.2112465183,1.138033481464746
3900,500,312628.429421049,479936.5336469101,251717.22424122624,1.2419826667143374
2800,700,560957.4620462316,893789.856486345,505248.4509957545,1.1102606271047137
2800,1000,810966.9197507901,1179292.6024661749,731044.4916993293,1.1093263528539545
2600,700,606843.3017595657,835175.943155779,529218.4752511694,1.1466782248513816
500,700,3250053.821729905,3147274.791357444,2879545.8315440235,1.1286688984516748
300,500,3692124.2181940232,3378988.460650332,3272323.915135941,1.1282881260978843
3300,400,285949.4504899548,417563.426429697,239630.14934338318,1.1932949642333919
3800,900,543608.0806498622,793026.5959719274,479062.3845287044,1.1347333838048193
3000,700,490278.9372446938,788445.0481901068,438082.26118505193,1.1191481159690082
300,500,3775342.5787754576,3547624.2798398044,3355473.1266480973,1.1251297317188718
500,800,3613674.518357458,3449379.730691052,3232143.191957929,1.1180428290890199
700,1000,3061991.9976617456,3060649.460269002,2732609.5913842074,1.1205376747985025
1200,600,1146975.8063165615,1293952.4293797854,1013440.8039532973,1.131763988426716
2300,800,823754.0337696958,1114375.3290954235,710283.4947283737,1.159753872761348
2800,700,553218.1652652285,813815.130118561,492146.74877996376,1.124091882424625
4300,100,69819.49455543754,70280.89514253942,47185.44834300483,1.479682762530923
3900,500,353345.2802803013,459681.8017022406,288145.1780149138,1.2262751808465553
1200,600,1160471.703036164,1362941.029485709,1019286.7962367709,1.1385134265651735
3300,600,418775.4004536113,618840.3246335546,368523.92871028994,1.1363587757223381
500,700,3236069.8396321246,3068179.089697353,2866844.548254553,1.1287915285125487
4300,100,95552.30363134107,91752.49821157691,82739.16147748545,1.154861880698927
3300,400,285855.7620655439,450645.50683882175,236587.71418075322,1.2082443209504525
700,900,2935230.1721072635,3019838.4362402465,2591667.802698343,1.1325642001846135
3400,1000,663933.8113211443,983735.9291312626,592704.0066390428,1.1201777006469278
4300,100,66420.68313495326,91124.61298452744,54290.25884700422,1.223436479132175
1100,900,1824548.0606707132,2094015.713562375,1618846.437532228,1.1270667917409494
4300,100,88127.68479110664,83826.946279848,70156.3045836674,1.2561620130092062
2800,1000,805775.5568827123,1288553.7574900775,701912.4497356924,1.1479715984324397
800,500,1455885.6358777396,1522708.1037299936,1276864.8295160397,1.1402034124704905
4300,100,67268.30700744348,73126.48429678877,48563.68356277515,1.3851566041214742
2800,700,576580.3285617898,850181.7346096992,514204.6127757185,1.121305243547626
3000,900,689593.9704920185,999063.1054868252,593577.0270951502,1.1617598711101682
1200,600,1098132.3688413647,1330826.5982652192,965081.2587933675,1.1378651889006215
2300,800,797751.7436753643,1112281.9602493395,714193.3369900797,1.1169969003595523
3300,600,422215.8031979791,684068.5835197674,370649.7440860985,1.139123417551591
4300,100,94041.68753706092,100232.52679054176,67742.26274582943,1.3882277285290507
500,700,3299703.756381926,3170577.9098446206,2898113.8245593295,1.1385694131194657
3900,1000,600485.651609692,855042.779643394,524852.4555790056,1.1441037290132319
1200,600,1208313.0022586987,1438800.0778939265,1044753.5875168508,1.1565531017994326
1800,700,885705.2495453072,1212965.1428197299,791800.8054011764,1.1185960452472044
2800,700,572407.2810266323,855941.2356983302,511936.52647402737,1.1181215862229998
3300,400,298501.5589300086,476663.5034779617,251660.06381450797,1.1861300295545751
4300,100,111744.65574611176,112783.7036097007,96621.71431835281,1.1565170058764567
4300,100,74083.8254323734,73131.04638155641,50459.111537190256,1.4681952015300714
800,500,1462845.8172990647,1458618.1352194296,1248128.1675522528,1.1720317314590394
3000,700,503648.73786221794,748424.6184243525,451805.69103219634,1.114746334229613
4300,100,73186.9411288916,71135.58335329115,54138.05797390288,1.351857526255766
2300,800,806098.4718550963,1120143.4289361048,711823.2398771647,1.1324419135208343
4300,100,111386.65561706547,106261.77178520491,100419.32952364009,1.1092152889832183
1200,600,1183626.767176253,1324315.7705891626,1045197.5106145416,1.1324431556293313
3300,600,424352.7377035202,688693.8800856703,350938.63956122455,1.2091935451567393
500,700,2955166.9608598314,2852628.688725046,2628493.5671103117,1.1242816029063578
2800,1000,788725.7792412818,1289372.7981772383,704862.1072250084,1.1189788345218878
3300,400,296216.02594213776,405303.4018220905,248540.40506916595,1.1918224155935702
700,900,2886282.895470182,2897633.149481252,2545969.6882529985,1.1336674229812613
1200,600,1177316.8170624846,1294803.5278527006,1025033.2949436799,1.1485644640715518
2800,700,570589.624058968,955310.1358975362,517520.325814166,1.1025453409222394
800,500,1426733.5406423318,1409919.8244470756,1221197.5906327642,1.1683068748138203
3300,600,476338.62929320533,725440.4760538236,379910.395460673,1.2538183608153313
300,600,4527302.276321457,4149653.49805698,4053763.2158131893,1.1168146818889308
1100,900,1877397.6148261619,2087682.9792358065,1654942.7829173424,1.1344184428640336
1200,600,1155152.0080328803,1330332.9969850834,1010625.1726907515,1.143007357472931
2300,800,774196.5590417675,1103092.2269818895,676242.9523862078,1.1448497264332562
1800,700,884734.273723692,1186908.7530756798,785557.5176193566,1.1262501521274877
800,500,1473727.4601608748,1644069.1934003625,1303469.5668788273,1.1306190014775197
500,700,3068404.042055569,2932861.030827139,2710834.1461931784,1.131904010566093
3300,400,290654.6548265085,396650.2012679867,231639.79040582007,1.2547699784967759
300,600,4499686.747410577,4230700.992754912,4077147.1849470837,1.1036360826078386
3900,1000,597561.7745739706,836227.7400448864,503937.1433999843,1.185786327521555
3000,700,526175.1897917823,758739.1936879026,458656.0118843468,1.1472109296682693
3300,600,426732.4940898431,656957.6862733656,380071.82204165147,1.122768038413219
1200,600,1126272.4832714836,1368352.8782887782,995388.1896918517,1.1314907037626702
2800,700,539975.2122756484,780772.1752243981,469373.85126969847,1.150416050691718
3000,900,690995.5807402185,1038221.4474575289,606812.3537363589,1.138730245825606
2800,1000,769292.3445060259,1215692.2504761287,690193.3764235111,1.1146040671853372
2300,800,789588.8211963124,1124016.9071972724,682917.3247626177,1.1561997222295888
800,500,1412257.7371557704,1477268.4101651348,1241180.5428595704,1.137834254073991
1200,600,1160220.7119062673,1341913.117848289,1010522.3428672411,1.1481395934445886
300,600,4316599.973191689,3971970.7512216973,3860325.03517347,1.118195989679847
3400,1000,674365.2593357625,1043988.4822318843,591050.3121545918,1.1409608377964604
3300,600,431979.8289462076,633835.9140937793,372739.37997952,1.158932627322454
700,900,2846309.930127829,2861661.948568792,2523184.284312108,1.1280626420451147
3300,400,279988.6367517072,423422.54418732563,235028.54838954672,1.1912962857926588
500,700,3126991.019852546,2947992.9177118978,2751936.071306081,1.1362876676013998
1900,400,490275.31598116824,667844.6724897395,416068.08362533816,1.1783535802824336
1800,700,899509.0281970953,1178687.8214336704,785942.0348822848,1.1444979251323795
300,600,4658895.002837655,4368631.778056842,4179014.350067403,1.114831061243547
800,500,1398378.1039527438,1454190.0616579016,1231425.842830034,1.13557638252826
2800,700,546851.3768132598,820511.840115003,484077.5261059247,1.129677267218555
1200,600,1132369.5838931412,1213822.4400919138,970936.4388190788,1.166265409989565
3900,1000,580929.456386951,879148.1041175164,506054.84621282655,1.1479575005248248
2300,800,791970.4598892297,1154081.2068640152,698756.9727122204,1.1333990082634908
2300,300,333180.34082749486,458062.3416295385,273121.53602151095,1.2198977264145647
3300,600,410661.22083340865,584042.4028535227,367500.06279663695,1.1174453079227247
2800,1000,825822.8800090782,1281246.5241208617,720560.9647498939,1.1460832884497436
2300,300,309324.93654483615,443917.8499122959,259321.6819770739,1.1928232694872885
3300,400,294162.84872983006,427956.9238765636,242202.8390042154,1.214530968915316
1900,400,465268.47035328695,611278.6844970318,400675.0942532071,1.1612113580966927
300,600,4693884.135059006,4280155.035267765,4180790.0424581664,1.122726586934549
800,500,1478921.8061601073,1491190.9735763005,1291275.8926663497,1.145318219413427
2800,700,556504.3724221023,785623.7495350052,491417.1555903716,1.1324479947256565
700,900,2911919.2280314774,2926541.9164620307,2573237.4179462316,1.1316170081016297
2300,300,322653.32076533977,458059.9970702869,274818.51629007777,1.1740596125800025
1900,100,132679.23662521143,162954.67578726867,106788.11993416882,1.242453155903518
1900,100,143818.88810112528,184765.06738015107,104269.41755371496,1.3793007717438932
3300,600,420379.6244578208,647177.9806317674,361959.3417061279,1.1614001243242504
1900,400,466694.0020008505,655080.2280549931,416199.7330700866,1.1213222040252027
2300,300,302880.0058841317,441994.22597302665,258786.04698783005,1.170387698291845
300,600,4595586.142623867,4192962.8919666866,4100133.1797747198,1.1208382608870207
1900,100,136507.21175893853,198183.04633361785,107098.09899357043,1.2745997645311489
800,500,1461313.8071970132,1494625.2695571107,1279477.9460968554,1.1421172296520326
1900,100,141396.6495797184,194158.59716603224,107135.3681339404,1.3197943129568996
3300,400,290417.07362747646,453261.4702092128,253004.66415756347,1.1478724101568882
4400,1000,527241.1765681291,646110.010249551,465210.1310813914,1.1333398422397747
1900,100,140334.69477977487,146733.0783646067,109907.28385259639,1.2768461730706275
2300,800,817404.6665469075,1184003.020516377,695907.1356596942,1.1745887125759074
2300,300,315724.91195161635,439847.24406859366,263180.0535534393,1.1996536503763104
1900,100,157196.90336361484,163758.0155275439,97093.24611077778,1.6190302586470562
1300,1000,1779527.2524328022,2097954.1133718635,1574557.3667370172,1.1301761942916997
1900,100,163158.44445319456,195033.2676700432,107195.34157767268,1.5220665567353184
1800,700,856726.8652616998,1128261.3803055303,765561.609213277,1.119082847090658
1900,100,142006.58331556516,152468.8263544571,104669.50787479042,1.3567139676001798
2300,300,298344.8240472483,406232.302248482,237585.14725203265,1.2557385320504113
3900,1000,580571.5475502223,792870.8507640134,495523.44973995665,1.171632841704863
1900,100,125718.88291843001,174803.84270656834,99310.93457206564,1.2659117896750962
3300,600,434244.4805013176,643969.3256711988,367462.6701335422,1.1817376724103859
1900,100,141489.9213330461,242948.79594133134,112255.12865627505,1.2604316883043083
2300,300,315763.18778179196,440355.0132028423,260292.69812405587,1.213108128109298
4600,200,104993.36659224491,119142.69997217694,87755.02674970942,1.196437064416855
1900,400,484874.317385343,632072.1108831562,410915.5035770977,1.1799854548305424
2800,1000,819477.5762928724,1202847.5349463902,719712.0080616948,1.1386187351519437
800,500,1406849.6157631776,1467348.7213004387,1227121.468175978,1.1464632086132043
300,600,4520038.94671185,4139617.851662857,4042500.690763006,1.1181294185156245
4600,200,148330.3178814473,156688.9487203094,115155.9162563489,1.2880824772497903
2100,1000,1101128.980544711,1492003.6063942285,974725.9889324391,1.1296805389899511
2300,300,304612.8122100582,437753.2754641573,263730.91147804697,1.1550136861200446
1200,500,977923.1342535309,1112701.7831138775,851243.2196773599,1.1488175314032874
2300,800,812215.2785975949,1200544.8826195966,712762.4639710042,1.1395314984356928
3400,1000,667783.8026253916,966275.4563794561,598451.9114496878,1.1158520673912704
300,600,4579792.683407781,4128792.242424915,3981552.758767407,1.1502529191213267
3300,600,398027.7875951867,581704.827748876,353067.7959342105,1.1273409588150427
1900,400,511521.06892243866,693156.5220022631,437093.7950462507,1.1702775805094934
2300,300,302933.69741534983,413500.8044337919,262822.37453580817,1.1526176108498583
1200,500,968566.8238762019,1078595.3841015573,832085.4450348351,1.1640232738786256
4600,200,164330.1486930396,175407.81167486092,137320.72161632078,1.1966886479972352
2300,300,314773.130929592,436052.329583323,269017.07130385336,1.1700860819128367
900,600,1562475.6601388429,1584767.2105454805,1351254.405271063,1.1563149426516826
800,500,1430013.2275282913,1600618.7224579537,1258302.4224930366,1.1364622700916758
700,900,2904615.752748656,2771837.139719904,2504237.283530294,1.1598804042458537
1200,500,951697.6596701251,1062045.656249879,814131.7270885095,1.1689725728704587
1800,700,903420.059963039,1224581.0562398615,799873.8420955621,1.1294531867628022
4600,200,169153.3996772563,167527.4097127187,153927.2635835206,1.0989177338650864
3900,1000,616399.5128167939,875654.8077995274,517325.82084607764,1.1915112062426787
300,600,4577623.204479561,4169748.9021266606,4042089.3714689645,1.1324893597827537
1900,400,492343.92519472336,612855.0611635084,431675.44038328825,1.1405418959150584
4600,200,137277.6491855031,142499.97875601804,112828.85828240226,1.2166891633513417
700,600,1950632.0590123367,1962035.5973176556,1737327.092491367,1.122777666590743
2300,800,776835.2947204402,1058199.1650976487,693727.8034944027,1.1197984148932962
900,600,1542829.0695424646,1660043.2546034323,1359049.061649028,1.1352269120221778
1200,500,1019449.7692945879,1247725.3103947632,868979.7112525515,1.1731571590148497
2800,1000,812420.8570169385,1194830.4158635468,717703.9504734329,1.131972112569571
1300,1000,1725478.5247655124,2157382.4723684704,1511811.4301999528,1.1413318422505245
700,600,1955814.0286572773,2055429.4281245444,1747348.7935487502,1.119303733678236
1200,500,940164.8074151289,1090787.8618632788,827453.6952397135,1.136214404290941
900,600,1484423.7347076614,1642301.8230322783,1286775.01172449,1.1536000630897314
4600,200,123274.97086573708,135401.10857926187,89579.42667687622,1.3761527109389162
700,600,1900952.1987171967,1943502.7408650266,1654425.0150743444,1.1490107931133853
1200,500,931051.3333380547,1053651.2297528877,820950.5618866894,1.1341137658744447
900,600,1604215.8369726508,1740192.2482737547,1393004.7833558011,1.151622633418411
300,600,4339548.715687777,3971386.4174854625,3883745.7552763154,1.1173616887233733
1900,400,462127.7956541817,622233.5679466985,402321.74123116117,1.1486523055900622
2300,800,793725.27844588,1037994.6274529216,702639.8243386802,1.1296332074444098
200,300,3544936.568646632,3186201.355599391,3140897.664247376,1.1286380352338135
1800,700,913090.218083238,1146305.195959538,796345.7078484871,1.1466002881464175
4400,1000,540919.0166729902,628987.690832485,446671.55892271333,1.2109994600452818
200,300,3426386.2883441886,3019869.467012975,2982199.34273635,1.1489460946632326
4600,200,118008.27796545194,120533.64766134278,85844.49615717569,1.374674944208263
700,900,2888961.4934223546,2900833.623990987,2543901.544693501,1.135642021778963
700,600,2058388.0005682537,2104454.2949815034,1791006.1500288872,1.1492914195381483
200,300,3648093.681968969,3188464.0757162734,3160412.937335894,1.154309185002948
1900,400,470636.66855798033,648949.2892757059,408207.4787818443,1.1529349485767253
1200,500,993645.278193446,1133874.530318732,860850.5951108997,1.1542598493126894
200,300,3304674.7506430363,3014555.2565999697,2976039.5403600456,1.1104270309000102
900,600,1595791.6566684362,1648304.5050084502,1393596.6808193887,1.1450885888520943
3900,1000,593371.2241303028,785502.0606824826,516716.3134801911,1.1483500881437727
4600,200,150551.08472584418,160073.1139613444,115640.3076979828,1.3018910769334657
700,600,2025813.2102948125,2006321.7464937784,1791767.1610535,1.130623026433692
1200,500,974402.1277089051,1090458.2955261413,852985.2973979037,1.1423434034342592
200,300,3503808.344949625,3066957.6252306513,3026570.615864552,1.157682667829889
1600,700,1000984.787825692,1266250.81803367,890775.9060763236,1.1237223425079095
900,600,1551756.4106675393,1595189.1712723812,1366711.0599249066,1.1353946391220395
2800,1000,817563.1610476045,1175344.6634699414,726691.6067603353,1.125048305831388
700,600,2017347.3509223156,1957429.173100513,1757199.9341891657,1.1480465663989403
1200,500,941601.9482269819,1096374.404771654,818080.9787839853,1.1509886828399325
200,300,3177721.881095671,2768085.04228646,2732229.1933983755,1.163050994687304
2100,1000,1042660.5333645127,1524170.9071448073,935883.2663142566,1.1140925058642963
200,300,3354760.7228156277,3005343.970638747,2993366.0284266425,1.1207318754061426
4600,200,115225.46513167565,127983.32271197658,87197.2004637001,1.3214353731418662
900,600,1545395.659745784,1628809.077899467,1347500.2302543353,1.1468611470694121
1900,400,486580.61668078153,649894.9308541348,420668.0887967952,1.1566853527504568
200,300,3355495.6166469175,3052898.6326301037,3032905.48199754,1.1063633985840244
3400,1000,669129.1490518198,1014622.7461208772,606295.6815353174,1.103635024015658
200,300,3505313.2842735657,3038126.260915983,3022457.3071617936,1.159756095137434
4600,200,153531.67660453919,154281.34635047038,124828.15119872103,1.2299443285042602
1800,700,909742.1210723207,1195885.0443225002,805031.6179331471,1.1300700504261054
700,600,1969791.0356455743,1941329.5792233828,1732500.2960412884,1.1369643284601383
1600,700,996567.5033829855,1232394.3520399355,883752.2073217762,1.1276548959386452
1200,500,958376.618778955,1221968.7179382872,838868.2816620243,1.142463769020033
200,300,3532925.7571072225,3107638.7244646014,3093696.3199943136,1.14197561482496
3400,200,141080.9898347588,175722.40540886548,118727.3891319598,1.1882766972830006
700,600,1972257.4142996278,1964334.1321804987,1706379.75375746,1.1558138860688563
900,600,1506347.0649187628,1623928.8246392906,1327184.252922469,1.1349946788486798
1300,1000,1713615.231915006,2056780.7241373307,1518164.5386384798,1.1287414429082965
3400,200,175608.24214092616,246543.96016078806,126308.8166638196,1.3903086639495696
1600,700,1025405.3238536606,1279472.1047535052,884184.7892425704,1.1597183488443243
1900,400,504809.3621071208,657941.8893099346,439429.1535368208,1.148784412786626
700,900,2919637.8081297213,2930449.7308643195,2600624.373155824,1.1226680170603718
3900,1000,602209.0934111056,792071.5342138285,515274.6311091313,1.1687148115847414
3400,200,179774.1274268462,263594.9859686938,137320.72161632078,1.3091551319482708
700,600,1993176.769519793,1961963.814300429,1732324.0163438418,1.1505796552578509
900,600,1541326.1035626594,1625124.0001238787,1347363.1238229882,1.1439574649997273
3400,200,181489.00906106306,313001.4521417442,154040.8405168634,1.1781876056512093
3700,1000,631059.8043457144,881372.349261127,553222.8585832763,1.1406972697436386
2800,1000,819376.9146755423,1289874.4420667589,736216.1847214568,1.1129569434629434
3400,200,163964.29897574178,220721.38924462858,112828.85828240226,1.4532124269604085
700,600,1914703.9140580683,1881923.4972771422,1664462.4665469923,1.1503437010689788
1600,700,984512.0145005324,1210366.0039562697,861256.8103649366,1.1431108615366066
400,200,1209219.570713871,1032554.5466752509,1009182.8076216583,1.1982165783854755
900,600,1496023.0205480868,1536152.0738779563,1294581.9184254385,1.1556032100059417
400,200,1246023.5708224908,1126307.118979475,1073624.9416424667,1.1605762147405807
3400,200,157243.42291147602,229162.27093087716,113707.94882260237,1.3828709825448884
2100,500,553236.303338669,784388.3423586204,486424.69695849135,1.1373524140487443
400,200,1187280.563578518,1113134.9077353578,1015447.7110268429,1.169218809285526
400,200,1220647.1604456916,1149831.997148994,1027175.9361826731,1.1883525669244372
400,200,1057284.6762788019,958821.5316370984,889338.8476439357,1.188843463973033
3400,200,155103.90853613598,185366.44185399738,116142.55362441417,1.3354614970643437
400,200,1181688.8984571323,1000598.9787221759,966517.5649921201,1.2226253730492382
400,200,1228914.8292070103,1008897.7753026064,987211.7058075204,1.2448341343377622
3400,200,180797.38519696958,240079.86522529332,127445.83216550946,1.418621402716209
400,200,1314857.0113380593,1166916.7595278136,1083289.5734068304,1.2137631927933858
400,200,1180715.3002137542,1034565.7834132436,1002767.805332551,1.1774563303038932
1600,700,1022500.2364144812,1334711.0011930878,899858.0723575073,1.1362905638393261
400,200,1222018.383970759,1155961.0420152394,1063507.1329720933,1.1490457807797563
3400,200,144420.73107574214,213054.65363656488,117972.68298030012,1.2241879003451883
300,200,1566895.1314250373,1358888.6619952223,1345577.0768288777,1.1644781695581052
1800,700,830000.263075415,1106092.88732251,730137.1019750865,1.1367731633280787
300,200,1669995.9904626247,1477274.3043509838,1431499.9221899556,1.166605715149331
4400,1000,522511.354511111,615627.6820390817,448548.61368864175,1.1648934776862563
3400,200,175399.28213796805,232294.63231472965,125118.48623201098,1.4018654430706576
300,200,1574409.987587429,1430685.0305517658,1353930.2813691243,1.16284420937491
4000,700,429119.1612320496,588796.3556746329,356310.36243052944,1.2043409523788853
2100,1000,1054856.336727277,1518700.5341507483,939816.1429666779,1.1224071267784956
2100,500,546327.9271080857,700567.393972911,475477.39716276294,1.1490092491632564
300,200,1587008.2541821615,1468579.5314146806,1369567.9149102308,1.1587656493005556
3900,1000,585800.394273822,813476.0466893537,521727.30741767655,1.1228095327677583
2400,100,106933.16819002476,130160.8965599818,84540.59494788364,1.264873617886713
300,200,1410801.901947053,1247764.2009579479,1185785.1301919143,1.189761843040417
2400,100,123991.6688754248,156051.79496974387,83145.65632235991,1.4912585258176667
300,200,1588067.0193595865,1309132.3518946404,1288690.0866561602,1.232311038785312
2800,1000,770796.2126141493,1101766.9877071986,683152.3978460518,1.128293211067449
300,200,1560442.2419511208,1329833.6415248178,1316282.2744100273,1.1854921032424666
1300,1000,1669831.8153748366,2043094.6372814775,1486570.34921987,1.1232780313768127
2400,100,113357.79066411665,183970.54853419244,84785.99503657658,1.3369872066160717
1600,700,1020355.7390057329,1243957.478709745,895888.9213295479,1.1389310825403103
300,200,1711692.0671062893,1508738.4064206078,1444386.097875774,1.1850654541909786
300,200,1580769.3602524283,1356248.585530825,1337023.7404434013,1.1823046311265895
2400,100,121201.79916044354,171858.23309714373,84815.49977270281,1.4290053054601155
3900,200,121377.40481390206,165191.60030367054,103505.92898683675,1.1726613731406448
300,200,1615770.5202200003,1482731.7102346993,1418009.510629458,1.1394638104385886
2400,100,111098.0305403898,128751.36920804708,87009.93304997214,1.276843075796682
3800,800,518884.5096951823,694842.92948683,429908.43101980514,1.2069651866661768
2400,100,127448.18290760473,148442.4978076776,76865.48650436573,1.6580677323933422
3900,200,167286.7618188308,207047.20588390037,115155.9162563489,1.4526979356096068
2400,100,142726.06158230756,197319.19759185292,96624.49385290666,1.4771209233921807
4700,300,181993.7647286013,197199.52100692177,142348.1066563424,1.2785120153931635
2400,100,113227.66556004049,130258.19234164697,82863.36040087574,1.3664382546431686
3900,200,171113.1361215848,217955.09627942517,137320.72161632078,1.2460838692625087
2400,100,119763.42270209477,148698.60456240055,78621.15653621864,1.5232976463138521
4000,700,422487.0177276037,583471.3047419959,353500.8829287105,1.1951512376075324
1600,700,1028985.2200721117,1328418.446065147,905660.5701747905,1.1361709386039849
2400,100,122535.7764804658,199331.89726229798,101287.19980986493,1.2097854093161666
3900,200,176530.9223048642,218079.64137884037,153927.43410024705,1.1468450918885347
4700,300,196989.08077074206,205858.91298962606,148288.0517849619,1.3284218006748336
3400,1000,626413.1428905368,892675.3391105456,562596.0923438073,1.1134331564246456
1800,700,848323.5649945907,1106666.8116012006,753009.4850536606,1.1265775290123177
3400,900,583633.5226512831,876313.4555499917,529597.2437195278,1.102032779763432
2100,500,534186.6835547206,746318.0213782497,465218.1297648626,1.148249927028246
3500,1000,664639.0514444733,942666.7289326194,584835.5933594635,1.1364545164335773
3900,200,149892.0907248637,188660.03774808833,112828.85828240226,1.328490715998339
1900,300,377382.13389025076,504567.22297670256,330620.80676288164,1.1414349193119777
3700,1000,612243.6628702052,975439.7310163315,531176.9889891726,1.1526170665549766
4700,300,181273.1469567971,211238.37672772518,143441.4983667211,1.2637427036167457
3900,200,143901.4049416856,170638.64284987637,99130.00666585847,1.4516432489179578
1900,300,372259.3459986468,511242.6845880528,313915.7202880368,1.1858576106257952
3900,1000,588149.3605789728,796167.1486390508,528565.4659538665,1.112727558766215
1600,700,939647.3196285656,1210936.3187923052,821404.2397219724,1.1439523613204332
3900,200,134059.3764938005,159227.6295512656,101252.48264692517,1.3240107599265034
4700,300,183108.5421498004,213195.84212884464,130823.99861272547,1.3996555990606232
1900,300,396359.840981576,504969.9464293352,332675.0460353573,1.191432437464667
4000,700,397802.3392721708,532562.1058868333,353673.91569702816,1.1247714960493294
3900,200,166220.55235032688,199290.99934746805,115640.3076979828,1.4373928577260815
1900,300,365081.4710689364,497268.53856425843,313267.32003789954,1.1653991582165937
4700,300,186148.0785651851,201447.22837227007,131967.49793690105,1.4105600354277381
3900,200,124050.43808130152,174946.53354338836,102847.9800341078,1.2061533735534942
2100,500,573275.1316690197,857099.150724744,496559.83500145806,1.1544935600104191
1900,300,381284.9567068489,503404.11922243354,318586.3806173213,1.1968024369655643
1600,700,961763.0190721119,1169147.6984643321,847135.6706853681,1.1353116771650111
3900,200,163493.55076272367,212717.73205566095,124828.86001477759,1.309741599365474
1800,700,872555.2594938658,1091599.5605005536,764426.6864739114,1.1414505471004963
4700,300,180778.02321203126,196375.2168124486,144863.04739585196,1.2479236524552617
1900,300,341460.1156265685,461744.7098793118,287603.0729893027,1.187261707872186
1300,1000,1775214.0827905259,2145708.3511485728,1551977.462538233,1.1438401172960289
2100,1000,1043073.6768654326,1477788.7990912078,920257.835231348,1.1334580776519108
4700,300,175470.70198125698,181216.6737319154,127377.27780538904,1.3775667450622282
4000,700,399740.2244376351,523986.80599768716,344502.7241459746,1.1603398069742257
1900,300,371722.58045168576,479160.4799716965,315091.160887015,1.1797302704564843
4700,300,173727.42088352714,193221.46706213208,129059.80774457617,1.346100105986158
1600,700,985195.4146922079,1182645.194196295,859980.0222831502,1.1456026758349862
1900,300,367364.12930280296,484193.3507685096,319253.20863132,1.150698315226778
3800,800,489821.8389197757,642887.4561198169,432274.91449399566,1.1331257551531582
600,900,3392454.9662927836,3264276.6388492347,3001051.047743991,1.130422279502052
3900,1000,542811.324487452,744304.3176404121,490468.3881971654,1.1067203056300645
4400,1000,528559.2065883854,622185.1702074276,439213.9668149616,1.203420761915489
2100,500,524679.1182629407,804679.4783703336,472830.68299412203,1.1096553949090127
400,300,1808546.4833221205,1667596.3560784915,1570448.832123688,1.1516112122395339
1900,300,366086.89985843183,453778.1514808205,318153.400753873,1.1506615959187585
400,300,1763753.4947787614,1566327.5400513443,1491099.671368175,1.1828541905320185
4700,300,180144.55482159002,202908.17570040666,128615.20456007632,1.4006474229681318
400,300,1855586.070201877,1663829.8548048516,1580206.468667947,1.1742681143218356
3100,500,389822.61751616374,558175.7465452946,329513.50439123606,1.1830247086120083
3400,900,640359.9195015436,949550.1905846014,544573.8243674298,1.1758918457848717
1900,300,384283.33826083085,461734.3871126399,325652.24420992774,1.1800420389951536
400,300,1755100.3206128825,1586345.7799879261,1488019.7701800228,1.1794872324851893
4000,700,420215.57871585217,544232.7522109663,359943.22894300293,1.1674496001767918
4700,300,166204.2550649524,200064.37594699187,131646.65191465165,1.2625027119770955
400,300,1757859.383904181,1620809.0577840833,1513285.307932276,1.1616179544530743
400,300,1614529.3789044,1448338.0224525994,1366114.5966991878,1.1818403688866461
4200,200,118210.4403560599,144230.18439435217,96112.64834491984,1.2299155458898356
600,900,3492772.689438071,3446187.410794033,3085918.3380821026,1.1318422287249599
5000,300,176228.0404233107,183322.20207517507,142348.1066563424,1.2380076178235475
400,300,1745172.1628436837,1561545.0183484694,1496683.0142133213,1.1660265709375823
3200,1000,722635.2279818659,1062869.7556401717,639663.9302369131,1.1297107650172218
400,300,1724228.0799584244,1599866.2087655477,1516452.74099877,1.137014054801872
3100,500,386610.90579274297,559010.5819233777,322097.5916263878,1.2002912031741808
4200,200,158056.51544356326,175701.39326287995,115155.9162563489,1.3725435963855581
400,300,1777703.851248168,1572491.8566936397,1511228.6535808968,1.176330164886598
2100,500,539336.2083449283,786258.4064566462,469114.6067923939,1.149689650536955
5000,300,187289.37680605476,198139.9719039355,148288.0517849619,1.2630105699793681
400,300,1811580.487121325,1618933.1217561085,1546848.1599971568,1.1711430597846493
4200,200,165517.6408729972,183008.1544573054,137320.72161632078,1.2053362298478132
4200,200,173081.8945447419,167968.5440086937,153927.2635835206,1.124439495091966
4000,700,416105.308775685,563864.3133167557,358355.56853181915,1.161152066034487
5000,300,173958.95000574915,177647.52304249443,143441.4983667211,1.2127519022494275
600,900,3416793.272634489,3386702.4953297973,3029622.680416013,1.1277949873828221
3500,1000,656241.6309703317,1046939.5996590083,561529.9597885539,1.1686671735510636
3100,500,386129.74333845713,529252.0564195598,315147.7653245843,1.2252339563339927
4200,200,144736.5951489878,149245.61691742335,112828.85828240226,1.2827976579070122
3200,800,616727.4179879454,893945.3016948191,510516.26183601865,1.2080465679387946
3700,1000,597739.9031451469,951365.5309150718,533409.1622243307,1.1206029919931544
5000,300,182683.89004955345,196152.17021479487,130823.99861272547,1.3964096189289195
1300,1000,1750370.1214992912,2026952.393537369,1550148.9404405733,1.1291625442145012
4200,200,129373.60596556969,153825.61713964774,92049.29190401144,1.4054818162042992
2100,500,559408.568049337,771427.6189024512,491914.62577765697,1.1372066182520602
3100,500,407730.60108802083,698334.8511336896,336379.24306550383,1.212115817171937
3800,800,495082.37255426345,687164.6065736789,430840.38203091547,1.1491085636414142
4200,200,130482.71241536667,142519.90273325078,94020.16245785909,1.38781628327701
5000,300,172411.10856840407,185327.87563224483,131967.49793690105,1.306466450177306
600,900,3440087.7484775954,3377697.0183710507,3023612.4364814004,1.1377409706916175
4000,700,413967.9450291626,552450.3358838807,362264.2280699162,1.1427237716368388
4200,200,153917.25417008682,169583.69488188668,115640.3076979828,1.3310000399866777
2500,900,813245.960876721,1091999.6418778428,720252.2514585578,1.1291126952117745
5000,300,170132.41047887178,191029.74591116566,144863.04739585196,1.1744362246775666
2100,1000,1104447.0942826068,1598916.9646143443,960747.9529998585,1.1495700728105216
4200,200,120460.17251693227,153731.79480433866,95501.69574595724,1.2613406660062532
3100,500,360950.1829866984,611411.1596728857,320304.65622182464,1.1268964592782098
4200,200,155399.18474941258,175780.23292046605,124828.15119872103,1.2449049613978804
600,900,3363439.4836380486,3318153.54816858,2970297.969628498,1.1323576011664318
5000,300,173505.1147593095,193260.78445655023,119734.6411370657,1.4490803422602678
4400,1000,566052.9345606779,659922.2667713915,458538.79574993247,1.2344711937294375
2100,500,545182.296715706,743508.0613611483,487420.16994165926,1.118505819693429
3400,900,588478.2977599975,910105.9796038981,534639.2965440023,1.1007015413270584
5000,300,168468.73551537486,176023.12133738925,123414.4751336362,1.3650646355134017
4000,700,369229.63528015936,534645.5342913071,328561.69588878896,1.1237756558364478
3100,500,365446.6359001618,570293.2228242584,317787.3142787185,1.1499723855548345
5000,300,161754.75794843407,183039.34904542932,120898.29228647175,1.337940800397344
2500,900,848328.086953934,1218083.5753615699,740620.4011397046,1.1454290020211209
600,900,3385670.876447826,3270394.25447304,2943714.9983641263,1.1501354167537627
3100,500,384557.200132393,600915.911422538,333232.4884300257,1.1540207317244962
5000,300,164327.4994614543,179930.01291499133,123747.85279977255,1.3279220264721745
3200,1000,710717.2052927885,1101112.1555257475,614173.3935187309,1.1571930871523715
2100,500,530198.524212701,748801.7511236253,467474.84501942014,1.1341755173814223
3200,800,560899.4781601027,919485.6153818714,513326.46096161986,1.0926759495494618
4000,700,389632.32160656434,524790.6094027042,338854.2682741473,1.1498521874640677
3100,500,385246.62418320385,597673.9613835888,330187.8570572531,1.1667498242262853
600,900,3397421.7427751333,3318777.7986930115,3002110.3209372703,1.131677846440515
4600,1000,515477.71498446696,607824.4870600037,444983.60364307003,1.1584195704386933
2500,900,805675.3474623064,1226576.2258912863,727109.4432998431,1.1080523776529532
4500,700,381948.40574174165,459582.35161508975,316720.3221604706,1.2059485262465173
3800,800,464795.23718297685,666482.8050541851,409304.9448653363,1.1355720056983363
3100,500,365735.1911748566,602283.8352954919,316676.5079163814,1.1549173431943653
4000,700,409057.0081968968,527796.4318333283,343992.0089132601,1.1891468336406712
1300,1000,1752989.1047544042,2042248.0726799876,1545823.8933273938,1.1340160495133027
3500,1000,630831.9957679437,1041387.226599516,563889.6857800067,1.1187152588104858
2100,1000,1088237.8704979797,1449861.117584114,959616.0107489263,1.1340347162910207
2100,500,551048.6672109859,918598.5819012041,479353.30380687106,1.1495668494088456
2900,100,93003.29167124096,123021.90621991457,69964.63030169682,1.3292901180238983
600,900,3291756.484697824,3199351.1795900036,2921610.164118676,1.1266925769649372
3700,1000,620560.2653936308,928160.1486149079,522308.5010772516,1.1881105976903243
1000,200,474289.2651252979,440376.7360530176,403673.1230486633,1.1749339701967765
2900,100,110513.98589296026,130042.39984262749,82903.92042485606,1.3330369097940298
2900,100,95997.27702633056,170490.02216739993,70167.72003027028,1.3681116756382767
3100,500,409961.7951955064,668558.7967247088,324723.2058046546,1.2624961439994198
2900,100,103627.39089520607,140726.0101633315,70336.67268244541,1.4733052750883018
1000,200,515595.19122809154,551976.3598309429,429449.97665698663,1.2005942932904416
600,100,392127.9685268999,367428.2105799661,338162.37979153456,1.159584838409977
4500,700,378145.4284802995,430394.7369993701,314223.0070477426,1.2034301117322215
2900,100,88459.52568037646,111213.70288772439,72008.22045514936,1.2284642659024447
600,100,444605.2705386986,410902.4199591653,330186.4889200974,1.3465277516133909
600,100,440298.3582587808,409288.58157773776,339143.98014630633,1.2982638172402075
2900,100,120396.24985875875,130132.14656393795,67972.02274811617,1.7712618367252504
600,100,428127.57194020523,400505.3373180255,339261.99909081124,1.2619378919169992
600,100,460201.09428870573,369742.4165061462,348039.73219988856,1.3222659705541893
2900,100,132187.07642225825,157177.27332302617,96621.71431835281,1.3680887091976381
600,100,452977.1040808477,353606.6585885621,307461.94601746293,1.473278595768466
2500,900,815816.6546906773,1231892.023825781,725666.9847555361,1.1242300832599006
600,900,3376923.378060312,3306394.653533558,2967885.135475751,1.137821453295224
600,100,442263.1958262241,415196.1968037172,339451.91499596345,1.3028743580117472
2900,100,99639.08175784363,111797.97733154436,68576.57412486269,1.452960913101652
600,100,438457.3157417472,349162.475195979,331453.44160350296,1.3228322916804898
4600,1000,521865.66210379655,599956.2172078808,427251.0563608562,1.2214496707131108
600,100,390087.64984988625,364130.1515731424,314484.62614487455,1.2404029240850185
2900,100,96256.03141201353,138543.64576890695,65065.78471962921,1.4793647971323822
600,100,438724.3344270929,429138.63114500756,355474.57407820434,1.2341932909400537
1000,200,474100.7261990839,562517.1198657944,406179.08441073715,1.1672209239598927
2900,100,116338.3205280664,194178.89009297223,100845.66295829043,1.153627405634526
3400,900,599341.7929430716,996207.2158048825,533578.6652614236,1.1232491701095804
1000,200,509841.4243906415,586053.1565553512,410870.37447306927,1.2408814459901132
4400,1000,526793.1674579536,615876.6566073942,457998.55058471486,1.150207062414085
1000,200,451392.7035657251,491254.70338047534,355735.5390575743,1.2688996572048123
3200,800,598324.1325719471,854530.8717357714,511622.9536617121,1.1694630357956188
4500,700,368581.75588600937,437870.4795889685,314376.8139529139,1.1724202915969943
1000,200,471209.109835585,483821.8823287622,386607.02599684807,1.2188322460529382
1000,600,1383466.1020162408,1490132.1495640867,1216128.9647439567,1.1375981841757343
600,900,3467999.054211359,3395201.01712966,3034061.7686817944,1.1430219021935393
1000,200,496138.30941061245,451607.4465562136,394884.6823230082,1.2564131545745314
3800,800,462406.9990464447,702889.3081174768,413344.69656684756,1.1186958557521074
900,800,2080546.5952411823,2176017.038937595,1815168.9309725107,1.1461999815777424
1000,600,1386150.9282374477,1558941.8361703889,1223144.1554841253,1.1332686519593465
2500,900,812270.1727585772,1118877.8435225734,712871.5127108395,1.1394341873330776
2400,600,573658.4400098962,827436.0311071511,506720.40197664866,1.1321005386247152
1000,600,1331103.0511607402,1503549.411047873,1158097.510552041,1.1493877147928857
4500,700,366983.92861865327,414568.90520810115,306224.6436853108,1.1984140930074239
4600,1000,503872.9848037904,568842.7744747355,429046.50005000515,1.174401806669124
1000,200,529155.2516164399,565077.3594389769,433315.8293627322,1.2211768316764624
900,800,2072960.019977422,2202699.6331926673,1825160.7500857594,1.1357684630682634
1300,1000,1769791.313024939,2040244.1183734657,1565181.9222530297,1.1307256286715737
3200,1000,696021.5996064154,1109730.242991239,616754.3438218824,1.128523222541624
1000,200,466247.96484009066,468977.6227521528,401107.1221330204,1.1624026079633345
1000,200,511598.1646661587,540736.008796643,425402.85318883735,1.202620435738025
2400,600,556993.3969268989,886281.1532613793,509643.39811838546,1.0929080980609787
1000,600,1431435.6862003403,1658923.9843679965,1253704.305020221,1.141764992325884
1000,600,1404051.3461579378,1503046.8053212764,1254237.01273745,1.11944658935994
900,800,2084878.0438369254,2179239.2727875165,1819103.835241643,1.1461017251717123
4500,700,388461.1711654276,427892.1989404977,319949.53683822486,1.214132625426628
2500,900,821454.030863295,1157854.099678844,706491.5996073904,1.162722998150001
2100,1000,1097011.6964667025,1522670.7357381133,956938.6006312439,1.1463762625345655
2400,600,564809.7489306042,874672.9947804662,482540.62939668377,1.1704915908050701
1000,600,1419262.7646503774,1439128.016180878,1230039.953932416,1.1538346865181246
3500,1000,639291.1872965154,957619.9840636521,552154.7011388089,1.157811725550809
3700,1000,642367.5187807677,936077.2670186859,545289.3787296495,1.178030498736798
3200,800,556628.1911862296,893858.4568117814,486049.62202758685,1.1452085671093
3400,900,595158.7269216852,867787.6544837239,524170.22993444087,1.13543023417435
900,800,1951866.286859155,2112622.444486805,1728176.4338758644,1.1294369305115513
1000,600,1368232.074025997,1485741.108182154,1212750.2072289018,1.1282060113206385
2400,600,609740.1524203856,942858.5971754373,522376.7937584254,1.1672420362194758
3800,800,482419.1391024009,754684.4505843701,422931.851904765,1.1406545450046432
4600,1000,500664.8991576815,578768.9902429698,420117.70738822414,1.1917252959181388
4500,700,379824.51379929925,440288.9722016648,318538.2831393948,1.192398320402465
2500,900,806176.9122108205,1180588.6962924784,720506.4770249448,1.1189030743201904
1000,600,1360295.618702862,1504834.2992327115,1194465.827630222,1.1388317582945342
900,800,1971065.4880701685,2074869.8073430252,1745233.1632822452,1.1293995149411453
1300,1000,1782602.3481281442,2128095.10266363,1585696.3978615995,1.124176324378414
4400,1000,541112.8064658225,610487.4344301457,456720.6957558209,1.184778380954124
2400,600,591854.481998227,822303.2443159395,522598.7553072708,1.1325217980097102
1000,600,1396583.4125695126,1522422.037601603,1212626.8114406893,1.151700918529312
900,800,2004108.8808494543,2212170.2001177636,1785712.2635978966,1.1223022441541208
4500,700,386904.95876215637,444134.898714496,322012.6471732588,1.2015210028504943
3200,1000,706278.7982680602,1089711.074208892,603919.2043705722,1.169492198884735
1000,600,1335498.76624337,1396215.2714607825,1165123.7265828946,1.1462291392521513
3200,800,549849.2324958481,852216.4058790166,490846.82717313146,1.1202053309838453
2400,600,585904.4073220966,821739.7659955471,512516.64747183997,1.1431909777219265
2500,900,788465.542653877,1110964.4524939514,701186.4393884822,1.1244734614969345
4600,1000,545639.776736,633571.916682189,438602.3263695006,1.2440421400691013
900,800,2030807.9930752185,2215436.1761635756,1778429.346685885,1.1419109771550064
2400,600,574297.1526014933,773930.460729745,505312.58634537575,1.1365185988242283
4500,700,339466.12830916577,390637.57632117614,292054.8407900346,1.1623369343609555
2100,1000,1081883.1772452705,1455689.1151415762,968922.1423471136,1.1165842227782312
3400,900,599773.9004876585,844543.3117270309,519479.1173583752,1.154567874715722
3800,800,488683.3693497919,690733.1921814663,421206.9505308675,1.160197781004992
3700,1000,637387.6412783187,901707.9994086068,544646.9250196608,1.17027676463116
900,800,2036319.7425203312,2214965.358019618,1821504.0745925666,1.1179331251157452
3500,1000,680298.4451890626,1036578.2251559104,576448.7717999151,1.180154210520538
2400,600,570582.8298289606,863750.6415540007,497694.09484592587,1.1464528828809981
2500,900,801099.9198612462,1160800.3268803414,712292.4325141803,1.1246784091663053
1300,1000,1666398.451270869,1868221.1526790643,1471405.164591496,1.1325218174924025
900,800,2019355.5018994834,2113487.3904820383,1772859.9422634733,1.1390383717065098
2400,600,585318.1477585309,859031.1478966838,505261.17143362056,1.158446721915634
4500,700,355178.82235385384,416434.2548467274,301203.79402146424,1.1791977040254122
4600,1000,506193.55619648675,598524.0101246424,438085.57012450986,1.1554673121340648
4400,1000,518687.84158628766,610420.9717076686,462440.1133929406,1.121632459132179
3200,800,566140.2778891934,916928.6381128341,502231.5741369084,1.1272494742333015
900,800,2045212.5092671479,2103502.620038972,1795635.106643294,1.1389911578919876
2500,900,820848.3360046782,1198163.4079844912,728174.8244836307,1.1272682169240948
2400,600,543504.9072550504,764517.1761418899,485468.2194095394,1.119547862301057
4500,700,374287.9335201643,420769.4975868868,305770.67458956456,1.224080543441814
3200,1000,745126.5955286346,1124553.3382116368,630490.8441561571,1.1818198510493914
2100,1000,1086927.268791767,1546003.9760991014,981621.5796286091,1.107277276038491
4600,1000,523728.3450429732,592204.0289590071,436863.27420122,1.1988381170300504
3400,900,596117.6815812598,899333.6400853408,529784.1742830477,1.1252085481563898
3800,800,496920.2953894194,745983.3369473865,431408.8597719236,1.1518546365786977
3700,1000,612293.9959241208,878462.7679705599,543127.313871787,1.127348929589392
3200,800,579404.2703058268,876240.1181581218,500183.2537554052,1.1583839841810488
3500,1000,661101.5929133617,932662.648337406,575769.6064493558,1.1482050902100052
4600,1000,501522.26034158317,586177.7297935485,442334.021506291,1.1338089225733463
4600,1000,516422.1171485348,596800.2470660846,448131.59070001723,1.152389449585204
2100,1000,1026359.3850975138,1318865.4400974286,910869.8637947357,1.1267903636877854
4400,1000,540229.3712449301,633025.1633204514,468501.2084591089,1.153101339955416
3800,800,472726.8750623031,659582.4193952889,419887.8810624016,1.1258407217331639
3200,1000,707624.3776698167,1026122.0865338843,629748.0070539829,1.1236627504073358
3400,900,575647.9912800691,855224.5737641747,515578.26425623696,1.116509424830947
3200,800,576011.8575328502,894998.7735434059,512298.02097915934,1.124368695455653
3700,1000,611284.6073625338,858837.5755193789,549928.7834943078,1.11157049005212
4600,1000,466664.1145109306,546362.6865538689,415831.894341075,1.1222422350512677
3500,1000,659220.3716671458,1007608.7688611157,574163.1603787463,1.1481411855687353
3800,800,473903.3510987381,639834.2316839397,425281.9989418328,1.114327322289405
3200,800,556099.067328924,811120.4426645702,498616.8587616019,1.1152833233719548
3400,900,600693.8145050245,915260.67382837,523744.4356721914,1.1469216159481936
4400,1000,484430.68942800164,583677.5087501627,434733.34408385115,1.114316847374295
3200,1000,722926.7266534674,1053134.620893581,627990.9566642537,1.151173785198263
3700,1000,617210.417226977,925649.6871895723,557136.5722216431,1.1078260663552975
3200,800,559870.2275114091,777639.6847142625,505022.3737434264,1.1086047997466502
3400,900,594149.8113852915,921427.407289693,535422.6650614932,1.1096837137386657
3500,1000,647650.8540258631,946308.3390929673,581353.2854082682,1.1140400687183456
3200,1000,710226.5651722263,1030142.3624958125,635855.1559152934,1.116962815454217
3700,1000,573673.4004330958,774615.0537315462,516980.19296457974,1.109662242848055
3500,1000,654324.4954134678,1039880.7381451863,588972.9477771654,1.1109584877929364
3200,1000,724706.5456961578,1123848.6003831897,644189.1616312747,1.1249902805893064
3500,1000,602533.0604848425,859580.5946949997,546521.9182768414,1.1024865432380127
3200,1000,659467.576988559,954328.278593749,597758.3481152953,1.1032344074621963
