P,n,Algorithm Time,Optimal Time,Makespan Ratio
4096,600,239865.9167144116,25339.817846041748,9.465968467957252
256,400,751245.1031865062,48679.56019676214,15.432454610312488
8192,800,610026.0881905133,62137.90128877687,9.81729468711062
128,1000,424411.24584577733,125295.95783362567,3.3872700539097367
2048,600,1173001.0561662093,95460.11175339336,12.28786594338459
256,900,576575.3720442778,77030.62312975689,7.485015031918483
256,100,178863.77925565705,26193.65899088914,6.828514462903815
4096,300,190763.36406438868,20887.76340872541,9.132780773680222
256,200,255147.66344350908,25775.82693292296,9.898718830921927
2048,400,378227.4311593959,34397.99854935305,10.995623208040096
8192,1000,479199.0657011317,71441.52524391812,6.707570479004104
1024,500,1017013.2886372374,69330.81468246617,14.66899376987187
256,600,1395648.6646601872,65997.13135384436,21.147111033923597
8192,900,327349.17647631175,50985.945546331204,6.420380616043451
8192,700,647493.2018723468,54661.38833726035,11.845531582134699
256,1000,408163.86792457476,62174.13220982782,6.564850258739222
8192,900,2032522.7736685846,200725.03795784948,10.125905538976143
2048,700,287067.13302259246,45736.33575987692,6.276566066196051
1024,600,652812.845675501,69645.19944005155,9.373407656581158
4096,1000,446916.3054135186,51207.743830232605,8.727514082541227
2048,200,247899.06660106505,33208.183834406,7.464999225408535
512,800,625069.304116681,58281.74602729851,10.72495844280138
128,200,430259.7844500542,36920.89002320384,11.653559385476537
2048,800,1212710.9745195853,69914.3129245496,17.345675353032842
512,100,353496.70794809924,34744.80913128068,10.174086915039256
1024,100,189200.8723971194,17424.209760559108,10.85850520609483
512,900,593300.7766230997,65527.226447374065,9.054263529673253
256,800,1508701.2435870254,88988.07431158595,16.9539711389237
1024,100,337269.0067237476,17010.884101954263,19.826659490614077
1024,700,2341518.8832198023,122698.14519501191,19.083571960262958
256,300,712240.1359618143,58817.967607809784,12.10922724686672
1024,600,814346.5883718426,56839.82740281852,14.327041892661722
8192,200,444976.053135178,48832.439654252754,9.112304367460077
1024,300,324163.7214680652,51334.02512144949,6.31479259031679
4096,900,1073074.3289122714,68798.33552250691,15.597387942055988
512,900,464663.06528309186,70503.79592528375,6.590610607342583
4096,100,353496.70794809924,34460.69141352587,10.257969107646844
8192,700,195765.23827710983,24919.342184621364,7.85595529876883
1024,400,729881.7538258828,71121.47502380062,10.262466485426936
256,700,333567.58282701875,46686.09352875527,7.144902424135468
256,400,462851.3204844108,59315.77823058138,7.80317369663674
512,500,1928243.928913977,104189.08387589059,18.50715888058762
256,900,376691.02864069317,57244.69321120439,6.580365925814137
8192,500,1142755.7098003833,87191.89492611904,13.106214869727088
8192,300,539268.5986410242,37997.38137569971,14.192256916575312
1024,800,952689.7442975343,76586.05734526525,12.43946714742892
4096,800,1212710.9745195853,69744.6297416748,17.3878760129821
4096,800,798114.2537020734,49156.66889863417,16.236133806134475
8192,500,806885.6429264969,93303.02350633578,8.648011742853168
4096,700,2341518.8832198023,121247.84298185878,19.311839498622195
4096,800,1010606.4711199666,43369.83132383738,23.302061370123578
4096,100,193717.5091489645,25235.008428580157,7.6765383176796504
8192,600,301157.92247518396,37566.49697046091,8.016662365724141
8192,800,1157274.0128112475,84971.24391877686,13.619595988467273
512,300,352724.81504573656,47234.241688785194,7.4675659528897205
256,100,669054.231114374,56270.53628076332,11.889956544506886
128,600,232800.21910048026,74899.47399565695,3.108168945405133
2048,900,2056194.174698403,156586.64072292217,13.131351213650527
8192,1000,311901.5477051134,45312.78094590863,6.883301823329728
4096,300,274137.23566782963,41796.45799396132,6.558862851666438
256,500,806885.6429264969,95166.34282014595,8.478687096880703
256,700,854278.959069871,47967.297444383694,17.809612060391267
128,500,318248.9611526728,56182.17500713485,5.664589544855763
2048,700,741714.8286062903,48971.50074361899,15.145846407472739
128,800,1115589.2002439024,93497.3020055607,11.931779594854548
512,300,312168.8922607341,28600.5958497807,10.914768835598498
4096,200,621846.6163423135,50831.013653404065,12.233606447088222
4096,500,2525072.6187366666,237564.50729901434,10.628997771786018
8192,1000,1110511.169770312,112393.23827909636,9.880587006601555
128,900,537180.5876852644,109443.21737422631,4.908304055503485
4096,300,534142.9532681934,27866.80417099782,19.167714747286986
4096,400,1038675.6921023284,56915.493482307924,18.249436639343184
128,900,523762.32071902486,109318.34627419793,4.791165788451438
1024,400,233983.25477483397,44207.66491546582,5.2928209445637595
8192,600,361872.570519039,32734.27780938007,11.0548512060145
128,400,532030.3582174537,81480.70461614145,6.529525741387093
4096,700,645160.4321416902,53915.74341202593,11.966086180271176
8192,500,536411.265352276,54509.002824173345,9.840782945205364
256,900,351876.5236093776,64837.41435415292,5.4270597789012465
8192,1000,2045982.7477085423,124535.58998606945,16.428899946893942
8192,600,239865.9167144116,25325.579367516788,9.471290399068602
4096,900,394759.6262640699,44998.63267930536,8.772702696933674
8192,700,2158406.3228910873,185768.68163866145,11.61878473729712
128,300,293388.1456075866,38152.527144095155,7.689874500305391
4096,700,981026.0067416257,86344.15596057125,11.361811298376786
256,100,212531.4642150732,14891.07425106187,14.272406451798988
2048,500,354360.42100449506,38078.8838745444,9.305956082430866
512,600,232800.21910048026,50523.437090590436,4.607766860418872
512,500,197650.8786201105,33156.78306802833,5.961099368855744
512,400,378533.04965923796,57470.31142497088,6.586584277578234
8192,1000,2856003.9196138727,150569.03775101455,18.968069148031923
128,600,348350.18504566746,72849.63176490327,4.781770018685145
2048,800,909035.2097974459,41519.7534269463,21.894041625196227
8192,200,228124.4652166349,26972.824218293383,8.457566896606897
512,400,1860207.8492680758,109009.50865491609,17.064638417523813
1024,300,584549.8151734866,35788.66352580134,16.333379276710446
1024,800,1722049.296501588,105506.57662913551,16.321724687881176
1024,100,262444.6273855217,10211.848879179503,25.700010888391496
2048,200,348597.69233334926,40359.96560634527,8.63721480175255
256,100,393830.47730125586,37681.884279448226,10.451453923604658
1024,700,873572.3070487701,66874.51640802078,13.062857931096692
4096,800,439108.2374765545,46857.31231092819,9.371178495317679
4096,800,1640784.2136515507,127268.05412448723,12.892349340444994
8192,1000,869120.1067873109,61631.005637657836,14.101994569049516
8192,700,997716.6345424671,116555.24523591898,8.560032047661116
8192,1000,446916.3054135186,51177.51428416821,8.732669252593466
4096,900,409215.3257941721,60367.665223331875,6.778717120833952
512,700,1071397.6074432055,123260.96281991307,8.692108052153873
1024,200,580150.4533275173,30960.64519433914,18.738319233527868
4096,700,669661.6155092847,65060.34510421777,10.292930577551939
2048,700,2008096.66828981,89844.51474818445,22.350798754026204
8192,300,216364.3903909925,27325.43722463806,7.918057764722862
8192,500,1197628.105342933,68815.17228508745,17.403547293050433
8192,700,449841.93948986335,46993.19158217273,9.572491766243745
256,1000,769649.2324021604,111749.61276708746,6.887265318818517
2048,100,388574.7425119937,47958.62701914873,8.102290800711312
4096,700,1156520.4248208571,86817.79328982205,13.321237283238343
1024,800,565468.5134700387,53472.408401124616,10.574958756825808
1024,400,4307440.005001222,257567.86842644215,16.72351458788955
256,100,134251.67023914307,13011.59979464646,10.317845027356288
128,900,471992.0531175221,102373.53702350879,4.610488870860593
512,900,971854.6412526787,114159.9168451615,8.51309871371783
4096,1000,769649.2324021604,109849.57632880178,7.006392360571753
8192,300,606238.5698150656,34770.69707161906,17.43532977111053
512,500,1750884.75796276,134723.51647863665,12.996133145325086
128,800,405518.573521874,84426.00544789649,4.8032424532052485
128,100,381421.5020483766,26068.19735827815,14.631679237584619
2048,200,455400.36164545553,20752.375075557742,21.94449358145172
4096,500,195799.46233158367,35418.499695506645,5.528169290480243
128,400,556971.3282492398,51327.80354104017,10.8512597427611
1024,700,1975972.098014028,145939.20363147225,13.539693576811484
128,300,439496.3012142699,46426.00783958498,9.466596885367665
4096,500,1281358.2698479267,110169.6014202929,11.63077884760237
256,500,292729.91559634346,40888.66155932382,7.159195347385794
512,500,1635541.7488318714,114576.28797187006,14.27469660418234
128,800,610026.0881905133,103240.3095790912,5.9087975489184235
128,400,2480530.8819522187,142772.5734921948,17.374001331480002
2048,600,1196716.8463155928,51881.5556249558,23.066325438783764
4096,100,245877.24929738278,31218.56877485844,7.875993645659936
256,900,4458648.223402932,303266.1858379448,14.70209483158628
2048,500,294454.2392827931,24114.557614326197,12.210642384244322
1024,500,897670.7654820144,69563.61906013438,12.904313743452903
128,200,267084.1391514545,25374.187301930957,10.525820432133784
8192,200,1010047.5414267051,99756.89480744647,10.125090033890158
2048,800,565468.5134700387,53333.70966416959,10.602459814452569
512,800,405817.5966952772,36819.879889469856,11.021698004271254
512,800,1226200.5707001742,117323.0806231038,10.451486307620064
1024,600,1152026.1513834526,74481.33456651334,15.467313496573695
128,200,487746.12145732826,60040.30731987671,8.123644651896326
2048,600,232800.21910048026,50265.19690701414,4.631439513330439
8192,500,294620.96206003346,34006.78819154014,8.663592703921573
512,300,477420.32765333104,24111.71881778852,19.800344026121948
512,600,1204363.8467667531,94447.6501421378,12.751654963932516
4096,300,1189979.477105806,112569.83265804852,10.571033544311883
2048,200,179786.79842444067,12653.47289062971,14.208494377664364
512,800,885293.7114746219,66646.61187663602,13.28340160957192
128,500,2525072.6187366666,253115.47456998134,9.975970939850756
4096,600,1224243.4050221392,71456.619906994,17.13268003182324
8192,400,1038675.6921023284,56844.504840111076,18.272226928950392
256,100,889807.3213300316,47410.329663996534,18.76821628611776
2048,1000,698478.505482836,41036.23401408571,17.021018674449582
2048,500,1928243.928913977,102237.81420332319,18.86037904800297
2048,1000,2809940.9499533637,186143.3911687721,15.095571926083867
1024,600,239865.9167144116,25425.24871719152,9.434162056091274
1024,800,1918140.4399873128,163828.9339260643,11.708190940514612
128,200,818770.9392036701,50493.626094343745,16.215332558486786
512,100,108535.84668169598,16101.63022849706,6.740674400136613
4096,900,893350.3649938728,97276.29608484646,9.183638778913556
8192,900,1827352.0436540481,174543.99859779057,10.469291744970825
8192,300,523839.7194912961,29182.503094384378,17.950472507346333
4096,1000,1064895.5190055124,111109.49416957432,9.584199144856859
128,200,441129.5010736896,31673.672766490905,13.927323942690398
4096,200,430259.7844500542,34702.92658399461,12.398371745641043
8192,600,1673638.1970284288,88619.85145344147,18.885590187518133
4096,800,727014.3554228847,73651.67654654282,9.870981755092314
2048,500,547947.0610900542,34737.72064133729,15.773834637785837
128,300,428996.312166164,45007.6355113429,9.531634072579697
128,100,335205.6170361713,21221.25277948328,15.795750633546401
128,400,751245.1031865062,50394.41325747465,14.907309255656019
4096,1000,493146.3428262493,48747.66573635519,10.11630680930162
2048,800,885293.7114746219,65485.35111688879,13.518958001682044
2048,100,276513.61240625946,22142.388512887606,12.487975822722076
128,900,586094.5026402026,107296.26736457921,5.462394145070558
8192,700,407184.93569809315,55097.75917161366,7.39022678635313
1024,700,856102.3753697366,77611.39331459909,11.03062757679805
512,700,274156.86685550725,30043.338927871162,9.125379423162993
8192,1000,10251060.55633047,594123.6410518169,17.25408626760304
8192,1000,579716.7126346381,92756.94828493604,6.249846759229632
1024,100,246005.32501911954,20880.261588422458,11.7817166215735
8192,1000,1724160.6505523315,217060.7610016852,7.943216648627458
4096,900,430366.2603809953,79036.30171917535,5.44517204145171
8192,600,1607243.031073115,147931.95047990262,10.864745755457797
8192,1000,898747.336023957,40918.42390527257,21.964368376078834
2048,100,430724.3886161286,36009.56108391144,11.961389576852413
512,800,276355.7477576322,41133.52440023117,6.718503988831046
2048,200,301115.8417855456,22527.539467295755,13.366565941331011
2048,600,850949.1622971317,52514.09455749124,16.204205165634757
1024,100,331043.21649256314,21207.98779051644,15.609364724389152
256,700,1296717.0027710546,61572.56259002922,21.059981073145053
128,1000,373217.16042351304,118514.74706755942,3.1491200011654272
1024,800,748761.3002088519,58330.64729665371,12.836499077420774
1024,800,402143.9864883125,69119.67131146269,5.818083026989476
1024,1000,552629.3495222285,80146.5687229894,6.895234048412995
8192,600,920239.8644664808,84911.06049106766,10.837691334255409
4096,200,178370.6388718134,33587.36450215761,5.310647069684646
1024,700,669661.6155092847,65373.77817459692,10.243581359498405
8192,800,1795418.6169954264,113903.40354683883,15.762642388970603
128,1000,779166.1344598169,114759.30901984677,6.789568019489084
2048,1000,1037215.2621858814,70808.53547371653,14.648167134750103
1024,1000,1293835.2562458462,85399.97673139501,15.150299868526806
2048,900,821306.5323903167,62122.524010291076,13.220752786127314
512,600,704102.0507816371,41819.19699061202,16.836814225287508
1024,700,279796.250070033,36022.205004696705,7.767327125964448
1024,100,235139.55326587212,33212.05639475801,7.079945621885224
4096,100,669054.231114374,54461.868961599546,12.284819523658225
128,700,955421.0029006894,87030.90404794872,10.977951031903688
128,300,410522.97968874086,36061.13127075538,11.384084892025118
2048,1000,302525.00635608734,43331.913764574194,6.981575011889165
256,500,547947.0610900542,35358.4879143905,15.49690310334357
128,500,279270.9206631066,59540.26409032341,4.690454853197304
2048,400,417483.83239049086,42668.98421079895,9.784245866458457
128,900,793155.3424530291,109433.5624577617,7.24782529819556
128,300,222632.77745948828,39356.74427840015,5.656788475302671
4096,200,402092.1605700301,29955.14266930692,13.42314289766437
128,500,1135819.4229566706,103230.19362385968,11.002783033569237
256,200,441129.5010736896,30740.577879803866,14.35007184310304
1024,300,230264.07595978572,50052.420972495536,4.600458309225819
2048,200,999826.1030229175,41622.292262618,24.021408929485744
4096,500,1474326.2904782915,139026.15742020504,10.604668343253971
8192,100,280388.75023324986,18587.00120410456,15.085206438321624
4096,700,873572.3070487701,66401.40119224958,13.155931823178665
1024,500,324018.14548841,51556.79794042655,6.284683270338284
2048,1000,381963.9243278068,48061.693636227064,7.947367132312146
8192,1000,3065976.1969116437,152180.5493602882,20.14696496891288
2048,1000,530669.8551632239,63377.48507506607,8.373160508573095
8192,400,512419.5619178871,66043.58447489416,7.758809065136047
128,700,261677.40702445785,80058.73659126465,3.268567781183421
128,1000,6691913.945202515,433656.1726002424,15.431381744383302
2048,900,463205.3596451905,61913.30626049231,7.481515487095992
4096,200,427042.1881056587,27777.016549631757,15.37394008253633
2048,300,855204.3783913605,88389.16350127902,9.675443736708578
128,100,342448.7757021266,54856.11162168177,6.242673160355289
128,1000,2267997.345291167,133265.43601557915,17.018646493048887
4096,300,260729.08121098313,40904.58886479182,6.374079007927711
256,200,267084.1391514545,24965.579774245634,10.698094799583911
4096,400,769108.6794850198,63220.3046379777,12.165532638433394
2048,200,722447.607849647,33705.039523403946,21.434409158547265
256,1000,3181748.4067628616,275889.8750121948,11.532675516353121
4096,600,748488.6968173437,41495.82519943877,18.037686760533852
256,500,1948845.0513142934,68455.21386786921,28.468906036520643
256,400,1038675.6921023284,59074.844564556515,17.582368599671423
512,500,1474326.2904782915,140795.03198073205,10.471436880528957
2048,900,1073074.3289122714,68899.88456665813,15.574399516941295
8192,300,2227073.6718701883,134426.74428370426,16.56719192105111
512,900,2032522.7736685846,203255.11762460766,9.99986026143979
2048,600,336194.15283313184,44565.37639963274,7.543841878914376
256,700,1045408.0241182556,91529.91776736967,11.421489821232447
128,300,421185.4167695582,48504.48423274269,8.683432540969878
128,300,337483.27881052386,35017.52520551622,9.637553677190214
1024,700,640573.5032754656,74644.65643978806,8.581639112937477
256,800,990407.9784344248,54094.28604752221,18.308920420251862
1024,1000,307743.86840636603,38617.14510172746,7.969099414151144
4096,900,524083.81164971605,62100.064781262285,8.439344040875302
512,600,304190.6841980027,43441.5061252218,7.0023051991144465
2048,700,1709804.1794130243,161072.35282367095,10.615131333462177
256,400,961829.2616226228,57659.06193290379,16.681319976066835
2048,500,806885.6429264969,93483.34473025288,8.631330481967387
128,800,261551.35848798105,97648.19890207484,2.678506735697954
512,200,403161.4626547123,21008.09746191717,19.19076505550067
128,900,897224.0607813175,120641.51190463375,7.437108890765284
512,300,755922.0567166586,43175.05575649103,17.508305281181062
8192,400,370093.0429937025,41606.18644279763,8.895144559872746
8192,500,478703.5476128182,42838.649147952376,11.174571494061677
128,400,645189.053648546,52214.952048342944,12.356404216386162
512,400,1935781.5872445086,143530.23617059793,13.48692539559168
8192,700,236548.47914232346,49093.90452489389,4.818286128013663
8192,400,722593.9222739902,67983.31925252365,10.628988555117752
1024,600,990694.273976281,52102.623525388204,19.014287706521007
512,700,279796.250070033,36260.498303880806,7.716282543201775
4096,400,348385.92834153207,53677.90002828974,6.490304727977865
8192,300,421185.4167695582,46505.060024839695,9.05676536154541
512,200,187766.29516939016,28346.010005815035,6.624082018275972
2048,500,3668634.0855096164,209404.91397304146,17.519331403951256
128,400,378533.04965923796,59222.677498968354,6.391690913769171
2048,400,268477.7115075363,32065.95222422041,8.372672348234422
4096,400,483391.1069521849,45558.52739847821,10.610332127818767
8192,800,705586.1392003335,58003.614134907264,12.164520258328237
1024,900,893350.3649938728,97683.68369178884,9.145338619831007
512,700,981026.0067416257,87044.25929154124,11.270427420788675
256,1000,2147260.1817655033,117962.59942855392,18.202889663058233
256,700,856102.3753697366,78794.09054059889,10.865058147078013
256,500,1928243.928913977,106790.77677264703,18.05627777218182
8192,700,658783.4475708475,62218.1646853655,10.588281587897782
128,500,197650.8786201105,58507.64553511288,3.378205990215278
2048,900,1027552.7721821762,89687.53677484854,11.457029695906837
128,200,873924.4112689238,45955.61932718424,19.016704030185252
4096,400,927352.8801816927,64357.49024554013,14.409400935984397
2048,400,507032.92804751894,25170.327772017878,20.144073316804118
2048,100,182170.12597452698,28552.74869818188,6.3801257069911035
256,300,584549.8151734866,36433.16718973165,16.044441377532408
1024,800,381506.798881485,55808.93110346344,6.835945275035185
128,900,2371648.8757870975,149366.22570343033,15.87807996498522
1024,900,793155.3424530291,95026.63949624964,8.346663068984272
2048,400,462851.3204844108,58389.33677677682,7.926983693168109
8192,900,351876.5236093776,63752.69376969122,5.51939851954403
256,500,1142755.7098003833,89207.63682998554,12.81006593615163
512,100,210487.2017368119,4328.569975217943,48.62742266889515
2048,400,323120.6222567209,24300.177747967304,13.297047684507154
128,700,4118153.8560155546,353412.1924421842,11.65255173444322
2048,400,1195122.5414542747,88732.91687839403,13.468762027649294
4096,1000,6691913.945202515,386071.47327980405,17.333355112597435
4096,800,1795418.6169954264,114000.34180152354,15.749238893698053
128,1000,2231383.354461807,249927.3451774492,8.928128104099684
128,1000,2432233.832839753,147764.26282835662,16.46023054752449
128,600,321743.3246152286,67837.41368004146,4.742859539615513
1024,400,391207.6489214323,55996.63409946781,6.986270785964086
512,600,2007938.0695941118,122850.25813623035,16.344597887352272
128,700,3541732.8511045207,188608.66401977988,18.77820867620954
256,1000,5366529.030024265,371124.7677284433,14.460174843278102
4096,700,1975972.098014028,145036.31470502613,13.623981704394149
8192,700,405594.6833824615,56419.31919593585,7.188932606114793
512,400,929980.5869835803,77408.52936214146,12.013929145105424
256,400,1163224.4249618247,115642.38356796416,10.058807065993985
8192,600,2328669.806769068,160143.11588582143,14.541179581077708
8192,900,4458648.223402932,287479.8079991563,15.509430921200622
4096,800,542994.704137374,69412.80529335505,7.822687785669358
512,500,1316056.7727690334,86030.55730520321,15.297550242528036
8192,800,2931900.875972341,148603.37174093782,19.729706275329754
2048,200,454495.39607879164,22033.946928467336,20.627053226292126
1024,200,339282.23361120466,26475.276122665215,12.815059304357872
8192,500,729978.3407043497,40311.48463667873,18.108445949920554
256,500,744553.3416111729,39414.57005197484,18.89030733125725
1024,100,218402.40118416108,40032.659209295554,5.455605635446975
1024,300,379688.1204404451,30793.876435997583,12.329987789279928
512,900,5120654.477832185,337507.04085377266,15.171993049030183
256,100,281874.7308020543,38444.170849535076,7.332053847780232
128,700,412175.9966575257,97654.43951026569,4.220760456202267
128,1000,3167622.5104647684,252421.36691300521,12.548947615660687
2048,700,261546.98789914424,40157.168139067406,6.513083467275048
2048,800,1498901.4598529236,129250.2100774949,11.596897668129307
8192,1000,3371639.9586109016,129989.63690302538,25.937759647149456
2048,700,333567.58282701875,46085.28628063976,7.23804948928242
256,1000,579716.7126346381,94456.4510313677,6.137396718855359
4096,700,955270.2717789188,46743.51996066081,20.436421403070867
128,200,281708.58198391687,18473.245593016192,15.249544567870453
8192,800,757351.0263055534,89339.93559589019,8.477183481878322
2048,1000,479199.0657011317,71564.52841553609,6.696041688679687
1024,700,837984.7772771036,28750.615749685116,29.146672355574903
512,900,1420460.7189556896,91945.85782138453,15.448882120552934
128,300,567588.2533298938,38162.0954646318,14.873089289762094
4096,900,884028.1160322907,59871.38519149271,14.765452865418332
4096,200,446961.7065029467,49379.87132482686,9.051495974195186
256,900,2693985.183451801,272591.03824391356,9.882882433725616
1024,500,1135819.4229566706,98724.72664549941,11.504913323641494
256,900,3287046.7628295715,198702.34125964408,16.54256684642881
1024,700,1498925.4084218023,141625.82650183098,10.583701048356627
128,700,1165638.1967195314,83003.72790694215,14.043202951394687
1024,900,327349.17647631175,51222.124598523835,6.390777013684153
256,300,567588.2533298938,37117.846473465084,15.291518966103084
1024,700,3109720.887510433,123706.87813287329,25.13781718887359
1024,800,1076584.755729826,107601.71209980687,10.00527533178311
256,300,259371.37396335875,29689.086327454082,8.736253150488936
1024,800,408601.6841619228,37267.751414926155,10.963947881177322
2048,700,208106.18671062207,32457.00781780014,6.411748978181903
1024,200,455400.36164545553,20902.52376236325,21.786860133389354
8192,900,1266879.4844986566,83647.85040139803,15.145392002535942
256,300,1448910.2638036832,111027.59974134572,13.050000785202254
512,100,241158.25160908134,24814.720098888934,9.718354696246566
2048,700,400620.3174058503,67540.68283769223,5.931540822123244
1024,800,1157274.0128112475,85500.40690778324,13.535304154276474
128,700,2008096.66828981,100907.3115413787,19.90040798447352
128,100,750407.9006906593,21494.514216197193,34.91160084581904
1024,900,6330171.860597497,320958.5163021913,19.722710378675433
2048,300,293388.1456075866,36890.090878800176,7.95303396165363
2048,900,1827352.0436540481,174891.5757525379,10.44848521600407
512,800,964389.243215399,77715.89252368681,12.409163838933786
512,400,250439.48938647826,47801.488008989734,5.239156767240795
1024,500,275619.6473642256,50519.457310624246,5.455712749833177
2048,400,702168.2249554102,59432.502626653106,11.814549176337659
512,800,798114.2537020734,49553.02954471504,16.106265571146988
2048,300,324163.7214680652,51222.569372482954,6.328533016584829
512,400,822379.2047460885,50033.43716073569,16.436592235391334
1024,1000,8429770.883988999,416251.7463152748,20.25161686073546
1024,700,1156520.4248208571,87211.33334309078,13.261125366253573
2048,200,228124.4652166349,27018.322017385482,8.443324684258469
128,600,1438909.3729274091,133081.68265043938,10.812227079416616
256,200,729050.4259525904,62099.829092908214,11.739974756804086
256,300,606238.5698150656,36491.496829709686,16.613146143172024
8192,400,1038942.6061751875,88650.28112064465,11.7195635822213
2048,900,464663.06528309186,69964.953848744,6.64136885286366
2048,800,642872.3214028525,68517.72669542223,9.382569335094473
8192,1000,417071.1943769633,75865.77577617505,5.49748803211923
4096,100,241158.25160908134,24532.76614188892,9.830047301405253
128,800,1703661.5478091442,158452.73359865765,10.75185961842931
256,400,727283.8182030823,33653.485663164014,21.610950659982986
256,500,252362.72119451498,33156.859648941274,7.611176808252802
8192,300,589142.5568371414,58071.471110720566,10.145128848447234
8192,300,1448910.2638036832,107726.9139262276,13.449844713790934
4096,800,720337.4048934415,68343.28498088372,10.539988019231544
256,400,280337.30602842476,35858.20505265218,7.817940290563713
8192,900,1433722.5340566714,73377.520108252,19.538988670393014
128,300,539268.5986410242,39983.32086521501,13.487338894608454
1024,500,1029313.4848599454,86515.89874078294,11.897391113556505
256,200,580150.4533275173,32046.193337824792,18.103568408630725
1024,200,471432.98638720385,43107.91686212757,10.936111524363197
128,200,178870.3755475477,29191.23879186256,6.1275363071405575
8192,400,985894.8209696821,36397.930118433396,27.08656282820832
512,600,600329.3234894471,67269.34945411752,8.924262362592259
2048,900,1040425.3071299348,82904.71088729052,12.549652438260107
2048,900,2515575.7061796393,142980.70076232674,17.593812960542262
1024,500,354360.42100449506,38170.92417670181,9.283516934619682
256,1000,2602805.349383785,242654.66336819905,10.726376791013257
256,600,577752.6918255179,46790.70387729099,12.347595653629815
8192,600,587462.3520981196,59744.38146305444,9.832930523540574
8192,700,1974970.7112147354,99429.23676280367,19.86307826063459
512,200,158445.1019707868,16533.01353799436,9.583558472668376
128,300,201281.70478772966,34381.62665711036,5.854339202595674
256,800,330720.02261691936,47446.796352278296,6.970334101409544
2048,700,278021.9477316928,43772.72282483471,6.351488547885247
1024,700,760899.436413594,52547.236199896965,14.480294139905421
8192,300,269434.96364929195,30204.690107881754,8.920302200981176
2048,1000,579716.7126346381,92921.41629265525,6.238784725459037
512,700,521873.2837229393,41116.05978836402,12.692687149721266
8192,800,748761.3002088519,58069.36721056455,12.89425623485406
512,800,402178.6110309183,54194.28811204028,7.421051646613783
1024,600,1411517.1491563935,84863.75272313808,16.63274488651671
256,200,288094.1627248924,21539.986782643522,13.37485327321708
8192,700,854278.959069871,46499.807562268594,18.37166654777857
256,800,1456197.9527410767,108262.39433710498,13.450635021121006
1024,100,281874.7308020543,37728.19861438061,7.47119505182561
1024,300,293388.1456075866,36974.25329648651,7.934930916791926
8192,800,439108.2374765545,46833.72399498413,9.375898391586004
4096,200,2218167.4996567545,128455.07587072687,17.268040866590965
2048,700,621076.9356263396,55893.73009184422,11.111746068938144
1024,200,178870.3755475477,28381.741463708036,6.302304450777649
128,600,587462.3520981196,72848.77070877024,8.064135418930208
512,600,1673638.1970284288,90169.60742991473,18.561001258980546
2048,900,2737696.712297286,133610.9631108938,20.490060460271252
512,900,1123296.3336229909,127345.81108039568,8.8208345770701
8192,1000,826349.4104389243,78832.83726044853,10.482299497972207
256,300,293388.1456075866,37479.227802604495,7.8280200209247255
512,400,370093.0429937025,42004.26775017883,8.810843821747778
8192,800,1895521.8684892377,161412.785793903,11.743319212082126
128,800,1508701.2435870254,97364.40382177394,15.495408839032292
128,100,227688.47636968194,15273.252584890693,14.907661292456224
4096,1000,1254891.0309195379,136115.48474894473,9.219311331360238
512,300,338919.38093513134,37371.90252391701,9.068828666622794
4096,500,1142755.7098003833,87256.9188585018,13.09644810692327
512,1000,8429770.883988999,423127.3894128863,19.92253655733748
4096,400,206668.87684859033,31579.073678484558,6.544488256772328
512,200,238578.68315014913,23096.097696600515,10.329826548372507
4096,600,814346.5883718426,56298.14497213727,14.464892027523714
2048,900,294057.5967798585,40795.631939715175,7.208065736410101
4096,700,1261049.720776447,98922.61063555247,12.747841091885114
256,400,2542643.8715529926,125668.96183340531,20.232870825523978
2048,400,516707.9614166772,36833.20774008487,14.028318279060823
2048,100,262444.6273855217,10180.220731062058,25.779856283935604
128,1000,1576272.337256493,156757.56450499504,10.055478612684528
256,600,361872.570519039,33581.57191906532,10.775927088558726
2048,500,275619.6473642256,50410.2817682419,5.467528402863717
512,400,1207063.7440872348,87582.77383884622,13.781976651119232
1024,1000,3371639.9586109016,131384.11220466706,25.662463307272958
4096,800,1089504.74836428,105636.5648009827,10.313708614217875
4096,300,428996.312166164,24372.895781103678,17.601368176315148
2048,300,269434.96364929195,30249.996951988345,8.906941844553868
512,400,286894.32414676377,57457.86312448981,4.993125545326503
256,200,247899.06660106505,33787.86890678461,7.336925193032427
8192,400,250439.48938647826,47486.545457664375,5.273904154804276
4096,1000,1075728.5105035822,107671.69029516692,9.990820312698933
512,100,161089.28079451516,19624.09282959512,8.208750447387622
4096,200,322122.36426520185,25588.8552799911,12.588385089546447
512,200,1054456.919766782,68968.2753748046,15.289013884084957
512,1000,2267997.345291167,125472.49587679592,18.0756533887567
8192,500,352378.15898929775,35906.47308310363,9.813778094376943
128,700,467424.1790744859,84366.35857819415,5.540409553664193
8192,600,475809.5188799946,51605.91974697675,9.22005694720457
1024,800,472867.47100825043,40691.58848042725,11.620767059405921
1024,100,218645.50938027076,29949.660287541967,7.300433703791285
2048,1000,1537705.5452043354,144736.3339148082,10.624184706166654
1024,300,1943187.519774883,112940.46682068823,17.20541427245928
2048,300,598352.8208073013,71956.18664862089,8.315515992102249
8192,400,1353355.4153698469,58402.18695491332,23.173026318597312
256,500,1081616.1681580597,92391.67103597312,11.706857945419426
128,200,990411.3490423433,70197.34463110403,14.108957457679928
1024,500,1635541.7488318714,113400.55311449726,14.422696397084696
256,600,1073537.6250929113,75529.50815050988,14.213486243729289
4096,400,1028274.809215903,49581.84816555354,20.738936672600396
128,500,902467.4317818253,76779.36590571314,11.754036011316847
256,100,265693.20229996095,21983.65099314314,12.08594525007846
256,200,178370.6388718134,34066.44972158685,5.2359620779263505
8192,900,1133708.535660401,93609.5407561437,12.111036188220957
256,500,2051061.0145559732,97714.73167047238,20.990294702674465
4096,900,650125.0266417335,56406.38672201878,11.525734308167463
1024,1000,221441.54023703758,34521.97724283392,6.4145091887228
2048,600,1579673.7496903632,126162.02460605148,12.520992387550768
1024,900,1350577.2361981303,117796.48203003765,11.465344405223734
1024,400,192273.61569343653,35417.13644567608,5.428830080273482
128,200,537056.0005832643,49550.597225714395,10.838537387084365
2048,400,556971.3282492398,41047.89911254656,13.568814489679884
2048,800,439108.2374765545,46904.488942816286,9.361752944625286
128,900,1177311.3504774338,126837.66098671831,9.282032964962314
8192,600,1189380.914396488,122335.43651839571,9.722292642636212
128,700,213514.5899054152,81043.3533172761,2.634572499357576
1024,600,515500.5166155271,50672.250334260476,10.173231171203529
2048,300,699748.2828636566,58052.336132726756,12.05374890105717
8192,900,1040425.3071299348,82738.50381520813,12.574862478220142
4096,900,1350577.2361981303,117176.79481012255,11.525978658032537
4096,800,404274.3458432289,49913.710597319616,8.099464876589211
128,700,478249.02265643014,72804.41898909131,6.56895596856681
128,400,589503.852354862,51922.942566058635,11.353436905176734
2048,200,729050.4259525904,60474.43679577299,12.055514107798176
1024,600,1113818.4328339002,87959.86561730562,12.662802802358563
128,300,292302.84750682185,33764.75863534988,8.657039449433427
128,900,294898.07729153644,105523.65052388472,2.794615954124785
1024,600,336194.15283313184,44659.388692452354,7.527961368847627
256,300,593783.3627159843,42533.040330698066,13.960520059212023
4096,200,294674.6176519196,36308.61704382817,8.115831492458597
1024,800,990407.9784344248,52787.042678911675,18.762331211823902
4096,100,238260.03014144656,13656.053678083988,17.447209549550895
128,400,717471.5546364848,61952.60358704614,11.580975021145086
256,400,1025225.3769875044,87047.72589089106,11.777738780592166
128,700,1590309.657393173,106202.386821974,14.974330662257087
1024,500,1316056.7727690334,85195.20001328425,15.447546018599926
4096,800,1722049.296501588,104968.21922749652,16.40543498951248
2048,100,241158.25160908134,24573.045278603204,9.813934287545065
8192,200,339282.23361120466,26333.609866803625,12.88400015521255
128,100,108535.84668169598,16644.296861294704,6.520903080867866
512,800,439108.2374765545,47187.54873414491,9.305595422014703
1024,700,1928301.8650120404,125187.67546269397,15.40328836592765
4096,100,451447.08790461137,30112.015246356947,14.992257549392313
512,300,1943187.519774883,114260.23915271426,17.006681713467447
4096,200,228124.4652166349,26987.990151324084,8.452814156872021
1024,400,462851.3204844108,58521.68555589176,7.909056550368149
1024,400,800321.1823490042,38493.05387533014,20.79131432234643
4096,700,1910499.078335023,184813.77084588126,10.337428155871645
8192,1000,273059.89397108473,39649.89963564164,6.8867739005732265
128,400,536541.6333486253,44766.77748087496,11.985263705386075
128,300,477420.32765333104,31178.092564262402,15.312685555388004
256,600,1265032.5558890367,112000.7551504031,11.294857380115475
256,400,302272.2069186029,39749.835279202234,7.604363761395427
8192,400,192273.61569343653,35290.91001805836,5.4482475967621715
8192,300,304679.11482795293,15836.270376217375,19.239322617623056
4096,400,918400.0224075835,70803.73803262875,12.971066894580535
8192,200,621846.6163423135,50793.10131812073,12.24273769872103
256,200,567102.9748162328,26445.01249438103,21.44460982715472
8192,500,1056377.4863901215,60201.68467375821,17.547307722612526
512,1000,2045982.7477085423,126596.34473591344,16.16146778942606
1024,100,160302.5948363584,25507.764619988688,6.2844626812472715
128,500,322024.0307379693,65960.00138039459,4.882110733758794
4096,200,264056.22414509824,20549.780780359943,12.84958837115503
8192,900,956352.2406683986,92861.4701047855,10.298698045478327
512,600,1265032.5558890367,110469.68987709572,11.451399540421113
2048,700,2341518.8832198023,121731.27705290983,19.235145969938966
128,200,231321.40941049068,30389.288426301457,7.611938988682788
2048,300,311387.6355416018,32878.61549635522,9.470825667100273
128,500,1719215.38210915,98454.77186746601,17.461981268144687
4096,900,4619599.471997239,212138.7154964969,21.776314904072866
4096,900,897224.0607813175,116811.78173220533,7.680938065290638
512,300,710601.0007973991,60847.63152910381,11.678367471994601
128,500,388783.55136339786,62082.49517400644,6.262369936544998
256,800,1918140.4399873128,167351.11182094782,11.46177291035609
4096,500,529128.4595767643,49948.40245750224,10.593501164065543
8192,400,650617.8428139732,62719.23001239291,10.373498569504367
1024,800,1456197.9527410767,106291.70299879521,13.700015256671373
512,1000,408163.86792457476,60904.48610802627,6.7017044885760075
128,900,1266879.4844986566,98276.93251912572,12.890913991969667
128,100,492691.06983320694,22611.811772883277,21.789101854458917
2048,200,302966.2906989277,20637.04520517809,14.680701025111373
512,300,523839.7194912961,29845.96576160934,17.551441413402262
4096,900,1040425.3071299348,82793.90617256892,12.566447885202521
8192,300,1319394.5041203022,70498.40280997702,18.715239658359746
2048,300,280246.07493975415,36570.36131791679,7.663202244667301
2048,600,277895.0367391914,36015.17930638649,7.716053122354243
512,100,195815.20685313316,26337.427059410064,7.434864704567662
256,400,272607.0302347286,27515.142112125257,9.907527612390462
128,1000,1293835.2562458462,114859.14467036695,11.264538491549892
8192,600,366632.4805213986,59234.86589688568,6.189470930171796
2048,1000,446651.3333974847,54443.24424942433,8.203980853000093
8192,900,2693985.183451801,265624.7539023904,10.142071263590758
256,1000,1110511.169770312,115290.31787463636,9.632302089563606
8192,100,160302.5948363584,25420.922782743324,6.305931385983274
128,1000,545888.7651344261,119286.35685419329,4.576288349569428
8192,200,293915.9101701534,25605.165505158675,11.478774082164716
2048,500,2196114.208881314,146468.2748569608,14.993787637807664
1024,700,3448596.5279287403,185661.916745595,18.574603711832903
2048,100,328537.3384316886,21049.77462938154,15.607641612139261
128,1000,2024932.8448374039,109528.88859705196,18.487659929491024
1024,200,546382.5510007876,27015.8166436223,20.22454320772027
4096,600,1347049.1733513118,80220.12446145037,16.79191078790502
512,300,631065.4049991072,45913.103933716135,13.744777654548562
256,300,338919.38093513134,37659.431554846815,8.999588335302741
8192,700,2341518.8832198023,121006.12594633322,19.350416062888225
128,200,616358.642056043,49280.31765321057,12.507197019171157
128,500,275619.6473642256,59620.48515455305,4.622901787024075
1024,300,348387.2327483427,30906.468477812086,11.272308028283842
8192,1000,3167622.5104647684,232924.68675067252,13.599342150690356
1024,100,175781.17843605467,33600.124238254924,5.231563347492674
512,1000,572337.0936122428,57903.706722017756,9.884291110410258
8192,600,301566.36412455083,44992.30341341965,6.702621142855381
2048,900,2811196.4967248477,239395.88503124096,11.742877269415006
128,600,619497.840104302,64781.918301211816,9.562820249068075
2048,100,197248.14701072237,37123.179833120965,5.313341903829568
8192,500,680833.8477006628,38611.89650843252,17.63274817521523
8192,100,281874.7308020543,37519.373379127224,7.512778210706121
4096,500,684786.1715999929,36783.058235269484,18.616890613608216
1024,600,301566.36412455083,45149.33083087896,6.6793097167743785
2048,900,352242.1754015408,49940.48044438356,7.053239621789721
512,900,1955281.9949461638,131232.0275884347,14.899426846305012
512,900,1214447.5816939394,44574.09087554049,27.24559397262667
1024,600,577752.6918255179,45750.68957447886,12.628283796356287
512,100,224519.21513876753,17042.361865500796,13.174184242224454
256,600,1859703.732446276,92665.8158205032,20.068929582928234
128,800,720337.4048934415,92812.227955092,7.761233845630588
256,1000,2319639.5602919664,172214.76043654312,13.469458450669194
128,300,304679.11482795293,35572.315455000964,8.565062772294722
8192,1000,994622.0607432447,95631.5478931527,10.400564276702045
8192,300,1485238.8059920757,76397.32127257086,19.44098014501099
1024,300,269434.96364929195,30310.406077463795,8.889190166594982
8192,800,3795947.9144097976,257545.91031093788,14.738917460684622
512,100,235139.55326587212,33387.0333173869,7.042840585162712
2048,100,393830.47730125586,36469.62574008183,10.798862596180077
1024,600,475809.5188799946,51796.13485958143,9.186197390401954
256,300,992926.1937331229,78913.21787179852,12.582507981694766
128,1000,1011070.0608410487,117822.86237593276,8.581272262891282
2048,900,1515509.9174744599,92822.15497536311,16.327027937206445
2048,200,1153015.216786104,63586.376463599685,18.1330542942033
512,100,160302.5948363584,25607.012433983386,6.260105322697419
1024,300,1319394.5041203022,71090.67620702914,18.559318528325463
128,400,1458623.4241702852,112397.13389618693,12.977407640282978
2048,1000,869120.1067873109,61768.02774248738,14.07071163759181
1024,500,425955.99159910204,56633.02921470252,7.521335120257341
4096,1000,8429770.883988999,411106.86878239847,20.50505969154928
128,600,600329.3234894471,69164.13647952555,8.679777613751613
1024,300,421185.4167695582,46727.21827016225,9.01370619441532
2048,800,1508701.2435870254,86046.72307365466,17.533511907194892
2048,600,7384675.732784945,507720.37876543467,14.544769210842812
4096,400,417483.83239049086,42610.39720637375,9.797698678294479
1024,100,451447.08790461137,30390.284377228334,14.85498070044004
8192,300,1845060.7312072066,98554.33931371769,18.721253108237256
256,700,738161.5243340526,51977.90262439922,14.201448828517146
512,400,280772.4337732075,37204.030187196215,7.546828458112461
256,200,818770.9392036701,49442.09051923173,16.56020064291555
4096,300,269434.96364929195,30219.792389250615,8.915844297630972
1024,700,208106.18671062207,32515.966188398343,6.400123111976728
1024,200,441129.5010736896,30190.486895646347,14.611539807173603
512,100,175851.78827365956,14424.377517858551,12.191291309170241
2048,200,424018.35854583816,46837.16340284668,9.053032415709168
1024,900,403834.3671277611,62514.166146430616,6.459885687059091
8192,400,4998987.680904299,282212.5761674707,17.713553906037827
256,500,796262.0923664157,75600.1656836679,10.5325442764001
4096,500,302176.63714711065,26145.461812893736,11.55751767972563
1024,200,303778.26578856254,22791.60732309358,13.328514372953391
128,800,2966537.0316351773,237180.54124166243,12.507505953503086
1024,400,268477.7115075363,32158.042781654378,8.348695638302289
4096,600,1438909.3729274091,125586.02149454286,11.457559972070097
256,400,417483.83239049086,43489.2022727518,9.599712355544074
8192,800,313699.6727678082,47686.12652509306,6.578426381575265
256,900,5120654.477832185,343820.25913173653,14.893405323943345
1024,500,529128.4595767643,50101.82887405337,10.561060772988832
4096,700,333567.58282701875,46042.371477202934,7.244795872258205
2048,300,344211.749081972,33932.02103593418,10.144157010790781
128,400,1107897.300739835,59849.299810246564,18.51144966194168
128,500,680833.8477006628,60922.8209824693,11.175350003844612
512,200,488369.1623068054,29867.074651031475,16.351422695825995
128,300,699748.2828636566,61169.2481102475,11.43954363477667
512,700,1975972.098014028,147143.0555334004,13.4289184824322
4096,700,1071397.6074432055,121946.08077930051,8.7858305949351
2048,400,751245.1031865062,47179.063768638705,15.923272807415916
8192,400,2480530.8819522187,125547.26372835398,19.75774547599326
8192,500,1081616.1681580597,89663.19947731083,12.063100296033507
256,900,724388.4229742284,52393.67892599474,13.825874376896033
512,800,434330.6714537496,40920.26827468737,10.614071944450561
512,900,2036639.3561944168,143345.24080608017,14.207931457938088
2048,700,1305625.1659112696,115509.75544850226,11.303159294570206
256,600,1113818.4328339002,90831.04944903134,12.262529604030446
1024,200,231321.40941049068,29211.5994410747,7.918820394518607
8192,100,266124.21278174495,15098.571716162805,17.625787245614948
512,300,606238.5698150656,35603.342115856474,17.027574766501157
512,600,1560567.1179753006,58696.80951314345,26.58691555672812
512,200,439331.3197918972,39421.25759548457,11.144528272031067
8192,500,1948845.0513142934,63681.41641111079,30.603041847138776
2048,100,139580.10039391532,9133.892705604358,15.281556822785099
8192,300,370190.34188728064,25225.036160387826,14.675512833103866
8192,200,990411.3490423433,64611.7479158447,15.328657418962433
8192,900,2371648.8757870975,132141.347879209,17.94781810425479
4096,1000,2569704.1318722093,268387.839689966,9.574592257386394
256,300,557678.8065030912,38815.76325441669,14.367328109660066
2048,600,600329.3234894471,66795.65269776552,8.98755082468907
512,500,848073.2256146391,76213.46890328245,11.127603005328016
128,200,647354.1447375459,71292.92688163197,9.080201543869162
2048,900,524083.81164971605,62181.83487243323,8.428246170684416
2048,200,407374.5279930992,23554.90866004437,17.294676615924175
2048,400,1022340.4566662604,85886.29064492848,11.903418450015792
128,1000,994622.0607432447,126747.76651454996,7.847255127995234
1024,400,448663.4543097004,31219.377219992457,14.371313404111808
8192,700,3109720.887510433,121931.19666189529,25.50389869569985
512,100,561090.7915354106,57766.58148760503,9.713068993978876
2048,700,1394949.847773862,113418.33678354556,12.299156268144445
4096,100,108535.84668169598,15943.352460597747,6.80759250288987
256,1000,3167622.5104647684,242442.0499548191,13.065483116708009
128,600,2007938.0695941118,128841.80891373742,15.58452249718469
256,700,407184.93569809315,55882.88191519223,7.286398298427708
512,800,565468.5134700387,53749.80587503467,10.520382432351882
2048,900,431790.3476147726,37957.87120531904,11.375515378066455
8192,800,381506.798881485,55623.98651009604,6.858674158714597
128,300,216364.3903909925,32248.612504742956,6.709261998765707
512,500,383048.944920708,51734.15737372828,7.4041786774172635
128,700,2341518.8832198023,136238.67384537274,17.186888400553308
128,700,1394949.847773862,118558.74846162989,11.765895523309448
512,700,3310114.330289272,180937.0538816137,18.294286655374993
4096,400,370093.0429937025,41632.72519662305,8.889474355710009
8192,100,262444.6273855217,10156.499619973973,25.840066677046188
1024,600,871205.033938955,66338.20922801581,13.132778892847014
128,900,893350.3649938728,107176.8948357356,8.335288742625583
512,100,218645.50938027076,30062.798710806925,7.272959230561339
512,1000,3837502.7851297874,166425.74716737992,23.05834794462592
4096,100,411777.35758357693,39854.64458597343,10.331979167328948
4096,700,837984.7772771036,28471.45595964239,29.432452575130934
1024,900,1243025.436925558,102834.24968773137,12.087659906112554
512,400,5639699.090370915,252853.25683391053,22.304237489317426
2048,200,554157.8611631937,67302.25007053251,8.233868267144684
512,400,759015.6166181453,57054.61346029367,13.303317130460819
512,700,333567.58282701875,46342.77510126069,7.197833580275699
256,500,1316056.7727690334,87701.2718890411,15.006130976459465
2048,1000,11982426.281722829,785859.2991378877,15.247546596277383
128,600,577752.6918255179,69348.05711601679,8.33120228384998
128,200,348597.69233334926,41788.26135544644,8.342000385424388
256,300,348387.2327483427,31594.964796852237,11.026669438892744
512,400,609797.3191264495,28381.29905738995,21.485884697996934
256,1000,6691913.945202515,409096.3277896934,16.35779519546963
4096,400,800321.1823490042,38251.574536327134,20.922568340002506
1024,900,2693985.183451801,267180.9265761022,10.08299962865973
1024,300,1189979.477105806,113256.57606223662,10.50693494788232
128,700,457264.1461751752,81155.12225248374,5.634445904136146
8192,100,416791.6069918378,23646.547566206886,17.625896796345515
256,700,1090174.6409887457,68004.56774434651,16.030903175314666
128,1000,1105069.910134867,117926.23224716319,9.370857434152022
128,600,1560567.1179753006,73778.9525409219,21.151928351242496
2048,1000,294371.22873578465,44362.662216365665,6.635562746439263
8192,100,294643.4076179794,40705.78926599817,7.2383661619379795
4096,900,379634.2002599643,60945.76904864849,6.22904930376595
256,200,471432.98638720385,44333.0689633356,10.633890172978754
2048,400,927352.8801816927,64516.024844288346,14.373992855571789
512,800,757351.0263055534,90071.50799523454,8.408330704817587
4096,500,2261971.3099325118,97545.36754486276,23.18891575135224
256,1000,572337.0936122428,63137.15361199734,9.064980932296688
256,300,699748.2828636566,59498.27550922224,11.760816206432665
1024,400,1207063.7440872348,86952.69630614712,13.881843753727296
512,700,1815944.1681276183,100358.74869088575,18.094527799672896
1024,600,1359173.224955309,87956.14561386313,15.452851139273706
1024,800,350834.2661993551,45256.917957947284,7.752058293614916
2048,200,546382.5510007876,26776.78550997178,20.405083754258428
512,800,1837775.3929265079,168672.19594525892,10.895544358258913
4096,900,3244847.3627912626,142534.2565804688,22.7653859544941
2048,100,218402.40118416108,39957.50557921306,5.465866750645709
256,800,2167686.2887046863,126274.855960436,17.166412681427712
8192,100,326753.2961187554,30343.939115467227,10.7683216366658
256,200,455147.6060463245,38450.4516267042,11.837249935712594
128,700,3448596.5279287403,204408.08081748415,16.871135985117878
8192,600,3223885.097946689,196010.02761450358,16.447551878759803
256,100,156565.85061018448,23392.69103010603,6.692938850373677
256,600,920239.8644664808,87487.82051924868,10.51849113402035
256,1000,698478.505482836,56458.12841349437,12.371619908602723
1024,600,1520778.5641159194,102499.3162885427,14.8369630079758
128,700,1077720.5997184822,86466.88015020516,12.46396999459596
2048,700,1974970.7112147354,100116.16441795636,19.726791599504327
256,900,286865.0870852871,51042.72530563347,5.620097386407117
8192,300,659727.5622749919,48705.36261121294,13.545275651496937
4096,800,2255980.5821746574,163520.79990504717,13.796291257654405
4096,700,1815944.1681276183,98464.41517584643,18.442644125642193
512,900,1248054.3698503163,61821.0126495833,20.18819033141038
128,400,497208.94016899687,48051.09897312966,10.347504027889931
128,500,410663.0010763077,61794.54678124966,6.645618787852577
256,100,245877.24929738278,32004.864307907977,7.682496227194744
128,400,1058941.4549510805,70435.20404407526,15.034264034905632
256,1000,294371.22873578465,62272.555582159584,4.727142253659473
512,300,710106.3343217877,31686.38554754873,22.410455533219434
128,700,293181.3307253232,85335.45718841201,3.435633210214233
512,900,294997.65331180184,40077.85831593316,7.360614207135015
128,1000,698455.7931232838,108445.31548148034,6.4406266884120225
2048,1000,1016157.2551525794,124971.52194910712,8.131110506651227
256,100,227688.47636968194,14899.521024616024,15.281597038824925
1024,700,1709804.1794130243,161613.8911316378,10.579561988395875
128,400,276263.3149811592,39177.38721993352,7.0516013084352895
4096,500,322024.0307379693,34769.26706110624,9.261743429104186
512,500,332714.6947629053,34730.07929192971,9.580015408724357
256,1000,446651.3333974847,65034.84385428194,6.867877385825027
2048,600,990694.273976281,51822.018201801104,19.117246073250172
512,1000,685893.1958661461,82814.68622062249,8.282265225746217
512,600,748032.2578869251,45251.094928080776,16.53069962341906
128,500,300752.875504241,61482.8756065851,4.891652716907551
1024,700,378037.0673788125,44403.962041082654,8.513588652946142
256,700,621076.9356263396,56940.6946678545,10.907435170034281
128,600,704102.0507816371,70119.83671935719,10.041410301619592
256,500,354360.42100449506,38723.16598964631,9.151122124137343
2048,200,444976.053135178,48973.41962369589,9.08607274219984
128,500,426493.0009297173,62579.58215132287,6.815210109559699
8192,500,243181.5820191118,32150.815208157874,7.563776546400213
4096,300,230264.07595978572,49920.300990833304,4.612633966331019
128,1000,2045982.7477085423,133190.75993541427,15.361296449548473
256,200,512359.0335529923,35114.15410637471,14.591239532664046
1024,1000,3409713.0555930547,183355.3989897273,18.596196645314425
1024,100,156155.3709251537,15091.98529907834,10.346907171629038
256,200,267893.4062848083,27253.11227675473,9.829828005123117
2048,200,267807.61927197484,30693.51786211094,8.72521750276677
8192,400,272607.0302347286,26894.98737754607,10.135979110453912
4096,1000,2116060.4117434192,179771.9952605869,11.77080116775754
128,200,301115.8417855456,23316.950421347796,12.914031910015963
1024,1000,1110511.169770312,113047.4175426054,9.823410334444674
256,1000,479348.08908362815,72712.55801730376,6.592370041080873
4096,1000,1724160.6505523315,217185.90406273838,7.938639747330352
1024,700,380223.97183319967,35648.69700468068,10.665858889127874
512,600,515500.5166155271,50905.50173617524,10.126616947755066
1024,300,855204.3783913605,88620.11330592679,9.650228898253571
512,800,3393310.868401018,237195.95014153284,14.305939314631036
512,300,254889.75594227144,24331.991297328557,10.47549922353688
4096,300,1113535.2413315373,69473.1041879998,16.02829259389679
4096,600,1265032.5558890367,109130.00776295179,11.591977145616026
4096,900,2503426.6766103623,190277.6038713783,13.156706967482103
8192,300,259371.37396335875,29201.35254647029,8.882169877254888
4096,300,2227073.6718701883,134655.81098888023,16.539009015022
4096,200,255147.66344350908,25235.892616365454,10.110506781838422
256,1000,3543171.638496998,167787.85781647245,21.11697285254422
256,600,301157.92247518396,38275.88614068562,7.868084918223905
1024,100,440534.5063805493,26198.154357778985,16.81547869228971
512,600,766215.1891662912,80005.07319936834,9.577082533965365
2048,800,6055082.549887964,416774.44951685163,14.528439919739215
4096,400,493426.1138334501,40347.35142270925,12.229454882030454
2048,100,326753.2961187554,30406.108724410282,10.746304273273715
4096,1000,3176791.0388492523,227371.27423411873,13.971822296154206
4096,600,515500.5166155271,50497.31178282441,10.208474439838671
8192,400,1216415.392278558,72543.1931908356,16.768153410046306
8192,100,146706.39400803123,14456.016849306623,10.148465897441724
512,500,1004255.2387707041,81782.28709863621,12.279617927039496
2048,400,1058941.4549510805,65135.09346714821,16.257617799921825
2048,200,293915.9101701534,25663.59163351026,11.45264132812854
2048,600,304190.6841980027,43083.11187307334,7.060555075366314
1024,500,332714.6947629053,34519.45985469113,9.638467582153954
512,700,534798.5737651555,57489.394116412266,9.302560619828823
1024,800,539943.7499389009,68260.638030941,7.910030810057132
256,300,2227073.6718701883,141527.8121441578,15.735943615108877
128,200,546382.5510007876,30362.252514729607,17.995455071580135
4096,400,1870496.0197860543,115305.27186110805,16.22212054657116
2048,600,494811.763320501,33114.60734600061,14.942401646210717
2048,1000,513294.38538745674,56313.6919039828,9.11491269765522
128,900,8254575.692679603,426203.60563059355,19.36768151096814
256,800,1076584.755729826,109435.75398208958,9.837596183656956
256,500,2196114.208881314,151882.27900741552,14.459318251170636
8192,400,206668.87684859033,31561.339058705962,6.548165667628169
256,300,258219.74881186627,34579.90467074803,7.467335473319004
4096,1000,2267997.345291167,123213.00141715335,18.40712683893295
1024,300,712240.1359618143,57306.13157735241,12.428689851459005
8192,1000,302525.00635608734,43244.65042059604,6.995663126276641
1024,700,315228.3747251219,41347.32660536675,7.623911885132769
8192,600,748488.6968173437,41413.23713987529,18.07365829165408
512,600,1395648.6646601872,64691.72469657064,21.573836085006583
256,1000,312107.5425221008,58412.46821374808,5.343166485963394
1024,300,352724.81504573656,47056.43352726768,7.495783012143152
1024,300,659727.5622749919,49213.90607712503,13.40530786646171
8192,500,547947.0610900542,34671.209862081596,15.804094038533114
8192,200,231321.40941049068,29064.38831792136,7.958929218815036
256,800,439108.2374765545,48891.62351187926,8.98125703209393
128,200,429598.63341412734,43277.65468223584,9.926569186071546
1024,100,411777.35758357693,40065.96026992153,10.277486295335544
256,900,1308345.5914862202,145193.3384893515,9.01105798033685
512,500,536411.265352276,55076.61730325877,9.739364754351712
512,500,1081616.1681580597,90983.42765085713,11.888056936134458
4096,700,1077720.5997184822,78144.18580391303,13.79143679892965
8192,900,286865.0870852871,44637.9858844058,6.4264791836296284
8192,200,255147.66344350908,25217.89480581354,10.117722569954147
256,600,871205.033938955,68392.87026023149,12.73824348391964
256,700,645160.4321416902,55449.776596509095,11.635041144283113
512,700,1928301.8650120404,126544.02279311125,15.238190018383172
4096,400,702168.2249554102,59330.98018405511,11.834765290867624
2048,300,589142.5568371414,58242.66924059665,10.115308321523385
256,200,231321.40941049068,29716.32329188617,7.784321335393849
256,700,2008096.66828981,94989.86386528314,21.14011523521857
128,300,312168.8922607341,37256.63379765559,8.378880764058122
128,1000,580916.476577433,124089.35917466675,4.681436671453365
2048,500,1635541.7488318714,112812.68568581076,14.497853134947437
2048,1000,769649.2324021604,109976.24542468748,6.998322496190522
128,700,1045408.0241182556,93504.47579775327,11.180299287270852
256,800,2136955.041838934,187531.75749764283,11.395163519788346
1024,100,265693.20229996095,21640.577724822106,12.277546638471042
128,600,748488.6968173437,63972.02086718295,11.700250932690347
256,900,1054531.738613507,90396.47078751157,11.66562952543046
256,700,287067.13302259246,46391.38428767831,6.187940658171701
128,700,846198.6093720014,84246.87798421347,10.044272614239373
512,400,4998987.680904299,290247.646638021,17.223180752051814
1024,500,1099475.18341143,107421.78053941316,10.235123434842263
128,800,495849.1306745515,90364.92656588534,5.487185676104394
4096,700,827521.4020377933,79047.1545819496,10.468705754359407
1024,400,267438.88840405195,31546.477499055043,8.477614922682347
4096,800,434426.7204782538,44756.555987930624,9.706437657879762
512,600,814346.5883718426,57562.07064372685,14.147277526066388
1024,400,4442587.57781933,219529.418663486,20.236866679947433
1024,300,344211.749081972,33997.42278586126,10.124642425105286
4096,900,2811196.4967248477,238926.75599025315,11.765934229816976
512,1000,955305.2655002145,60331.696577991024,15.834218490197562
2048,500,197650.8786201105,32923.858442619094,6.003272033397413
2048,200,512359.0335529923,33630.160733022785,15.23510510759726
1024,600,7384675.732784945,510901.3253991859,14.45421134309062
8192,100,393472.13590939116,30543.015020910498,12.882557129347266
2048,900,886883.8639710776,57649.82549169011,15.383981762423838
2048,100,515844.5024344241,29860.459479903715,17.275169619596472
1024,600,367755.22163725854,42587.3274721714,8.635320492406278
8192,800,1195928.767457557,55266.23284314115,21.639411733596717
8192,100,165503.19357985037,30640.2877305179,5.401489536764639
8192,400,423445.70962851855,62013.34375891064,6.828299910334605
4096,500,762034.6534398849,52378.33293591273,14.54866183641753
256,100,251149.902940296,17360.015795293908,14.467147144438643
4096,500,2196114.208881314,146081.56027478544,15.033479959759003
8192,700,457264.1461751752,35700.48821924015,12.808344338796486
128,700,375782.8689181736,69737.61936348946,5.388524477147718
1024,300,1485238.8059920757,77601.31228624887,19.13935167118641
8192,500,279270.9206631066,40708.47177427006,6.86026540646561
128,400,727283.8182030823,42967.461238325974,16.9263856239745
4096,800,3393310.868401018,233794.29621574885,14.514087483424404
128,500,1029313.4848599454,89847.23411066456,11.456262344059953
128,500,3501707.677208684,208027.88025411445,16.83287679003029
4096,900,537180.5876852644,68836.85019009504,7.803677626181675
2048,200,187766.29516939016,28207.122588649727,6.656697952060714
256,800,798114.2537020734,50006.01314023605,15.960365635705745
4096,600,2007938.0695941118,121227.58495235175,16.563375987266657
4096,400,722593.9222739902,68026.84177306795,10.622188292740463
8192,200,302966.2906989277,20575.854416118607,14.72436014426655
128,500,1750884.75796276,141323.76899859364,12.389173954030221
512,100,476164.13868521515,22959.26432550392,20.73952074136261
256,300,222632.77745948828,38788.32045596039,5.739685937478572
1024,1000,579716.7126346381,93140.70696961416,6.224096117541415
8192,600,259255.36243404803,38556.62610136729,6.724015782720531
128,500,529128.4595767643,61680.22166788071,8.578575842769743
4096,300,926417.6432302928,71028.83980109282,13.042837892672988
1024,300,261379.56854649744,33520.84293865713,7.797523738434022
512,500,518312.254828176,29070.479098205094,17.82950508236303
128,100,561090.7915354106,59790.7005109521,9.384248499189825
1024,200,267893.4062848083,26545.34670614281,10.09191589209176
128,100,1092803.7387833276,57421.40767217122,19.03129482687596
512,100,134251.67023914307,12862.884096284724,10.43713596688008
4096,700,278021.9477316928,43727.54473384273,6.358050730356214
256,1000,2727554.5057190047,224957.34510990366,12.124763049574794
8192,100,251149.902940296,16956.594236406323,14.811341206777804
1024,400,1288111.9282041462,90106.72309903121,14.295403094266952
1024,500,2747574.4533426804,178961.26426577708,15.352900330779018
128,600,389320.9151464497,72089.82396634229,5.40049751443724
256,1000,2231383.354461807,243630.85813855185,9.158869986793006
8192,600,3334261.0663009738,221901.70321370324,15.025847111637091
512,300,992926.1937331229,77385.1304671395,12.830968788697136
512,300,1170753.532610186,101416.88662297247,11.543970354390591
2048,900,583040.4496608585,60913.59330752759,9.571598357649464
8192,700,1209209.167898474,93518.26571533749,12.930192392352689
128,900,467776.26982089627,115026.20169640075,4.066693178790179
1024,600,2419389.5629132264,215835.29784514845,11.209424904396421
8192,800,434330.6714537496,40550.8570560135,10.710764284310988
2048,600,1560567.1179753006,57077.39013814643,27.341248683554113
8192,900,1248054.3698503163,61103.09951785541,20.425385613795463
8192,500,897670.7654820144,69020.58878325314,13.00584045002846
512,800,1554591.3203199022,115219.61290483916,13.49241922556928
128,300,280246.07493975415,37673.06707845043,7.438897246039709
8192,500,4695401.374645652,268694.1920322166,17.474889721779586
8192,1000,446651.3333974847,54333.158166662026,8.220603190917457
128,100,435978.16982307914,20307.759048894506,21.468551442499635
2048,600,900676.9203849126,46853.05201268877,19.223441839839822
8192,500,2261971.3099325118,97376.84696003907,23.229046539787493
512,400,272607.0302347286,27195.062249116647,10.024137019343776
1024,300,296597.9159802322,21215.32220636414,13.980363488953243
2048,1000,2856003.9196138727,151559.9185525759,18.844058157916795
512,400,751245.1031865062,47822.13366640589,15.70915067125583
1024,800,964389.243215399,77204.76980332876,12.491316866458922
8192,1000,3837502.7851297874,160428.91747891906,23.920268524120967
4096,500,1069999.0403025069,82814.88909155023,12.920370383152287
2048,300,539268.5986410242,38091.94992281949,14.157022671028141
2048,300,338919.38093513134,37156.25575071965,9.121462162628351
128,100,265693.20229996095,22441.082017571185,11.839589645986113
1024,400,308571.78710574534,44636.678522344155,6.912964793096802
512,700,3448596.5279287403,188339.94018443616,18.310489663273888
512,200,362870.93417237594,46106.15915927805,7.870335347579143
1024,500,806885.6429264969,93723.77302880904,8.60918864927124
8192,300,428996.312166164,24344.939246722264,17.621580724376745
512,200,407374.5279930992,23791.31654725729,17.12282408516237
4096,800,990407.9784344248,52460.231836759034,18.879214669052285
2048,200,258575.22455103416,13880.917415397425,18.62810769727722
256,700,1709804.1794130243,164863.12097943894,10.371053084857373
128,1000,241624.6556784524,115278.94675509605,2.0959998549585213
4096,700,1080619.3254498944,105143.99758950417,10.277517977476686
4096,100,243486.65718518556,19700.801685206585,12.359225836379071
2048,100,488364.1528199807,29172.62302054964,16.74049510309613
4096,500,744553.3416111729,38395.89718620483,19.39148180339127
2048,800,849231.1618606653,86380.91883344318,9.831235570648706
128,400,483391.1069521849,47371.71703252915,10.204213341480752
2048,400,1163224.4249618247,113205.31673424035,10.27535153399728
2048,600,2419389.5629132264,215000.72652305762,11.252936685559341
512,500,388783.55136339786,51044.656722329884,7.616537681471398
2048,1000,1142864.081932819,93229.7513317016,12.25857696291208
1024,900,349162.6643343596,47911.069780799575,7.287724234333147
256,700,1179247.8614935155,69769.77271750802,16.901988003718913
512,600,379768.6130398287,31424.826505849913,12.084986784863636
256,700,1974970.7112147354,106527.48919938161,18.53954060175296
128,600,1122422.6318069906,119692.67452086376,9.377538235318987
4096,100,181251.64046682065,14062.540367087327,12.888968545898795
