P,n,Algorithm Time,Optimal Time,Makespan Ratio
4096,600,30255.014469006615,18779.00655706,1.6111083606620387
256,400,76147.1126503591,43244.960742362484,1.7608320447789394
8192,800,68591.26275245984,46379.37991347244,1.478917201575936
128,1000,168017.32251897108,119404.61005167404,1.4071259262624718
2048,600,143323.9534564949,111680.57587899217,1.2833382379026133
256,900,92036.48828772537,51518.201495127876,1.786484885277475
256,100,19329.629764948004,12924.548421892341,1.4955748652855343
4096,300,30583.523532160314,17279.41691731119,1.76993955748128
256,200,36284.67038740973,22891.533499154106,1.5850694488750843
2048,400,47604.3246657511,21733.26502109654,2.1903899216036544
8192,1000,86603.66955283961,60202.342442558154,1.4385431868448006
1024,500,118786.54869951829,53664.96732667876,2.213484040275662
256,600,120658.08353404133,58028.72573355824,2.0792819764481627
8192,900,61626.59858858259,52575.017380802,1.1721650635361618
8192,700,72605.75851151015,35360.41439156067,2.0533062115029592
256,1000,97103.42133648467,58863.710166351215,1.6496313443727295
8192,900,221591.67927989885,149649.57060028278,1.480737154079613
2048,700,46664.22290576707,41611.35817859911,1.121429940005339
1024,600,87678.48845066909,43965.34404781527,1.9942636717527522
4096,1000,43986.18135025442,33915.21825046568,1.296945254057165
2048,200,19948.261974834255,12441.910416424595,1.6033118152418546
512,800,84220.89620722624,54149.74440156318,1.5553332178756318
128,200,58285.01854233845,38939.521911435,1.496808786582006
2048,800,133475.1760464003,71810.48771496736,1.858714239293215
512,100,66703.03754911813,60573.79424177784,1.1011863856980078
1024,100,13984.174823580579,9640.921141579869,1.450501940449331
512,900,68804.69283880602,46304.128599874144,1.4859299790168825
256,800,154039.75669652497,86969.02217444926,1.7712025827718287
1024,100,45639.6270317588,20829.72320776272,2.1910817813820036
1024,700,209677.82798771514,101971.47650017287,2.0562399916545258
256,300,59327.13999468712,35896.699653227304,1.652718510832605
1024,600,98012.29638872793,86765.25402755744,1.1296261099817484
8192,200,32388.0894504311,18018.92824454402,1.79744816178165
1024,300,29650.626806850883,18573.116360380285,1.59642712787289
4096,900,95360.32754887053,52757.84825268096,1.8075097963083562
512,900,66513.19346264741,53309.00486140186,1.247691522953301
4096,100,66703.03754911813,60573.79424177784,1.1011863856980078
8192,700,46921.630900658856,41694.171098573366,1.1253762735737505
1024,400,107625.74788373818,63377.543120814065,1.6981685086557479
256,700,60771.30753997979,38261.990551516115,1.5882944578682343
256,400,49439.15301848036,22632.151942540644,2.184465407620024
512,500,164078.7845662949,62904.27191045394,2.608388581301216
256,900,79596.20792551414,47728.093563071816,1.6677013889173928
8192,500,128422.97040234516,84889.56492633495,1.5128239909556307
8192,300,49767.175793178,23136.448596413335,2.1510291687935643
1024,800,93075.89500707264,66116.18200423285,1.4077627017409111
4096,800,133475.1760464003,71810.48771496736,1.858714239293215
4096,800,93765.79308350921,64362.85987349461,1.4568307447463669
8192,500,99635.128304543,66624.56129320196,1.4954714353174927
4096,700,209677.82798771514,101971.47650017287,2.0562399916545258
4096,800,64537.565477884134,43948.578664085064,1.4684790143310018
4096,100,12703.369920195555,8321.239576006265,1.5266198988940145
8192,600,72309.61398626034,60947.46333963169,1.1864253247639316
8192,800,119632.84839099458,62102.16000225037,1.9263878806576051
512,300,62526.09548373634,51521.92639179481,1.2135822525008306
256,100,28025.612252412695,17954.53769414384,1.5609208507526036
128,600,95867.833098992,70900.57950763027,1.352144563059245
2048,900,187022.72740314197,129752.604791726,1.4413793673224813
8192,1000,43948.12279361104,28498.849543516073,1.5421016461210066
4096,300,28442.515322004274,18481.458954016285,1.5389756508277885
256,500,104547.27568431942,66627.75825410518,1.5691249176596433
256,700,101955.94933204928,61827.216222082076,1.649046416157985
128,500,81656.16970096293,53535.80791606614,1.5252626770662379
2048,700,98998.21256272662,69714.60276884174,1.4200498694797543
128,800,153773.51680904388,89245.39881899078,1.7230413987048256
512,300,38213.67789794604,25000.830378077444,1.5284963467235309
4096,200,81497.66167433167,53640.79281597229,1.5193224670248464
4096,500,258524.66940919342,173165.7012270452,1.492932304592064
8192,1000,121604.77991251812,71753.33995595953,1.694761247171995
128,900,144764.1491908945,103084.41806074536,1.4043262009355109
4096,300,28830.442877975183,19028.50780282153,1.5151184305529324
4096,400,74294.69595411507,45126.38541333707,1.646369308634175
128,900,148034.9842172414,103160.92321660006,1.434990882220221
1024,400,40282.13261320237,26611.894241008282,1.513689038758037
8192,600,40184.03627924791,18661.250273283804,2.153341051150093
128,400,69836.94428161939,46532.57276323225,1.5008184618754006
4096,700,63539.025993610194,36793.786558940206,1.7268955423173589
8192,500,43966.94377342671,27177.07231873392,1.6177954438130946
256,900,76389.70636858325,51088.94408718974,1.4952296966289726
8192,1000,201682.13482977523,94799.79607328854,2.127453256058244
8192,600,30255.014469006615,18779.00655706,1.6111083606620387
4096,900,66866.70149450228,40761.55353335776,1.6404355501264454
8192,700,157818.8833149295,103650.17673083996,1.522610846335125
128,300,69667.50197235981,32755.432020731212,2.126899194254761
4096,700,134317.43281938252,80356.03512507299,1.671528872850924
256,100,21421.90730985721,14135.174116163842,1.5155036035502987
2048,500,54774.72351584725,36276.16196639806,1.5099371197698386
512,600,46519.330087550006,30580.976963775065,1.5211852172889977
512,500,52002.92884704653,35496.811911768345,1.4650028001474091
512,400,55033.19837679781,34415.68964887445,1.599072950107151
8192,1000,221723.4013608373,146820.54879419197,1.510166003204644
128,600,98051.28235817928,69365.62215019029,1.4135428951517057
2048,800,65833.95375153623,42695.059714644456,1.5419571770491074
8192,200,25324.384202656347,16319.454371522042,1.5517911093184702
512,400,103839.10154577844,68462.06472805722,1.5167392622212714
1024,300,37893.61162099636,16760.521743464207,2.2608849653366567
1024,800,113460.9902825969,75591.86163784155,1.5009683294504013
1024,100,26012.431683468632,17347.873752067557,1.4994593605667907
2048,200,42272.03693129048,27814.232772578187,1.51979877629291
256,100,31221.598600484394,18702.315368100946,1.6693975043184544
1024,700,88245.01860985582,42452.09110493904,2.0786966274928456
4096,800,78379.30839913453,44366.085532812314,1.7666491748785609
4096,800,115390.76957533567,78733.61137126268,1.465584615841115
8192,1000,84894.94769933766,45809.33523320091,1.8532237428717138
8192,700,97710.25469053148,57793.63501321383,1.6906750140943927
8192,1000,43986.18135025442,33915.21825046568,1.296945254057165
4096,900,49135.9631314431,32655.352187910106,1.5046833011843788
512,700,128130.81659222824,85438.48061711625,1.4996851028570286
1024,200,60326.75969220494,39819.40708715139,1.5150089894651069
4096,700,158957.42030124576,132452.11299022113,1.2001123780711713
2048,700,150487.25861243537,91119.24221630921,1.6515420338460631
8192,300,30866.937498985535,19674.24141386905,1.568901023915787
8192,500,115275.03536647918,53378.57096652857,2.159575149337798
8192,700,67824.85769036686,49777.7756414471,1.3625530031497226
256,1000,128313.526245209,90498.72860811553,1.4178489379761563
2048,100,52370.38458188007,34300.968848800694,1.526790243527222
4096,700,114822.92772718339,82072.46511123,1.399043242719319
1024,800,113575.45063701406,101845.3758611526,1.115175330020415
1024,400,290115.3377305864,193515.84305327947,1.4991813236227425
256,100,26712.088705967464,17587.547381984677,1.5188069220685803
128,900,143941.2675753161,96720.06020199122,1.4882255787962455
512,900,112623.99925201351,72227.30001714897,1.5592995892865043
4096,1000,124855.49248853927,90498.72860811553,1.3796380834165969
8192,300,49442.48675742088,25922.78608210399,1.907298335943678
512,500,135940.44222611224,86843.01321389293,1.5653584231502093
128,800,116507.91095575504,79920.49096406845,1.4577977381061882
128,100,36558.93728789626,22982.09428187623,1.590757432264421
2048,200,37743.29010402567,21228.428234486382,1.7779597098343
4096,500,103057.22766434569,97935.06095418494,1.0523016645954502
128,400,80772.84385160671,48772.78954290394,1.6561046560716666
1024,700,168116.08047660912,107260.20847207752,1.5673667138207539
128,300,61153.28565392475,36726.85726982461,1.6650835437577527
4096,500,146480.30305195786,71401.30747796739,2.051507293436579
256,500,70242.93520324993,49937.16420129462,1.406626433974176
512,500,201507.821375668,147481.94731846493,1.366321946784052
128,800,138635.45847196633,97370.5352483193,1.423792712224608
128,400,186007.23285883624,125078.80246001596,1.4871203529334822
2048,600,104775.85802892994,51282.51062023954,2.0431109312260993
4096,100,35076.49471780919,22656.454190491233,1.5481899516531836
256,900,283065.0667194134,184098.91857787647,1.5375705023474802
2048,500,43534.14647163985,37441.44378906292,1.162726168277642
1024,500,58034.87865895023,44576.14394763512,1.3019268496423888
128,200,52732.62723275563,27723.977542298137,1.9020585034128705
8192,200,102611.20366659225,67151.768032449,1.5280491738804043
2048,800,113575.45063701406,101845.3758611526,1.115175330020415
512,800,78262.50261939454,52828.81053104514,1.4814360163078657
512,800,127848.78533633609,76577.73322810722,1.6695295087346653
1024,600,99920.221201325,48408.82573041455,2.0640909936087666
128,200,40133.36062946831,24735.736732623263,1.6224849521679117
2048,600,46519.330087550006,30580.976963775065,1.5211852172889977
8192,500,39454.07595758417,19560.487282935454,2.01702929926515
512,300,63844.59477197585,33160.64237859692,1.9253123640687815
512,600,110684.0316778339,44462.8864987731,2.4893577631512542
4096,300,118125.75834662332,77306.4040908596,1.5280203462547293
2048,200,14398.119542095137,10040.691196847953,1.43397693045426
512,800,77285.82935304295,50772.066671360866,1.5222116100433976
128,500,264245.4203662298,173629.6110728368,1.521891448892206
4096,600,120574.31950777872,72740.10717064606,1.6576043698274332
8192,400,74294.69595411507,45126.38541333707,1.646369308634175
256,100,33881.48753341871,22363.056566867846,1.5150651447001247
2048,1000,67175.98395792967,28109.406843986402,2.389804392912723
2048,500,164074.06897288765,62891.775190494496,2.6088318937717934
2048,1000,150965.590220623,75796.72432283711,1.9917165493540723
1024,600,30255.014469006615,18779.00655706,1.6111083606620387
1024,800,169259.21744722765,112592.55358879731,1.5032896230898571
128,200,51041.371979990785,22186.36413155776,2.3005739776617937
512,100,18407.614623744546,12506.156799285585,1.471884202251173
4096,900,130711.85832147267,85663.51049156082,1.5258755749258
8192,900,174691.53276186172,114082.80036744605,1.5312696760528557
8192,300,54098.999082644455,24597.69281353905,2.1993525772005458
4096,1000,146632.29484611013,97058.77161015228,1.5107577853455183
128,200,58732.17411239201,34129.72158000343,1.7208512520302284
4096,200,58054.294053255064,38939.460754354994,1.490885927247009
8192,600,157867.02563943499,85848.15788843864,1.8389098790516423
4096,800,88035.86149072567,60650.662845165505,1.4515234848376113
2048,500,76879.67574582549,35523.310698868714,2.1642035675541305
128,300,68066.4937834662,42868.394179046576,1.5878013414539347
128,100,27278.539436006962,17899.559780833548,1.523978230191796
128,400,89360.9361411544,47063.4505065966,1.898733203351276
4096,1000,60375.36649400232,30918.141407431434,1.95274889581463
2048,800,76996.56472716272,50763.481713515124,1.5167707597696827
2048,100,33954.91346278264,21949.84902967429,1.546931526357131
128,900,148203.28083056453,102028.33792508653,1.452569784478716
8192,700,48910.344057393704,31684.037608755014,1.543690380037886
1024,700,116477.42026380142,66320.27242801076,1.7562868184872908
512,700,71771.07167089282,61346.24441089266,1.1699342373785009
8192,1000,799799.3865305986,544585.7100480688,1.4686382175911354
8192,1000,76867.89042214132,52314.885183268474,1.4693311502617132
1024,100,48498.27315024698,31319.451246236975,1.5485032853528697
8192,1000,184916.9827130519,120557.43492411824,1.5338496777858879
4096,900,47068.56553631404,31640.39833817212,1.4876097649987174
8192,600,178868.51821426305,122634.8967329771,1.4585450224965573
8192,1000,74114.45855099449,49557.77241888677,1.4955163425131879
2048,100,34757.86271973835,23097.256435111492,1.5048481111765675
512,800,57735.018128714764,38336.594525084816,1.5060027851701059
2048,200,38425.734794126736,37946.30536557415,1.0126344165508017
2048,600,72492.96368792892,33916.34753113008,2.1374047904595663
1024,100,46252.165297902626,29554.958545859663,1.564954497436846
256,700,86781.37661641724,47523.960799855195,1.8260552183748469
128,1000,173876.66720968252,111804.66682439692,1.5551825531824837
1024,800,70777.81575582734,40421.19798120487,1.751007374614126
1024,800,53025.76048271592,34904.751507598776,1.5191559370125354
1024,1000,92043.0070791378,55735.236402641,1.6514329716698997
8192,600,91125.79108551951,60144.36411673883,1.515117707598445
4096,200,24613.12241870486,15726.677746397436,1.5650554310075486
1024,700,158957.42030124576,132452.11299022113,1.2001123780711713
8192,800,183694.65883416843,107232.14310089932,1.7130559319449787
128,1000,175433.84435237234,109237.63657662571,1.605983522257118
2048,1000,120272.06486438672,56446.32882143322,2.1307331650365584
1024,1000,145427.48106886892,70250.77350904822,2.0701192855924644
2048,900,117976.96307256559,82690.26725018611,1.4267333628952572
512,600,74271.24401219645,28950.864730709705,2.56542402802266
1024,700,41114.650031005454,29025.881672657724,1.41648238267764
1024,100,26335.476740420854,17402.954696611207,1.5132761763465967
4096,100,27734.921667297098,17809.6328420409,1.5572989018519714
128,700,116893.35755235046,83214.36890509089,1.4047256392182907
128,300,62945.03687302441,34512.68583773153,1.8238231926942288
2048,1000,77855.87570941406,71261.14520805598,1.0925431451052874
256,500,82468.65798672002,35523.310698868714,2.3215363760942007
128,500,83137.92443011736,56026.380959696515,1.4839067418958218
2048,400,48037.20920038881,30788.555312709123,1.5602294005837833
128,900,151395.951851607,103152.02937065497,1.4676972695088502
128,300,48694.778049809815,30815.59640870832,1.5801991109946176
4096,200,45336.216053596174,28939.495392742734,1.5665862669106976
128,500,125594.89159325765,62386.64500506909,2.013169510606841
256,200,57796.45878614445,34123.56738045935,1.6937402277360143
1024,300,30957.344138345397,20366.163083435094,1.5200381147652051
2048,200,92918.2339659589,61372.60518345501,1.5140017877391336
4096,500,172994.05727791946,114521.14245494771,1.5105861989280698
8192,100,22740.23855580392,12056.98525864028,1.8860633954501858
4096,700,88245.01860985582,42452.09110493904,2.0786966274928456
1024,500,57795.25211248952,38397.17028659358,1.5051956089761334
2048,1000,94722.92638192407,90612.693267471,1.0453604563140009
8192,1000,246879.62473291642,162392.86932151654,1.5202614853988892
2048,1000,91562.83169067142,60543.78817954,1.512340645404377
8192,400,48604.31236980279,30165.425795839306,1.6112589525093575
128,700,107459.57381376959,75809.96321061933,1.4174861622768449
128,1000,471052.8051572407,288023.0601366038,1.6354690660318292
2048,900,75530.56485118673,42076.23356110103,1.7950885442610964
4096,200,40144.98466904802,18050.62303154285,2.2240221070982438
2048,300,73652.40778696127,45111.95494347674,1.632658302643821
128,100,30284.49947281401,14446.766271911083,2.096282233879308
128,1000,247370.32182710312,110076.46947736123,2.2472588646929514
4096,300,31470.175653836202,20570.96909448887,1.5298343752928643
256,200,41686.95533611975,27723.977542298137,1.503642659950884
4096,400,97583.29198392559,66926.42590403692,1.4580681795834474
2048,200,50871.35949766335,32540.902931029297,1.5633050995998974
256,1000,299175.7972016505,194547.19755313522,1.5378057405321341
4096,600,85516.00405677145,57412.70684815128,1.4894961194383243
256,500,163444.5924656782,73196.94614990943,2.232942780576378
256,400,77537.96676831512,45126.42140747785,1.7182387689945737
512,500,173116.93133917384,114523.64185050332,1.5116261458499278
2048,900,95360.32754887053,52757.84825268096,1.8075097963083562
8192,300,128268.4811435317,84396.74424018276,1.5198273618055143
512,900,222446.8580448914,149649.57060028278,1.4864516961365146
2048,600,54497.49345953023,32874.997452313044,1.6577185606959144
256,700,96806.37591852194,51196.085489777375,1.8908940984921951
128,300,56071.76662247086,27253.416999670506,2.057421519773053
128,300,49258.66329069005,33300.695014947356,1.479208264829902
1024,700,72406.17165343807,49201.53957608187,1.4716241052065893
256,800,101950.35042125313,57826.93902776309,1.763025194404741
1024,1000,54801.885031281425,30928.88515915138,1.7718674549466065
4096,900,72145.82558493211,42308.40617125458,1.7052361956842006
512,600,40327.56205770574,21988.935751463338,1.8339933552728667
2048,700,169619.25231388895,110859.18311471,1.5300424155063255
256,400,85243.6243826862,53259.20525974124,1.6005425534789581
2048,500,99635.128304543,66624.56129320196,1.4954714353174927
128,800,141223.5532454842,92351.37447544445,1.52919817433832
512,200,44737.5549379759,23117.237029627373,1.9352466248730171
128,900,146616.6564074857,94518.05570423097,1.5512026280595888
512,300,49346.182181375494,32331.936268961428,1.526236528826382
8192,400,50437.78903411121,33618.972390895855,1.5002775351863507
8192,500,46917.790429443216,30238.042864909574,1.5516146543958385
128,400,82495.24664690648,48720.51320368562,1.6932343528899005
512,400,237231.00244483625,186703.3320474569,1.2706307908020413
8192,700,33581.26852403334,21733.392272247234,1.545146201907717
8192,400,53278.447807512995,26546.468859735378,2.0069881267080163
1024,600,58992.87476277437,29865.350306368007,1.9752949206222998
512,700,45754.586846632985,29025.881672657724,1.5763375377407964
4096,400,48459.6049879872,36227.84755042349,1.337634120286584
8192,300,47074.430183537515,27248.226586824265,1.7276144571661813
512,200,29780.090008476058,20330.555626091365,1.4647946940642176
2048,500,228606.20313021063,150425.0517802286,1.5197349139969378
128,400,73018.53436016789,42797.12681057494,1.7061550576363786
2048,400,28440.448849890396,17742.443550288524,1.6029612138418161
4096,400,40834.85736845752,27155.933418576842,1.50371768626164
8192,800,70447.55846407634,48235.14390825591,1.4605027114269387
1024,900,130711.85832147267,85663.51049156082,1.5258755749258
512,700,134674.4389092899,80357.08323268619,1.6759498166368174
256,1000,180903.00619642157,95719.83817352499,1.889921772208525
256,700,117219.62644227009,66354.8129063725,1.7665580130211276
256,500,165516.6463513796,63127.950965255164,2.6219233132163264
8192,700,115832.06853256657,73742.01759573007,1.570774333400849
128,500,77385.40531614934,55659.95529531376,1.3903246042072321
2048,900,72328.93651101286,47139.992713958745,1.5343433960607158
128,200,67337.82106738327,42776.4318576044,1.5741804106415334
4096,400,98592.83154057969,66503.6244481076,1.482518168878316
2048,400,38460.006834661064,23700.07824770922,1.6227797407537459
2048,100,13320.925436539792,9516.14337669928,1.3998239527534546
256,300,39523.99920458701,16760.521743464207,2.3581604325652603
1024,800,51252.91716400835,35597.83621265971,1.4397761947615568
128,900,213573.95725975133,110304.68081578685,1.9362184422293758
1024,900,113857.97733038254,75449.13454700036,1.5090693619481577
2048,400,34480.622804981875,19252.6280861351,1.7909566761855908
8192,900,50022.473994042164,33158.57017036733,1.5085835648831902
256,500,130687.35315246695,84910.77897470127,1.5391138172387344
512,100,17593.761136174548,9011.915100790524,1.9522777278085126
2048,400,48003.301443977754,32352.598258555856,1.4837541349954162
128,700,370451.59118759516,237800.98990500558,1.5578219053485838
2048,400,104990.03665787705,50876.400696790595,2.0636294081334268
4096,1000,425571.9615491871,281398.91676139703,1.5123439935272986
4096,800,183694.65883416843,107232.14310089932,1.7130559319449787
128,1000,257975.33389968704,163336.4654407616,1.5794105327523988
128,1000,216025.96838761543,115948.15552755489,1.8631255271350755
128,600,83534.09725211009,64016.28039679616,1.3048883305049186
1024,400,31726.429988788263,18307.43976342798,1.7329801653733607
512,600,167272.02433519938,90097.16084726775,1.8565737561781561
128,700,272780.7607587761,142838.5537233773,1.9097138247916337
256,1000,467089.1812018387,320464.419199229,1.4575383512746694
4096,700,168116.08047660912,107260.20847207752,1.5673667138207539
8192,700,60733.48933184735,40106.49652901174,1.514305526235998
512,400,86550.53496497686,52638.32287426997,1.6442494790669604
256,400,102589.3267330846,60987.569802147,1.682135016461552
8192,600,216324.91276613894,127907.92965534359,1.6912548999037103
8192,900,278661.6992267966,183126.6918346876,1.521688053417961
4096,800,68507.46227587933,36672.2149998591,1.8681026569063948
512,500,130252.16095801607,62600.06932840837,2.0807031422712288
8192,800,226491.35578970087,148024.03103293112,1.5300985536552036
2048,200,20493.545057465803,13337.35876144625,1.5365519833436319
1024,200,47171.55927801592,26688.32812098575,1.767497726503282
8192,500,71578.77075250249,41189.47869015632,1.7377925875427203
256,500,90267.41116437643,64106.45222511053,1.4080862071012976
1024,100,10842.42973778492,7152.901243328333,1.5158086724457283
1024,300,36701.07208970555,24078.953359370287,1.5241971501815044
512,900,403404.51286423736,229800.42209317343,1.755455926450281
256,100,38890.31796562981,25440.224664257337,1.52869396708864
128,700,143234.31711427227,92417.89181801837,1.5498548419208413
128,1000,268821.9201557825,155765.44053451647,1.7258123447236264
2048,700,37214.45942603277,26067.12107591305,1.427639796418495
2048,800,155588.1547166849,82940.54724397566,1.8758997846856618
8192,1000,259012.9899833001,111577.13934558528,2.3213804503543076
2048,700,40753.61241664603,25871.051952994367,1.5752591928110262
256,1000,99373.58989943037,58569.061920395274,1.6966908234674303
4096,700,99613.23983124891,60285.399819468286,1.6523609386278015
128,200,44417.295960753254,21601.854967306153,2.0561797136393
8192,800,117040.71579608467,48425.21287150835,2.416937559090157
2048,1000,86603.66955283961,60202.342442558154,1.4385431868448006
1024,700,72007.31549463858,58796.06304945136,1.224696208555251
512,900,108502.4095775964,63466.880684134354,1.709591024610103
128,300,58499.732494410324,34119.012930735975,1.7145786899863997
4096,900,86924.29450253879,68817.41819972453,1.2631147284581905
4096,200,44515.52675298758,23681.10697554874,1.8797907884521965
256,900,350685.7975033258,253651.7844619295,1.3825481190571325
1024,500,103797.51411124508,62373.284305942194,1.6641341764547177
256,900,209444.56097466848,132038.8394742635,1.5862344883415351
1024,700,178653.6871656805,116488.33981442524,1.5336615445828257
128,700,123025.57632957464,78479.10754470208,1.5676220102209837
1024,900,61626.59858858259,52575.017380802,1.1721650635361618
256,300,41654.59680511919,21515.230474413613,1.9360516195564699
1024,700,196359.37303596007,85672.54241504308,2.291975556003597
1024,800,141019.9412423811,83711.93042021694,1.684585942941341
256,300,35304.03879675957,22793.463249481996,1.5488668137151946
1024,800,67321.97946971837,53281.95779009162,1.2635042378686328
2048,700,32209.40527507454,20241.050244316226,1.591291207041941
1024,200,37743.29010402567,21228.428234486382,1.7779597098343
8192,900,78580.0930467261,51151.844025608865,1.5362123212485839
256,300,121824.10492857489,80517.55870716526,1.5130128991073566
512,100,21386.7181846778,12228.569679313945,1.7489141204188363
2048,700,60545.396070978626,37075.37110490693,1.6330354698180063
1024,800,119632.84839099458,62102.16000225037,1.9263878806576051
128,700,171500.13361193525,91940.15576527944,1.865345258384923
128,100,49726.80619260578,31016.524467410036,1.6032359217053858
1024,900,401037.30892584415,255315.3157889041,1.5707530419264926
2048,300,37890.15946933369,24009.73900443229,1.5781162578376642
2048,900,174691.53276186172,114082.80036744605,1.5312696760528557
512,800,84324.55498577066,48658.058952929256,1.733002852977436
512,400,44129.91399693943,28824.379087289086,1.5309927011194404
1024,500,41507.1255985354,27319.151569382047,1.5193416784236642
2048,400,90875.84973655813,61717.64616532399,1.4724451657331132
512,800,93765.79308350921,64362.85987349461,1.4568307447463669
2048,300,29650.626806850883,18573.116360380285,1.59642712787289
512,400,74810.54513695354,46346.74140253926,1.614148975160847
1024,1000,481257.0567379629,318823.5863822797,1.5094775835088947
1024,700,114825.59078743424,82072.46511123,1.3990756903891584
2048,200,25324.384202656347,16319.454371522042,1.5517911093184702
128,600,173481.45271888352,102083.55250788486,1.6994065004299683
256,200,68733.24580938435,44503.178337827754,1.544457011308808
256,300,51353.70617794482,25925.04840988032,1.9808528557413747
8192,400,93772.62200299077,43214.48493372207,2.169934968490532
2048,900,65649.67197672572,53309.00486140186,1.2314931060410594
2048,800,80482.29572751757,50851.16746299596,1.5827030084625684
8192,1000,58258.23603182849,38513.66294334092,1.5126641191603782
4096,100,21386.7181846778,12228.569679313945,1.7489141204188363
128,800,191288.70683635707,89210.20923574897,2.1442468129499965
256,400,50742.75418618153,26808.94972573375,1.892754274423286
256,500,42561.57684305173,29868.4267369777,1.4249688213527383
8192,300,65499.99375219531,60345.735579996704,1.085412135963873
8192,300,121546.08245972676,80360.55407407164,1.512509263533608
4096,800,150954.32699917708,77768.99443358157,1.9410605485981856
256,400,23161.09686253484,16466.24380733385,1.4065804644662914
8192,900,111647.55251536638,72933.47013669772,1.5308136621787998
128,300,59733.51141139369,32718.346740617188,1.8256885619846845
1024,500,120566.58731465145,57888.8463754861,2.0827256866135646
256,200,60341.74782332398,39820.04492620314,1.5153611186314047
1024,200,37559.36192095726,24000.475759263372,1.5649423910465863
128,200,51962.757866482345,25552.63257851312,2.033557900808121
8192,400,112951.40711329944,43737.033632128354,2.58251183798454
512,600,77645.14665545471,53722.666447453994,1.4452958460540903
2048,900,135568.07709848235,81048.18639186893,1.6726848944282244
2048,900,213283.9555324841,113578.57949298169,1.8778536981584935
1024,500,54774.72351584725,36276.16196639806,1.5099371197698386
256,1000,296469.3151648465,178404.20743107868,1.6617843235529008
256,600,68366.36924624047,37319.166647534046,1.8319371890571932
8192,600,64195.3456485879,44245.02565111483,1.4509053775849803
8192,700,167693.29418081554,112840.09344125881,1.4861144568983513
512,200,25613.381269212172,17465.341889253814,1.4665261883577403
128,300,40790.81260619247,29869.66446699064,1.365626743188593
256,800,63185.35670199472,44884.135805066064,1.407743639677318
2048,700,39775.851562312935,18573.466244444164,2.1415416508058094
1024,700,82857.11875021993,35819.1385364328,2.3132080260931813
8192,300,33669.12573038182,21519.631696399152,1.5645772290803484
2048,1000,76867.89042214132,52314.885183268474,1.4693311502617132
512,700,64201.58447119789,26960.090062369884,2.3813564540278973
8192,800,70777.81575582734,40421.19798120487,1.751007374614126
512,800,70635.80746246269,45863.92468154658,1.5401169427369812
1024,600,86544.74379318749,57234.00896316298,1.5121209462871894
256,200,36736.65089905228,21352.04078691819,1.7205217649059483
8192,700,93686.99445505913,61816.893419918626,1.5155564971317586
256,800,180268.05139732835,101772.97572271765,1.7712762166694624
1024,100,37320.50379431831,25440.224664257337,1.4669879801318095
1024,300,37890.15946933369,24009.73900443229,1.5781162578376642
8192,800,78379.30839913453,44366.085532812314,1.7666491748785609
4096,200,148196.05957111722,97563.39295797232,1.5189719737909904
2048,700,67054.27120534575,36017.436572769824,1.8617169234092754
1024,200,41023.535868578205,25552.63257851312,1.605452422271135
128,600,104189.9546718665,68959.49422032459,1.5108862941915016
512,600,157867.60232385638,85860.7325228005,1.8386472801397808
2048,900,223181.93133635004,119327.18954102685,1.8703359409937
512,900,151821.7154486027,101546.8599937516,1.495090202276512
8192,1000,148160.0216408374,109603.29142325721,1.3517844192167998
256,300,45901.74351569237,24009.73900443229,1.911796854902035
512,400,50551.5338532747,33618.972390895855,1.503660887236525
8192,800,148611.10701944825,77475.65594337959,1.9181651992473034
128,800,173979.297453443,92675.16199414137,1.8773023290149893
128,100,75646.87264316124,72967.22941615328,1.0367239272814537
4096,1000,223305.8189087997,177234.74373613778,1.2599438135067427
512,300,56504.66831637989,22146.00515886802,2.5514609931242376
4096,500,128422.97040234516,84889.56492633495,1.5128239909556307
512,1000,481650.54562418605,318872.8660565887,1.5104783030949709
4096,400,37050.50937160928,24898.237602795067,1.488077588569964
512,200,29151.735896566308,18786.158172106803,1.5517667651627698
4096,600,98012.29638872793,86765.25402755744,1.1296261099817484
2048,900,57163.32800294634,38773.95122637488,1.474271416632479
4096,700,132663.84818388472,83768.6586116748,1.5836931184355318
256,400,165667.04742154648,108365.40803212737,1.5287816511744297
2048,400,36317.32819649781,22105.08631748286,1.6429398951396323
2048,100,26012.431683468632,17347.873752067557,1.4994593605667907
128,1000,198486.99433725746,115440.97043804495,1.7193808539904971
256,600,50444.97288421851,32190.559785344685,1.5670734905077501
2048,500,41507.1255985354,27319.151569382047,1.5193416784236642
512,400,107068.83386410042,60333.80288876994,1.7746077445423116
1024,1000,259012.9899833001,111577.13934558528,2.3213804503543076
4096,800,100469.23999472467,62454.88761199475,1.6086689742986438
4096,300,45557.70735036103,25368.022265529136,1.795871466585169
2048,300,33669.12573038182,21519.631696399152,1.5645772290803484
512,400,28070.10291689983,18378.334353517806,1.5273474938998983
256,200,24097.927198695634,12441.910416424595,1.9368349708485206
8192,400,44004.657645244806,28824.379087289086,1.5266472006902618
4096,1000,134802.4531269821,93286.52965676959,1.4450366373683596
512,100,15034.022499663766,9574.086555025397,1.5702827014627805
4096,200,33250.602961578625,16584.68314295091,2.0048982953111967
512,200,71232.25240303382,48339.89611714323,1.4735706553943557
512,1000,218273.42649646464,101940.34443496184,2.1411878457574134
8192,500,84989.68400945721,79358.12801462926,1.0709638210441381
128,700,118446.76807124098,80381.02878996897,1.4735662115091313
8192,600,84452.41212787002,46448.9967564828,1.8181751603942482
1024,800,108133.05642023022,75114.39828637919,1.4395782817558487
1024,100,51100.85775783703,33641.93709583374,1.518963001811374
2048,1000,183664.96180717763,121618.88196705427,1.5101681485357776
1024,300,130625.71580319785,86170.66124077488,1.515895479068082
2048,300,64392.30739467144,31364.460634147326,2.053034105887535
8192,400,120686.28382849466,78467.90727403564,1.5380336754364894
256,500,135143.4628650984,83700.23600340706,1.6146126859140197
128,200,64804.7228699997,36595.856922978,1.7708212983341776
1024,500,201034.60753370554,147480.7458449727,1.3631244294426543
256,600,79927.83688101535,42749.93105715173,1.8696600182620422
4096,400,115475.55644566621,31325.655831794265,3.6862933394187145
128,500,118085.01679708538,60599.398399554455,1.948616981616002
256,100,27871.036005078484,17055.23313554162,1.6341632966011863
256,200,28033.920319855777,15726.677746397436,1.7825710408721005
8192,900,101177.91909486928,42142.405953476984,2.4008576825576693
256,500,147929.1698955033,75650.02876185662,1.9554410264823379
4096,900,57148.08401135868,36333.36856705928,1.5728815209050153
1024,1000,33599.12194707584,23682.09487621599,1.4187563272039565
2048,600,217750.30212369768,160778.42770955205,1.354350239803725
1024,900,138325.79419125567,85706.05508068645,1.6139559108283692
1024,400,30103.02326331705,20429.860901844946,1.4734815576056397
128,200,47779.42350672333,28980.424713004046,1.648679202595807
2048,400,54195.886695129724,32093.024154301882,1.6887123642371074
2048,800,78379.30839913453,44366.085532812314,1.7666491748785609
128,900,257234.43695832213,164211.80971601093,1.5664795205849396
8192,600,153237.77264391314,97724.37299561259,1.5680609447429543
128,700,99710.78541029767,76932.73817319293,1.2960774278672653
1024,600,59320.94213858346,39588.435453367885,1.4984411851400123
2048,300,72643.74027319849,42876.67356603513,1.694248509304682
8192,900,135568.07709848235,81048.18639186893,1.6726848944282244
4096,900,138325.79419125567,85706.05508068645,1.6139559108283692
4096,800,64986.08372981956,39511.64899287421,1.644732259631573
128,700,96056.68061176094,68977.11224126474,1.3925877365781656
128,400,94120.69540149499,49027.35786518295,1.9197586714811592
2048,200,66782.60544599946,44311.444499564175,1.5071186732957058
1024,600,79716.84884859965,54360.02424755477,1.4664608773088523
128,300,47364.65003810243,31753.51478726137,1.491634874294414
128,900,133945.9008187301,100393.00888181973,1.3342154230720193
1024,600,54497.49345953023,32874.997452313044,1.6577185606959144
256,300,55233.92920108551,22337.66806533914,2.4726810802059846
4096,200,26066.441570490988,17444.605877280243,1.4942407844501535
1024,800,95710.90267057925,57706.6904436543,1.6585754950551679
4096,100,29922.060866903616,18096.624174953435,1.653460920535507
128,400,81147.94175954796,50363.62225938312,1.6112411720828816
256,400,92045.2636395322,58595.613062953016,1.570855885416577
128,700,187761.48088895652,86538.92833380034,2.169676520198144
1024,500,130227.29259596618,62598.35627795712,2.0803628136450505
4096,800,113460.9902825969,75591.86163784155,1.5009683294504013
2048,100,21386.7181846778,12228.569679313945,1.7489141204188363
8192,200,47171.55927801592,26688.32812098575,1.767497726503282
128,100,18519.72566847199,12506.156799285585,1.4808486704348638
512,800,78379.30839913453,44366.085532812314,1.7666491748785609
1024,700,167662.8726839881,117219.7735553616,1.4303292661182525
4096,100,30859.905709465147,20722.565533660163,1.4891932979697258
512,300,130660.96232336415,86191.01916507911,1.5159463664435047
4096,200,25324.384202656347,16319.454371522042,1.5517911093184702
1024,400,34480.622804981875,19252.6280861351,1.7909566761855908
1024,400,57751.4937520398,32569.65752594252,1.7731685912275663
4096,700,229711.36621314925,170514.54536366955,1.3471658134690274
8192,1000,38556.60355987719,28003.028411344018,1.3768726365416222
128,400,73995.04228702931,42723.60226027847,1.7319476442140955
128,300,68194.29054293034,33207.329205691334,2.0535915466288888
256,600,164043.13368096796,94961.903825476,1.7274625620654325
256,400,40180.20795094133,26944.926090923545,1.491197556651533
8192,400,30103.02326331705,20429.860901844946,1.4734815576056397
8192,300,35983.386148967846,25080.65034537924,1.4347070611586945
4096,400,74808.87441962125,38819.630796565834,1.9270887662908733
8192,200,81497.66167433167,53640.79281597229,1.5193224670248464
256,200,31031.618013151463,18620.644394921266,1.6665168699325603
8192,500,67959.70052827755,43236.65246550346,1.5718076366457712
512,1000,201928.74628495547,94799.91351609524,2.1300520094954702
1024,100,25556.23728362462,16761.07212005239,1.52473762421498
128,500,93542.29814616626,62235.40719591476,1.5030398668670804
4096,200,26136.13354680488,17740.67758730927,1.4732319787774772
8192,900,198448.5486303455,162744.67958603505,1.2193857835176454
512,600,162807.64732931665,94912.1411777341,1.715351116401855
2048,700,209677.82798771514,101971.47650017287,2.0562399916545258
128,200,35636.94912774776,22407.83808966297,1.590378731993228
2048,300,36263.928412853355,21245.29525451237,1.706915718441292
128,500,169332.9424778374,76617.57157086262,2.210105841337238
4096,900,357534.04677793244,212427.5200802827,1.6830872320253498
4096,900,96924.31250127178,60097.90469262115,1.6127735733384427
512,300,77896.12482234683,42586.891465992514,1.8291103703718379
128,500,85471.55505822599,59301.683299989054,1.441300656270608
256,800,171171.8792497979,112709.77703380244,1.5186959264275917
4096,500,50833.63810429885,25362.56656300998,2.004278154500229
8192,400,85674.37187070395,56772.7824606574,1.5090747389398234
1024,800,178778.5566076957,101772.97572271765,1.756640752008482
512,1000,60150.092758851926,31152.82778783593,1.930806832962316
128,900,141204.55836172946,92800.87521868643,1.5215864939741046
128,100,36501.178265041235,13798.527712172872,2.6452951377443257
2048,200,23110.25403713473,14764.440789441054,1.5652644327485992
512,300,54098.999082644455,24597.69281353905,2.1993525772005458
4096,900,135568.07709848235,81048.18639186893,1.6726848944282244
8192,300,109056.47235987539,71342.42663188108,1.5286341873762517
2048,300,32006.03922638518,19887.38962467144,1.609363512779971
2048,600,39460.19089204222,26424.606119149255,1.4933123587203216
512,100,33698.74826532942,21561.33909716274,1.5629246455181367
256,400,32157.201703901053,20821.733470226685,1.5444055966753742
128,1000,183542.92105514722,108573.46405908014,1.6904952111988665
8192,600,37448.390274356636,22032.708212275476,1.699672591928229
2048,1000,76583.84340190495,55734.051128954416,1.3740943256521838
8192,900,348406.52619170054,253619.1459229753,1.3737390563467649
256,1000,130718.42453873485,71828.30656007184,1.8198734008772948
8192,100,25556.23728362462,16761.07212005239,1.52473762421498
128,1000,167492.07368459992,112758.77583353377,1.4854016678211293
8192,200,43328.24927087034,18668.090115124316,2.3209792219594614
2048,500,247797.34775503524,168416.85806467704,1.4713333962083164
1024,700,303617.8137542481,185588.29528429307,1.6359750128053696
2048,100,30643.17151274056,16561.60268801602,1.850253993528897
128,1000,202347.4617944318,105648.99440198131,1.9152805281281222
1024,200,41696.32552793335,27032.28717728225,1.5424638416454328
4096,600,136532.9475028025,63281.703420590464,2.15754222978735
512,300,61915.89388611209,34690.24422950583,1.7848215041809783
256,300,60146.899336659655,22146.00515886802,2.7159254639916295
8192,700,209677.82798771514,101971.47650017287,2.0562399916545258
128,200,49035.99996149217,22557.733121605976,2.173799986778153
128,500,77029.07536178124,56208.21260609286,1.3704238542791067
1024,300,28841.964175706376,19555.262961639615,1.4748952357369944
8192,1000,233010.53310872402,154192.8048722063,1.5111634638324478
1024,100,18447.4413592577,11936.420001605858,1.5454752226191677
512,1000,76103.39291186279,40844.58099378827,1.8632433253125242
8192,600,34717.421368582945,20442.695272351662,1.6982800411615764
2048,900,311760.81331832963,236191.38873228242,1.3199499566502124
128,600,94627.19291942952,61581.31829191577,1.5366217473758097
2048,100,14221.488216593549,9169.349964976815,1.5509810696411246
8192,500,47137.30922844172,20558.185404494525,2.292873047936242
8192,100,37320.50379431831,25440.224664257337,1.4669879801318095
4096,500,85444.63888883374,30807.185918026305,2.7735294978317784
1024,600,36782.93194416463,20442.695272351662,1.7993190943814934
2048,900,45421.89969344206,38891.783213405324,1.1679047845197779
512,900,149879.9874609633,91856.52223014132,1.6316749624533737
512,900,145950.57327567058,96310.49967324318,1.515417049759304
1024,600,67150.79226801303,37315.749872411354,1.7995294881548023
512,100,17692.151522960543,15312.764243852314,1.1553858755491186
256,600,177171.94505760854,82210.52420515442,2.1551005393844727
128,800,172147.24150722605,88007.77202189426,1.956045898587228
256,1000,205704.85875154118,117216.61555814055,1.7549121152496476
128,300,50590.39556211218,34152.10038414554,1.481326038312941
8192,1000,119726.20819918667,81704.81311790232,1.46535073798429
8192,300,103566.29199772359,69759.15177939474,1.4846265953066635
1024,300,33671.43096316473,21519.631696399152,1.5646843513961681
8192,800,303673.5674468793,178142.21764117235,1.7046692887733201
512,100,26335.476740420854,17402.954696611207,1.5132761763465967
2048,100,28871.860620728454,18595.337664656734,1.5526397606430031
1024,600,84452.41212787002,46448.9967564828,1.8181751603942482
256,300,119130.53178507581,81301.47690523788,1.4652935754651806
128,1000,174440.4937744166,108467.36333138205,1.6082302401089807
2048,900,154174.2032583202,81142.94619253738,1.9000321099075328
2048,200,87445.26732179563,58164.57654757025,1.503411053810011
512,100,26447.235848964847,16761.07212005239,1.5778964292698348
1024,300,109056.47235987539,71342.42663188108,1.5286341873762517
128,400,159154.35779445607,93117.14843824577,1.7091841885601278
2048,1000,84894.94769933766,45809.33523320091,1.8532237428717138
1024,500,54032.81100440361,31663.06987732136,1.7064931231795863
4096,1000,481257.0567379629,318823.5863822797,1.5094775835088947
128,600,90598.55561129545,55871.60268351879,1.6215492532849884
1024,300,47074.430183537515,27248.226586824265,1.7276144571661813
2048,800,149066.74366942947,86811.4173682552,1.71713293237785
2048,600,561681.3177371139,370329.8703327854,1.5167054097806814
4096,400,48037.20920038881,30788.555312709123,1.5602294005837833
1024,100,30859.905709465147,20722.565533660163,1.4891932979697258
8192,300,182161.41044399393,148542.84856807854,1.2263223184420602
256,700,71277.1621741385,36575.40564901358,1.9487729776159248
512,400,45119.033205968335,28990.714279328946,1.5563270629085277
256,200,48120.00793239419,22182.883245990513,2.1692404634141385
4096,300,33669.12573038182,21519.631696399152,1.5645772290803484
1024,700,32209.40527507454,20241.050244316226,1.591291207041941
1024,200,57700.08551013235,34123.56738045935,1.6909159838655656
512,100,20906.5734401186,13344.194099298318,1.5667168271494143
2048,200,36731.24265335973,24882.517172980835,1.4761867699319853
1024,900,69658.98847547824,47268.417986599445,1.4736898640277427
8192,400,312996.4340301671,206533.6195535207,1.5154745009882415
256,500,145482.71289123842,118964.10663554122,1.2229126667335022
4096,500,48546.020315297865,34433.87820574358,1.409833072685968
1024,200,41107.4950185474,25789.8571929023,1.5939403894745379
128,800,308435.32113276055,205600.62385254813,1.5001672434319218
1024,400,28440.448849890396,17742.443550288524,1.6029612138418161
4096,600,154278.65788511737,102007.14592153949,1.5124299037224647
256,400,50223.75795625944,30799.159109877237,1.630686012468203
8192,800,46660.349857737914,34002.287907534934,1.3722708890832591
256,900,404275.83614025597,230159.98859425177,1.7564992013140581
1024,500,50833.63810429885,25362.56656300998,2.004278154500229
4096,700,40753.61241664603,25871.051952994367,1.5752591928110262
2048,300,29395.26961930898,19296.06042391556,1.5233819221915605
128,400,103743.70957966775,57575.34732942383,1.801877268513665
128,500,89376.71832957276,58198.746717059876,1.5357155157324658
512,200,31071.852927796295,20173.677302438762,1.540217604454299
128,300,80237.71894677595,42886.675174210075,1.8709242117940386
512,700,168353.6634986799,107262.5973375693,1.5695467728498975
4096,700,128130.75369922433,85438.44490528817,1.4996849935794387
2048,400,76029.56618719613,43244.960742362484,1.7581138907756728
8192,400,174000.7907855136,123287.74065024371,1.4113389528253122
8192,500,132509.09523592333,83700.2145046859,1.5831392550195307
256,900,73315.3049067853,48142.95380320393,1.5228667772750193
512,800,85004.15448927783,72564.78502388351,1.171424327396548
512,900,210036.31123551392,107835.44573164219,1.9477483475907114
2048,700,133918.68289504215,84599.65574644411,1.5829695961933157
256,600,86981.08466734047,54695.76403720911,1.5902709505651644
1024,200,13639.291181906245,8778.22964733385,1.5537633133178295
8192,100,37516.36102348908,26872.954657817776,1.396063867974226
512,300,49495.32150974559,25922.78608210399,1.9093364946569187
512,600,130788.64031118853,77283.67991443432,1.6923190052025596
512,200,58472.99379488043,36722.781297896625,1.5922811869979356
8192,500,162724.46931034708,73187.77810821602,2.223383104618115
2048,100,24085.47612068233,15982.980607392092,1.5069452133066379
8192,300,35844.98217981139,21017.690379287385,1.705467229412423
8192,200,54757.07722041263,35921.64382160135,1.5243477579242815
8192,900,155084.72487659685,101158.61654056568,1.533084676127478
4096,1000,267106.4953912582,164826.80934945482,1.6205282165291255
256,300,31090.86407022294,17827.437375652476,1.7439895266542775
2048,600,77645.14665545471,53722.666447453994,1.4452958460540903
512,500,77908.12541896063,50986.98493784023,1.5280002438649936
128,200,46723.70894433358,28752.091133108686,1.6250542865917035
2048,900,72145.82558493211,42308.40617125458,1.7052361956842006
2048,200,33161.58516647899,20983.392416218016,1.580372921055819
2048,400,63505.913654998425,42692.918385157594,1.4875046273968606
128,1000,187468.78107750037,119877.02488971625,1.56384245646709
1024,400,41774.03945771281,27677.385709128852,1.5093202767317164
8192,700,196359.37303596007,85672.54241504308,2.291975556003597
512,100,39521.211134094774,26077.67380743252,1.5155190384669452
2048,700,157408.84043070165,87919.86057306842,1.7903672663343493
4096,100,18407.614623744546,12506.156799285585,1.471884202251173
256,1000,235930.0011867584,154489.75373513065,1.5271563031374578
128,600,181702.20726800803,90318.97399063353,2.0117833411930848
256,700,63381.464650454305,41935.33336202956,1.5114095815879025
512,800,113578.49380485556,101845.3758611526,1.1152052102954473
2048,900,41518.68918769934,25632.20759839876,1.6197859286335137
8192,800,51252.91716400835,35597.83621265971,1.4397761947615568
128,300,57755.62086724114,30116.443643117553,1.917743726704594
512,500,50707.73166585367,33191.11398476165,1.5277502192042745
128,700,239823.32135884653,103514.09104961141,2.3168181155540064
128,700,168156.73595941783,88156.94624075736,1.907470064811233
512,700,211016.34541278143,156144.92700669277,1.3514133917635167
4096,400,50437.78903411121,33618.972390895855,1.5002775351863507
8192,100,26012.431683468632,17347.873752067557,1.4994593605667907
1024,600,73735.1239864719,49110.74686009548,1.501405063061355
128,900,153200.52250387304,102336.6893389555,1.4970244151288534
512,100,51100.85775783703,33641.93709583374,1.518963001811374
512,1000,202941.9142314291,131821.8771527211,1.5395161912033197
4096,100,32777.94780894257,23406.310004142215,1.4003893737689475
4096,700,72007.31549463858,58796.06304945136,1.224696208555251
1024,900,146521.19570918972,106758.6671591515,1.3724524631874793
512,400,302530.50432915235,199256.12813637196,1.5182996234981483
2048,200,67408.24426939746,44463.976038674446,1.5160192649160806
512,400,63895.128741901455,36379.94568810993,1.7563283158716843
512,700,40753.61241664603,25871.051952994367,1.5752591928110262
256,500,131607.6546104849,62646.179782811574,2.1008089410520525
2048,1000,841000.9932364962,578726.0804275025,1.4531935257095245
128,600,106284.92739613965,65760.98539115372,1.6162307599854986
128,200,46828.26677214066,27814.232772578187,1.6836080705525787
256,300,40856.44809583672,19556.161831988105,2.089185416179551
512,400,47822.007569842615,27854.974889369056,1.7168210619387076
256,1000,432713.4053527912,282352.83372106106,1.5325272271935926
4096,400,57751.4937520398,32569.65752594252,1.7731685912275663
1024,900,348406.52619170054,253619.1459229753,1.3737390563467649
1024,300,118125.75834662332,77306.4040908596,1.5280203462547293
128,700,109155.72392749216,77115.47929902589,1.4154839588589707
8192,100,48032.7781445744,31888.171785391976,1.5062882396593928
256,700,93615.23895126664,52221.72197707259,1.7926494073168908
128,1000,165422.12445759145,112135.50198644286,1.4751985011632704
128,600,160116.11380441106,78385.53990888693,2.042674120641707
2048,1000,49282.274945858706,36609.43763730977,1.3461631242221999
8192,100,14924.711340178776,9768.925659236022,1.5277740726861015
4096,900,106521.41174537258,92225.73944329564,1.1550074023626185
256,200,40254.60684906375,24001.323039952378,1.6771828278822924
2048,400,98592.83154057969,66503.6244481076,1.482518168878316
512,800,117040.71579608467,48425.21287150835,2.416937559090157
4096,500,146224.6853910069,59644.592375848035,2.451600045643331
256,1000,91119.81940277858,59696.58443065613,1.526382460099101
256,300,72731.22084295045,42876.67356603513,1.6962887928079542
1024,400,107068.83386410042,60333.80288876994,1.7746077445423116
512,700,193021.5533509982,79385.89031895016,2.4314340064146407
1024,600,171723.4482006002,60935.422956383656,2.8181218717972363
1024,800,34555.61065574451,21523.526764125163,1.6054808784098
2048,200,41696.32552793335,27032.28717728225,1.5424638416454328
512,800,158309.06338846558,106838.68689460534,1.4817578537317193
4096,900,235538.52102799917,117302.28488761534,2.0079619186758664
2048,100,10842.42973778492,7152.901243328333,1.5158086724457283
256,800,152768.33855083937,92708.63347505928,1.647832923693536
8192,100,23227.059328232102,15423.483362375071,1.505954185738192
256,200,51192.8717664932,38240.07191018615,1.3387232086469159
128,700,323318.5103831269,188120.42398621296,1.7186784057366487
8192,600,195546.5184976082,129100.68041493383,1.5146823228902841
256,100,13824.718470364813,9669.996324546642,1.4296508505666836
256,600,94908.71378359378,60144.36411673883,1.5780150838302678
256,1000,80943.92205105965,53373.921035885694,1.5165444186991133
1024,600,142868.3240488892,98570.30723941623,1.4494052828898873
128,700,140513.09215552124,81990.87854229896,1.7137649291442922
2048,700,167693.29418081554,112840.09344125881,1.4861144568983513
256,900,72744.84136459215,48180.01047654898,1.5098552417293434
8192,300,66465.3903612903,44731.78923694513,1.4858647841968018
4096,800,283104.1769017381,194034.7845986657,1.459038272376266
4096,700,192915.93460784553,79385.74559253757,2.4301079893866997
512,900,121975.27306956716,62743.09571777348,1.9440429528410208
128,400,78235.22805923077,45577.515792113525,1.7165312040277576
128,500,84547.63876485228,58953.46568758445,1.4341419588951823
256,100,35537.745842306045,22657.026405086697,1.5685088240144134
128,400,104325.81983346758,65575.75754197258,1.5909205435666154
256,1000,92722.98577264187,59303.79193163881,1.5635254130043883
512,300,45940.33683386801,30136.71866331647,1.5243974417755137
128,700,111274.24252707754,80281.32480017202,1.3860538899183577
512,900,49725.279712763964,28000.950357785674,1.7758425723910414
128,1000,146580.11849204043,103156.1218404,1.4209541409362474
2048,1000,125619.37154018346,86205.71645145744,1.4572046577783495
256,100,75027.45622923781,72899.20165737675,1.0291944839377498
1024,700,169619.25231388895,110859.18311471,1.5300424155063255
128,400,52833.4197110958,37234.73001022396,1.4189285029484229
4096,500,53303.76156789586,32672.0883644722,1.6314770263004874
512,500,32135.936419931666,18951.21109794996,1.6957194056799862
256,1000,96402.34451544608,61544.84579607809,1.5663755960143988
2048,600,58992.87476277437,29865.350306368007,1.9752949206222998
512,1000,75516.87797148334,49861.11429733623,1.5145445310578978
512,600,70517.19437326588,42366.510409600676,1.6644560453882928
128,500,76185.90725571771,57751.23288601085,1.3192083259260137
1024,700,55303.85364808958,36367.46158537439,1.5206960078382454
256,700,75853.74301996312,36804.73990335795,2.0609775593888235
128,600,106591.13636867801,66694.55216133053,1.5981985471742848
256,500,77890.09742818732,36276.16196639806,2.147142729716983
2048,200,32388.0894504311,18018.92824454402,1.79744816178165
128,500,89901.56255806344,67322.36886313646,1.3353891741514552
8192,500,39434.559187535204,25394.86628937575,1.5528555550628407
4096,300,30957.344138345397,20366.163083435094,1.5200381147652051
128,1000,239770.5322304957,118390.41659287378,2.02525288051844
256,200,29884.113456818497,17417.097389354636,1.7157918330917599
1024,1000,189579.36608487123,126915.44900670389,1.493745383785841
1024,100,15293.930445205879,9719.306867957976,1.5735618447881283
256,200,29951.953282172806,12853.18145079113,2.330314358110087
2048,200,34666.58953716975,24576.88970803912,1.410536074702336
8192,400,32157.201703901053,20821.733470226685,1.5444055966753742
4096,1000,187772.854878763,119739.81211684954,1.5681739561735957
128,200,51918.9635094048,38161.73671411596,1.360497922260442
1024,1000,121604.77991251812,71753.33995595953,1.694761247171995
256,1000,100343.56759924414,60202.342442558154,1.6667718153157676
4096,1000,184916.9827130519,120557.43492411824,1.5338496777858879
1024,700,53918.84160723629,27791.12101437876,1.9401463359228794
512,600,59320.94213858346,39588.435453367885,1.4984411851400123
1024,300,73652.40778696127,45111.95494347674,1.632658302643821
512,800,326551.97622991994,205909.12032910428,1.5859034107279577
512,300,36048.09178492481,17754.018043071766,2.030418787311756
4096,300,60511.233956319695,27038.37020234757,2.237976383320097
4096,600,162760.08307597114,94912.1411777341,1.7148499765818561
4096,900,216368.62541983952,140681.77176184164,1.5380004296940983
8192,300,34546.326147400556,22793.463249481996,1.5156242721555555
4096,300,128268.4811435317,84396.74424018276,1.5198273618055143
4096,200,35904.25162432214,22891.533499154106,1.5684511317535317
256,1000,376733.5646096057,185455.41127141757,2.0313969920146944
256,600,81357.53932521783,60947.46333963169,1.3348798271037194
1024,100,37641.78248012349,22966.616877245033,1.6389781168604933
512,600,85003.94834131307,45650.69479994113,1.862051579145356
2048,800,493295.74122713786,326585.71281524695,1.510463323624327
4096,400,48214.71365614784,23356.891524972118,2.0642607174246144
2048,100,23227.059328232102,15423.483362375071,1.505954185738192
4096,1000,316426.67762530135,206016.54078620241,1.5359285056323664
4096,600,59320.94213858346,39588.435453367885,1.4984411851400123
8192,400,90519.86719131339,51713.80244658222,1.7504005296229357
8192,100,15846.025746598096,10046.708265968835,1.5772355807596465
512,500,74292.97023556207,49634.30850272633,1.4968067950716244
2048,400,96903.49571428036,65093.08835076349,1.4886910141995706
2048,200,43328.24927087034,18668.090115124316,2.3209792219594614
2048,600,38380.49706103392,21988.935751463338,1.7454458685423075
1024,500,32135.936419931666,18951.21109794996,1.6957194056799862
512,700,71410.82515358774,45768.474478069315,1.5602622977483191
1024,800,100478.88597220961,73049.88481197703,1.3754831541600927
256,300,130012.37972169432,84846.08854279631,1.5323320373939946
128,200,53320.95597473746,27229.664207085396,1.9581936658940833
4096,400,170036.4142603967,119390.3076755318,1.4242061819834346
2048,600,71440.6153180741,46223.89145421828,1.545534421065161
2048,1000,59612.8338228176,39591.47510076323,1.505698731130844
128,900,528954.7703280706,338702.04289260175,1.5617111896068359
256,800,142254.5765918962,83720.49717761383,1.6991606761496147
256,500,250632.4599472743,168436.94284215264,1.4879898418849218
8192,400,37050.50937160928,24898.237602795067,1.488077588569964
256,300,28454.691531578683,17418.244921114812,1.6336141592018394
4096,1000,218267.99373605518,101937.33712569342,2.1411977190155627
1024,300,59327.13999468712,35881.381746181236,1.6534240630518962
8192,1000,77855.87570941406,71261.14520805598,1.0925431451052874
1024,700,70383.39263155239,62690.77299864583,1.1227073660915414
8192,600,85516.00405677145,57412.70684815128,1.4894961194383243
512,600,117677.75985230265,57983.443607786474,2.029506226782639
256,1000,79649.5867710226,55640.122759479964,1.4315134981878146
1024,300,62526.09548373634,51521.92639179481,1.2135822525008306
1024,300,66465.3903612903,44731.78923694513,1.4858647841968018
8192,500,76879.67574582549,35523.310698868714,2.1642035675541305
8192,200,13639.291181906245,8778.22964733385,1.5537633133178295
256,800,82947.9763317419,46494.13725231726,1.7840523823809158
128,200,57695.922640897275,40631.50178593928,1.4199800673098235
1024,100,32777.94780894257,23406.310004142215,1.4003893737689475
256,900,167962.61319600133,109178.41073047477,1.5384233208032787
512,500,44216.629600741064,27177.07231873392,1.6269828141223768
512,500,132509.09523592333,83700.2145046859,1.5831392550195307
4096,700,82663.08792069086,50507.556653425,1.6366479275153243
8192,900,37409.73833097884,26705.78819422772,1.4008101187241764
8192,200,35904.25162432214,22891.533499154106,1.5684511317535317
256,600,78327.28702534625,49150.780725377634,1.5936122655505274
256,700,72982.84160824167,38442.1107621229,1.8985128589804654
512,700,167649.9052768843,117219.7735553616,1.4302186413771318
4096,400,90875.84973655813,61717.64616532399,1.4724451657331132
2048,300,65499.99375219531,60345.735579996704,1.085412135963873
256,200,20144.433110102098,11203.919044831486,1.7979809591176035
256,700,152406.57390357088,91180.96638460988,1.6714735536000533
128,300,59591.73537594714,35497.12014444446,1.6787766200034582
128,1000,164559.3116916208,117138.12384079055,1.4048313759513789
2048,500,201034.60753370554,147480.7458449727,1.3631244294426543
2048,1000,124855.49248853927,90498.72860811553,1.3796380834165969
128,700,126595.17204914156,85497.95080545712,1.4806807748784232
256,800,259292.5732537255,172736.1432098089,1.5010904402258383
1024,100,26163.727404656223,17055.23313554162,1.5340586198222816
128,600,109903.87148043366,60795.15345049714,1.807773568166476
256,900,133971.66372718298,67774.43745665345,1.9767285241263322
256,700,53155.31651069747,41611.35817859911,1.2774232526261415
128,700,116776.84923396315,79467.31686824554,1.4694953074554624
512,400,313072.40588302905,206581.12796171213,1.5154937383295441
1024,500,161859.74243865372,96130.13367832509,1.6837565521366689
128,800,126016.87558381748,85356.69591600649,1.4763560635925015
4096,700,81500.78880993015,52975.489317583066,1.5384622182787326
1024,400,38892.952256393066,25570.574939108395,1.5210042147667564
4096,800,63208.889369158154,42204.59269378442,1.4976779856109614
512,600,98421.81125810328,86768.76873065204,1.1342999641221678
1024,400,232780.86228774264,165750.015347174,1.4044092955295857
1024,300,29395.26961930898,19296.06042391556,1.5233819221915605
4096,900,311760.81331832963,236191.38873228242,1.3199499566502124
512,1000,69397.37948487412,41869.496402295794,1.6574686931526819
2048,500,52002.92884704653,35496.811911768345,1.4650028001474091
2048,200,26644.060901569548,17264.052041610656,1.5433260301434877
1024,600,561681.3177371139,370329.8703327854,1.5167054097806814
8192,100,58980.93371781355,42240.77972062386,1.3963031484718638
2048,900,91832.88588156419,52808.3450619316,1.738984355102704
2048,100,25885.732851408105,16755.433804020933,1.5449157064018302
1024,600,95023.34501811428,65224.14081258479,1.4568738481531647
8192,800,98040.80084087803,37633.65937538682,2.6051359997427914
8192,100,16759.011582863037,10684.936517822294,1.5684708612830116
8192,400,49007.751844446306,33065.00032101046,1.4821639609452946
4096,500,72398.14374568488,39732.50716487814,1.822138820619953
256,100,33896.95846621522,21991.561029855697,1.5413620897669238
4096,500,247797.34775503524,168416.85806467704,1.4713333962083164
8192,700,45705.37987615703,27178.2605478337,1.6816889291246446
128,700,97870.64191625557,66112.1861711238,1.4803721913374435
1024,300,103566.29199772359,69759.15177939474,1.4846265953066635
8192,500,43798.75336270223,25733.754935474775,1.701996209745679
128,400,61688.76934640384,41136.22764878972,1.4996214498102818
4096,800,326531.15006887395,205904.23331794323,1.585839906286273
128,500,150114.92220772014,57987.80143842503,2.5887327762740115
128,500,313120.67063451745,221529.7019201307,1.4134478037053855
4096,900,82826.80622371065,56582.92351860468,1.4638127737686952
2048,200,29780.090008476058,20330.555626091365,1.4647946940642176
256,800,108675.17826947077,64365.04481652209,1.688419212310943
4096,600,167265.57907824265,90097.16084726775,1.856502219440526
4096,400,53278.447807512995,26546.468859735378,2.0069881267080163
8192,200,23110.25403713473,14764.440789441054,1.5652644327485992
128,500,153271.18458124297,87204.24932258134,1.757611421139242
512,100,26683.1109851095,17734.942567173664,1.5045501773712178
256,300,31758.05545856001,17384.468310224045,1.82680625555184
1024,1000,77308.50509229113,52314.885183268474,1.4777535078489707
8192,600,45243.87862902088,37431.907055873475,1.2086981986113268
128,500,87405.73321187889,58407.96924960856,1.4964693060693026
4096,300,39792.45782231627,26379.630010700643,1.5084539777917598
1024,300,33647.053520785674,20808.7058656712,1.616970019086786
512,500,52629.98950322617,25985.590155750757,2.0253528662530242
128,100,42249.60413533973,26334.026394242417,1.6043731217865356
1024,200,19535.08337637577,12852.994725313132,1.519885738216534
128,100,57281.28502346326,37075.777084129346,1.5449786768726441
512,100,26712.088705967464,17587.547381984677,1.5188069220685803
4096,700,39775.851562312935,18573.466244444164,2.1415416508058094
256,1000,308023.5383825898,209656.4276123502,1.469182423312669
8192,100,33896.95846621522,21991.561029855697,1.5413620897669238
1024,400,54272.32733502868,35230.280282919535,1.5405022866463307
1024,500,225880.65347563915,137454.56157220542,1.643311439737001
128,600,104696.669407555,68626.08174271135,1.5256104785360944
256,1000,244696.18304993445,162325.13891493177,1.507444778335721
8192,600,277817.5227063159,175112.73155290165,1.5865067048102501
512,300,118927.96317361931,81292.85491094316,1.4629571480040362
512,300,104809.05537253359,70018.5887807258,1.4968747185230997
2048,900,87026.95763907689,48708.8308539422,1.7866772023339061
8192,700,170424.55531812503,122288.61167366114,1.3936257267595715
128,900,168726.6511400258,109027.86800752781,1.5475552647546598
1024,600,208420.22935980684,144998.64652732457,1.4373943091981252
8192,800,84583.27090918562,72564.30205494602,1.1656319776236364
2048,600,130446.1786512976,77257.17482380915,1.6884668504742764
8192,900,121672.62566508398,62739.76887384828,1.939322185099738
8192,500,58034.87865895023,44576.14394763512,1.3019268496423888
512,800,144788.94548321646,76638.84971024984,1.8892369344088955
128,300,55544.55158722154,33498.244300831684,1.6581332170248246
8192,500,295926.34413572843,194192.53228838427,1.5238811742578497
8192,1000,76583.84340190495,55734.051128954416,1.3740943256521838
128,100,34374.260125873225,16571.57534387376,2.074290428796248
2048,600,58374.06990384659,38888.55219463944,1.5010605077731107
8192,500,146224.6853910069,59644.592375848035,2.451600045643331
512,400,32157.201703901053,20821.733470226685,1.5444055966753742
1024,300,39781.8292490549,27498.558447783562,1.4466878081844103
2048,1000,221723.4013608373,146820.54879419197,1.510166003204644
512,400,76029.56618719613,43244.960742362484,1.7581138907756728
1024,800,84324.55498577066,48658.058952929256,1.733002852977436
8192,1000,202212.65541755676,131795.2356400754,1.5342941225112792
4096,500,109403.97535815532,50105.57823296487,2.183468971248745
2048,300,49767.175793178,23136.448596413335,2.1510291687935643
2048,300,55349.82869593065,22146.00515886802,2.4993143593559886
128,100,31892.654594740416,17055.23313554162,1.869962980938613
1024,400,37294.85679743746,25217.910930007634,1.4789035023935733
512,700,303699.0103757261,185615.93158269516,1.6361688772411374
512,200,30005.496648789962,20395.27794022972,1.471198222290664
1024,500,99635.128304543,66624.56129320196,1.4954714353174927
8192,300,45557.70735036103,25368.022265529136,1.795871466585169
512,200,33198.032669155706,20983.392416218016,1.5821098900813113
4096,800,95710.90267057925,57706.6904436543,1.6585754950551679
2048,200,20840.175358911372,13077.143533780867,1.593633602405376
256,700,172353.2841942924,110869.26045606905,1.554563307135848
128,1000,141216.66639905554,109034.07151832568,1.29516090184086
4096,700,113794.4976130725,55459.99725740356,2.0518302062822706
4096,100,14367.242350874296,9732.32942883104,1.4762388034577616
2048,100,45547.983172075845,30604.556396122767,1.4882745752801119
4096,500,88170.45727847483,64104.02639356487,1.375427757644345
2048,800,111133.00962323266,86685.18505562302,1.2820300210690245
128,400,64730.10479598642,43295.9730501957,1.495060631180198
2048,400,98257.94653458543,60976.254062611086,1.6114132959642469
2048,600,208420.22935980684,144998.64652732457,1.4373943091981252
512,500,43460.05449944775,25759.53690717348,1.687144247043706
2048,1000,134757.77625649268,83534.45135846849,1.6131999919196371
1024,900,52074.34721039796,40551.107961236245,1.284165829949136
256,700,113108.39989340518,61540.66731447565,1.8379456192019503
512,600,37717.07455418797,27028.610176991602,1.3954500178590403
256,700,176809.796857013,113100.77405254016,1.5632943128654209
128,600,133053.91937598513,72562.56792254497,1.8336440286679225
4096,100,34658.31625222918,22952.360678378518,1.510010963049995
