// DAG automatically generated by daggen at Thu Nov  7 08:07:20 2024
// ./daggen --dot --regular 0.595311 --fat 0.666751 --jump 2 -n 700 --density 0.185863 
digraph G {
  1 [size="15854330269", alpha="0.18"]
  1 -> 83 [size ="411041792"]
  1 -> 92 [size ="411041792"]
  1 -> 100 [size ="411041792"]
  1 -> 103 [size ="411041792"]
  1 -> 104 [size ="411041792"]
  1 -> 105 [size ="411041792"]
  1 -> 107 [size ="411041792"]
  1 -> 110 [size ="411041792"]
  1 -> 112 [size ="411041792"]
  1 -> 126 [size ="411041792"]
  1 -> 131 [size ="411041792"]
  1 -> 132 [size ="411041792"]
  1 -> 137 [size ="411041792"]
  1 -> 149 [size ="411041792"]
  1 -> 165 [size ="411041792"]
  1 -> 175 [size ="411041792"]
  1 -> 180 [size ="411041792"]
  1 -> 183 [size ="411041792"]
  1 -> 198 [size ="411041792"]
  1 -> 220 [size ="411041792"]
  1 -> 222 [size ="411041792"]
  2 [size="34487823306", alpha="0.13"]
  2 -> 91 [size ="838860800"]
  2 -> 92 [size ="838860800"]
  2 -> 103 [size ="838860800"]
  2 -> 107 [size ="838860800"]
  2 -> 115 [size ="838860800"]
  2 -> 117 [size ="838860800"]
  2 -> 140 [size ="838860800"]
  2 -> 143 [size ="838860800"]
  2 -> 146 [size ="838860800"]
  2 -> 153 [size ="838860800"]
  2 -> 158 [size ="838860800"]
  2 -> 180 [size ="838860800"]
  2 -> 191 [size ="838860800"]
  2 -> 209 [size ="838860800"]
  2 -> 233 [size ="838860800"]
  3 [size="231928233984", alpha="0.09"]
  3 -> 88 [size ="301989888"]
  3 -> 94 [size ="301989888"]
  3 -> 107 [size ="301989888"]
  3 -> 140 [size ="301989888"]
  3 -> 147 [size ="301989888"]
  3 -> 154 [size ="301989888"]
  3 -> 171 [size ="301989888"]
  3 -> 188 [size ="301989888"]
  3 -> 200 [size ="301989888"]
  3 -> 222 [size ="301989888"]
  3 -> 223 [size ="301989888"]
  3 -> 241 [size ="301989888"]
  4 [size="30798154191", alpha="0.09"]
  4 -> 84 [size ="679477248"]
  4 -> 87 [size ="679477248"]
  4 -> 98 [size ="679477248"]
  4 -> 143 [size ="679477248"]
  4 -> 149 [size ="679477248"]
  4 -> 180 [size ="679477248"]
  4 -> 233 [size ="679477248"]
  4 -> 246 [size ="679477248"]
  5 [size="68719476736", alpha="0.16"]
  5 -> 107 [size ="134217728"]
  5 -> 115 [size ="134217728"]
  5 -> 134 [size ="134217728"]
  5 -> 145 [size ="134217728"]
  5 -> 153 [size ="134217728"]
  5 -> 163 [size ="134217728"]
  5 -> 166 [size ="134217728"]
  5 -> 198 [size ="134217728"]
  5 -> 206 [size ="134217728"]
  6 [size="11692458857", alpha="0.13"]
  6 -> 97 [size ="301989888"]
  6 -> 100 [size ="301989888"]
  6 -> 105 [size ="301989888"]
  6 -> 120 [size ="301989888"]
  6 -> 127 [size ="301989888"]
  6 -> 129 [size ="301989888"]
  6 -> 133 [size ="301989888"]
  6 -> 142 [size ="301989888"]
  6 -> 156 [size ="301989888"]
  6 -> 157 [size ="301989888"]
  6 -> 198 [size ="301989888"]
  6 -> 214 [size ="301989888"]
  7 [size="146867929084", alpha="0.14"]
  7 -> 87 [size ="209715200"]
  7 -> 106 [size ="209715200"]
  7 -> 116 [size ="209715200"]
  7 -> 128 [size ="209715200"]
  7 -> 136 [size ="209715200"]
  7 -> 137 [size ="209715200"]
  7 -> 146 [size ="209715200"]
  7 -> 149 [size ="209715200"]
  7 -> 152 [size ="209715200"]
  7 -> 182 [size ="209715200"]
  7 -> 191 [size ="209715200"]
  8 [size="1073741824000", alpha="0.20"]
  8 -> 91 [size ="838860800"]
  8 -> 98 [size ="838860800"]
  8 -> 105 [size ="838860800"]
  8 -> 106 [size ="838860800"]
  8 -> 111 [size ="838860800"]
  8 -> 115 [size ="838860800"]
  8 -> 117 [size ="838860800"]
  8 -> 121 [size ="838860800"]
  8 -> 129 [size ="838860800"]
  8 -> 147 [size ="838860800"]
  8 -> 160 [size ="838860800"]
  8 -> 167 [size ="838860800"]
  8 -> 195 [size ="838860800"]
  8 -> 201 [size ="838860800"]
  8 -> 233 [size ="838860800"]
  9 [size="17936370603", alpha="0.04"]
  9 -> 107 [size ="301989888"]
  9 -> 115 [size ="301989888"]
  9 -> 121 [size ="301989888"]
  9 -> 129 [size ="301989888"]
  9 -> 145 [size ="301989888"]
  9 -> 150 [size ="301989888"]
  9 -> 151 [size ="301989888"]
  9 -> 182 [size ="301989888"]
  9 -> 190 [size ="301989888"]
  9 -> 197 [size ="301989888"]
  9 -> 203 [size ="301989888"]
  9 -> 210 [size ="301989888"]
  9 -> 219 [size ="301989888"]
  9 -> 245 [size ="301989888"]
  10 [size="549755813888", alpha="0.17"]
  10 -> 91 [size ="536870912"]
  10 -> 92 [size ="536870912"]
  10 -> 120 [size ="536870912"]
  10 -> 167 [size ="536870912"]
  10 -> 178 [size ="536870912"]
  10 -> 180 [size ="536870912"]
  10 -> 193 [size ="536870912"]
  10 -> 205 [size ="536870912"]
  10 -> 218 [size ="536870912"]
  11 [size="37779415233", alpha="0.14"]
  11 -> 86 [size ="75497472"]
  11 -> 94 [size ="75497472"]
  11 -> 101 [size ="75497472"]
  11 -> 104 [size ="75497472"]
  11 -> 107 [size ="75497472"]
  11 -> 115 [size ="75497472"]
  11 -> 120 [size ="75497472"]
  11 -> 146 [size ="75497472"]
  11 -> 147 [size ="75497472"]
  11 -> 155 [size ="75497472"]
  11 -> 157 [size ="75497472"]
  11 -> 158 [size ="75497472"]
  11 -> 166 [size ="75497472"]
  11 -> 167 [size ="75497472"]
  11 -> 198 [size ="75497472"]
  11 -> 227 [size ="75497472"]
  11 -> 241 [size ="75497472"]
  11 -> 245 [size ="75497472"]
  12 [size="43328190748", alpha="0.01"]
  12 -> 92 [size ="679477248"]
  12 -> 106 [size ="679477248"]
  12 -> 107 [size ="679477248"]
  12 -> 113 [size ="679477248"]
  12 -> 115 [size ="679477248"]
  12 -> 134 [size ="679477248"]
  12 -> 147 [size ="679477248"]
  12 -> 149 [size ="679477248"]
  12 -> 151 [size ="679477248"]
  12 -> 158 [size ="679477248"]
  12 -> 165 [size ="679477248"]
  12 -> 173 [size ="679477248"]
  12 -> 181 [size ="679477248"]
  12 -> 199 [size ="679477248"]
  12 -> 211 [size ="679477248"]
  12 -> 225 [size ="679477248"]
  12 -> 227 [size ="679477248"]
  12 -> 233 [size ="679477248"]
  12 -> 241 [size ="679477248"]
  12 -> 247 [size ="679477248"]
  13 [size="8589934592", alpha="0.17"]
  13 -> 88 [size ="33554432"]
  13 -> 100 [size ="33554432"]
  13 -> 106 [size ="33554432"]
  13 -> 107 [size ="33554432"]
  13 -> 129 [size ="33554432"]
  13 -> 137 [size ="33554432"]
  13 -> 144 [size ="33554432"]
  13 -> 156 [size ="33554432"]
  13 -> 167 [size ="33554432"]
  13 -> 196 [size ="33554432"]
  14 [size="429868631782", alpha="0.19"]
  14 -> 84 [size ="411041792"]
  14 -> 91 [size ="411041792"]
  14 -> 95 [size ="411041792"]
  14 -> 100 [size ="411041792"]
  14 -> 108 [size ="411041792"]
  14 -> 136 [size ="411041792"]
  14 -> 153 [size ="411041792"]
  14 -> 158 [size ="411041792"]
  14 -> 169 [size ="411041792"]
  14 -> 219 [size ="411041792"]
  14 -> 249 [size ="411041792"]
  15 [size="32002909589", alpha="0.16"]
  15 -> 85 [size ="75497472"]
  15 -> 92 [size ="75497472"]
  15 -> 117 [size ="75497472"]
  15 -> 129 [size ="75497472"]
  15 -> 137 [size ="75497472"]
  15 -> 162 [size ="75497472"]
  15 -> 169 [size ="75497472"]
  15 -> 189 [size ="75497472"]
  15 -> 191 [size ="75497472"]
  15 -> 232 [size ="75497472"]
  16 [size="5235660502", alpha="0.01"]
  16 -> 83 [size ="209715200"]
  16 -> 99 [size ="209715200"]
  16 -> 103 [size ="209715200"]
  16 -> 105 [size ="209715200"]
  16 -> 107 [size ="209715200"]
  16 -> 112 [size ="209715200"]
  16 -> 124 [size ="209715200"]
  16 -> 134 [size ="209715200"]
  16 -> 177 [size ="209715200"]
  16 -> 190 [size ="209715200"]
  16 -> 211 [size ="209715200"]
  16 -> 215 [size ="209715200"]
  16 -> 233 [size ="209715200"]
  16 -> 238 [size ="209715200"]
  17 [size="231928233984", alpha="0.11"]
  17 -> 88 [size ="301989888"]
  17 -> 94 [size ="301989888"]
  17 -> 133 [size ="301989888"]
  17 -> 134 [size ="301989888"]
  17 -> 136 [size ="301989888"]
  17 -> 196 [size ="301989888"]
  17 -> 244 [size ="301989888"]
  18 [size="231928233984", alpha="0.11"]
  18 -> 88 [size ="301989888"]
  18 -> 100 [size ="301989888"]
  18 -> 101 [size ="301989888"]
  18 -> 108 [size ="301989888"]
  18 -> 118 [size ="301989888"]
  18 -> 122 [size ="301989888"]
  18 -> 126 [size ="301989888"]
  18 -> 134 [size ="301989888"]
  18 -> 137 [size ="301989888"]
  18 -> 160 [size ="301989888"]
  18 -> 180 [size ="301989888"]
  18 -> 196 [size ="301989888"]
  18 -> 198 [size ="301989888"]
  18 -> 204 [size ="301989888"]
  18 -> 230 [size ="301989888"]
  18 -> 239 [size ="301989888"]
  18 -> 240 [size ="301989888"]
  19 [size="231928233984", alpha="0.08"]
  19 -> 109 [size ="301989888"]
  19 -> 117 [size ="301989888"]
  19 -> 129 [size ="301989888"]
  19 -> 131 [size ="301989888"]
  19 -> 140 [size ="301989888"]
  19 -> 143 [size ="301989888"]
  19 -> 150 [size ="301989888"]
  19 -> 155 [size ="301989888"]
  19 -> 180 [size ="301989888"]
  19 -> 184 [size ="301989888"]
  19 -> 226 [size ="301989888"]
  20 [size="38664173325", alpha="0.19"]
  20 -> 83 [size ="838860800"]
  20 -> 88 [size ="838860800"]
  20 -> 92 [size ="838860800"]
  20 -> 124 [size ="838860800"]
  20 -> 125 [size ="838860800"]
  20 -> 137 [size ="838860800"]
  20 -> 149 [size ="838860800"]
  20 -> 150 [size ="838860800"]
  20 -> 180 [size ="838860800"]
  20 -> 199 [size ="838860800"]
  20 -> 205 [size ="838860800"]
  20 -> 217 [size ="838860800"]
  20 -> 249 [size ="838860800"]
  21 [size="549755813888", alpha="0.05"]
  21 -> 84 [size ="536870912"]
  21 -> 86 [size ="536870912"]
  21 -> 91 [size ="536870912"]
  21 -> 92 [size ="536870912"]
  21 -> 127 [size ="536870912"]
  21 -> 129 [size ="536870912"]
  21 -> 147 [size ="536870912"]
  21 -> 149 [size ="536870912"]
  21 -> 152 [size ="536870912"]
  21 -> 159 [size ="536870912"]
  21 -> 195 [size ="536870912"]
  21 -> 227 [size ="536870912"]
  21 -> 236 [size ="536870912"]
  21 -> 238 [size ="536870912"]
  21 -> 240 [size ="536870912"]
  21 -> 247 [size ="536870912"]
  22 [size="28991029248", alpha="0.14"]
  22 -> 85 [size ="75497472"]
  22 -> 92 [size ="75497472"]
  22 -> 131 [size ="75497472"]
  22 -> 140 [size ="75497472"]
  22 -> 147 [size ="75497472"]
  22 -> 153 [size ="75497472"]
  22 -> 183 [size ="75497472"]
  22 -> 225 [size ="75497472"]
  23 [size="43443396178", alpha="0.13"]
  23 -> 85 [size ="838860800"]
  23 -> 92 [size ="838860800"]
  23 -> 139 [size ="838860800"]
  23 -> 142 [size ="838860800"]
  23 -> 144 [size ="838860800"]
  23 -> 191 [size ="838860800"]
  24 [size="26077005479", alpha="0.11"]
  24 -> 92 [size ="679477248"]
  24 -> 96 [size ="679477248"]
  24 -> 98 [size ="679477248"]
  24 -> 124 [size ="679477248"]
  24 -> 125 [size ="679477248"]
  24 -> 153 [size ="679477248"]
  24 -> 154 [size ="679477248"]
  24 -> 160 [size ="679477248"]
  24 -> 193 [size ="679477248"]
  24 -> 197 [size ="679477248"]
  24 -> 210 [size ="679477248"]
  24 -> 214 [size ="679477248"]
  24 -> 223 [size ="679477248"]
  25 [size="3698282298", alpha="0.13"]
  25 -> 85 [size ="411041792"]
  25 -> 91 [size ="411041792"]
  25 -> 94 [size ="411041792"]
  25 -> 107 [size ="411041792"]
  25 -> 115 [size ="411041792"]
  25 -> 134 [size ="411041792"]
  25 -> 137 [size ="411041792"]
  25 -> 147 [size ="411041792"]
  25 -> 160 [size ="411041792"]
  25 -> 161 [size ="411041792"]
  25 -> 179 [size ="411041792"]
  25 -> 193 [size ="411041792"]
  25 -> 208 [size ="411041792"]
  25 -> 211 [size ="411041792"]
  25 -> 213 [size ="411041792"]
  25 -> 214 [size ="411041792"]
  26 [size="373591660179", alpha="0.09"]
  26 -> 91 [size ="838860800"]
  26 -> 122 [size ="838860800"]
  26 -> 134 [size ="838860800"]
  26 -> 140 [size ="838860800"]
  26 -> 160 [size ="838860800"]
  26 -> 169 [size ="838860800"]
  26 -> 175 [size ="838860800"]
  26 -> 185 [size ="838860800"]
  26 -> 201 [size ="838860800"]
  26 -> 207 [size ="838860800"]
  26 -> 214 [size ="838860800"]
  27 [size="9592986157", alpha="0.15"]
  27 -> 86 [size ="301989888"]
  27 -> 98 [size ="301989888"]
  27 -> 126 [size ="301989888"]
  27 -> 159 [size ="301989888"]
  27 -> 171 [size ="301989888"]
  27 -> 185 [size ="301989888"]
  27 -> 202 [size ="301989888"]
  27 -> 227 [size ="301989888"]
  27 -> 232 [size ="301989888"]
  27 -> 247 [size ="301989888"]
  28 [size="25714794763", alpha="0.12"]
  28 -> 87 [size ="75497472"]
  28 -> 131 [size ="75497472"]
  28 -> 151 [size ="75497472"]
  28 -> 155 [size ="75497472"]
  28 -> 172 [size ="75497472"]
  28 -> 182 [size ="75497472"]
  28 -> 188 [size ="75497472"]
  28 -> 198 [size ="75497472"]
  28 -> 219 [size ="75497472"]
  28 -> 236 [size ="75497472"]
  29 [size="1245280756088", alpha="0.17"]
  29 -> 87 [size ="838860800"]
  29 -> 94 [size ="838860800"]
  29 -> 98 [size ="838860800"]
  29 -> 105 [size ="838860800"]
  29 -> 127 [size ="838860800"]
  29 -> 142 [size ="838860800"]
  29 -> 144 [size ="838860800"]
  29 -> 158 [size ="838860800"]
  29 -> 166 [size ="838860800"]
  29 -> 219 [size ="838860800"]
  29 -> 248 [size ="838860800"]
  30 [size="732336416916", alpha="0.12"]
  30 -> 94 [size ="536870912"]
  30 -> 100 [size ="536870912"]
  30 -> 105 [size ="536870912"]
  30 -> 107 [size ="536870912"]
  30 -> 120 [size ="536870912"]
  30 -> 132 [size ="536870912"]
  30 -> 156 [size ="536870912"]
  30 -> 157 [size ="536870912"]
  30 -> 182 [size ="536870912"]
  30 -> 209 [size ="536870912"]
  30 -> 210 [size ="536870912"]
  30 -> 223 [size ="536870912"]
  30 -> 233 [size ="536870912"]
  31 [size="231928233984", alpha="0.13"]
  31 -> 98 [size ="301989888"]
  31 -> 100 [size ="301989888"]
  31 -> 117 [size ="301989888"]
  31 -> 155 [size ="301989888"]
  31 -> 157 [size ="301989888"]
  31 -> 223 [size ="301989888"]
  31 -> 233 [size ="301989888"]
  31 -> 249 [size ="301989888"]
  32 [size="8773437894", alpha="0.03"]
  32 -> 84 [size ="411041792"]
  32 -> 91 [size ="411041792"]
  32 -> 93 [size ="411041792"]
  32 -> 101 [size ="411041792"]
  32 -> 127 [size ="411041792"]
  32 -> 150 [size ="411041792"]
  32 -> 161 [size ="411041792"]
  32 -> 193 [size ="411041792"]
  32 -> 199 [size ="411041792"]
  32 -> 200 [size ="411041792"]
  32 -> 202 [size ="411041792"]
  32 -> 214 [size ="411041792"]
  32 -> 215 [size ="411041792"]
  33 [size="332461054034", alpha="0.16"]
  33 -> 84 [size ="679477248"]
  33 -> 90 [size ="679477248"]
  33 -> 120 [size ="679477248"]
  33 -> 135 [size ="679477248"]
  33 -> 137 [size ="679477248"]
  33 -> 140 [size ="679477248"]
  33 -> 142 [size ="679477248"]
  33 -> 144 [size ="679477248"]
  33 -> 151 [size ="679477248"]
  33 -> 166 [size ="679477248"]
  33 -> 182 [size ="679477248"]
  33 -> 220 [size ="679477248"]
  33 -> 241 [size ="679477248"]
  34 [size="1875130103", alpha="0.03"]
  34 -> 91 [size ="33554432"]
  34 -> 97 [size ="33554432"]
  34 -> 101 [size ="33554432"]
  34 -> 108 [size ="33554432"]
  34 -> 156 [size ="33554432"]
  34 -> 220 [size ="33554432"]
  34 -> 223 [size ="33554432"]
  35 [size="1139928190575", alpha="0.09"]
  35 -> 107 [size ="838860800"]
  35 -> 108 [size ="838860800"]
  35 -> 131 [size ="838860800"]
  35 -> 136 [size ="838860800"]
  35 -> 139 [size ="838860800"]
  35 -> 140 [size ="838860800"]
  35 -> 146 [size ="838860800"]
  35 -> 194 [size ="838860800"]
  35 -> 195 [size ="838860800"]
  35 -> 211 [size ="838860800"]
  35 -> 224 [size ="838860800"]
  36 [size="285852012310", alpha="0.02"]
  36 -> 101 [size ="411041792"]
  36 -> 125 [size ="411041792"]
  36 -> 129 [size ="411041792"]
  36 -> 132 [size ="411041792"]
  36 -> 136 [size ="411041792"]
  36 -> 155 [size ="411041792"]
  36 -> 161 [size ="411041792"]
  36 -> 190 [size ="411041792"]
  36 -> 199 [size ="411041792"]
  36 -> 200 [size ="411041792"]
  36 -> 211 [size ="411041792"]
  36 -> 240 [size ="411041792"]
  37 [size="782757789696", alpha="0.13"]
  37 -> 84 [size ="679477248"]
  37 -> 103 [size ="679477248"]
  37 -> 134 [size ="679477248"]
  37 -> 143 [size ="679477248"]
  37 -> 151 [size ="679477248"]
  37 -> 161 [size ="679477248"]
  37 -> 179 [size ="679477248"]
  37 -> 180 [size ="679477248"]
  37 -> 185 [size ="679477248"]
  37 -> 209 [size ="679477248"]
  37 -> 230 [size ="679477248"]
  38 [size="807498220360", alpha="0.08"]
  38 -> 108 [size ="536870912"]
  38 -> 114 [size ="536870912"]
  38 -> 134 [size ="536870912"]
  38 -> 149 [size ="536870912"]
  38 -> 151 [size ="536870912"]
  38 -> 161 [size ="536870912"]
  38 -> 189 [size ="536870912"]
  38 -> 219 [size ="536870912"]
  38 -> 232 [size ="536870912"]
  38 -> 234 [size ="536870912"]
  38 -> 245 [size ="536870912"]
  39 [size="2325493066", alpha="0.05"]
  39 -> 87 [size ="75497472"]
  39 -> 113 [size ="75497472"]
  39 -> 117 [size ="75497472"]
  39 -> 127 [size ="75497472"]
  39 -> 143 [size ="75497472"]
  39 -> 144 [size ="75497472"]
  39 -> 151 [size ="75497472"]
  39 -> 158 [size ="75497472"]
  39 -> 170 [size ="75497472"]
  39 -> 205 [size ="75497472"]
  39 -> 225 [size ="75497472"]
  39 -> 249 [size ="75497472"]
  40 [size="333349709230", alpha="0.01"]
  40 -> 111 [size ="301989888"]
  40 -> 125 [size ="301989888"]
  40 -> 129 [size ="301989888"]
  40 -> 131 [size ="301989888"]
  40 -> 141 [size ="301989888"]
  40 -> 147 [size ="301989888"]
  41 [size="235121908353", alpha="0.01"]
  41 -> 127 [size ="209715200"]
  41 -> 129 [size ="209715200"]
  41 -> 140 [size ="209715200"]
  41 -> 143 [size ="209715200"]
  41 -> 162 [size ="209715200"]
  41 -> 209 [size ="209715200"]
  41 -> 244 [size ="209715200"]
  42 [size="68719476736", alpha="0.17"]
  42 -> 100 [size ="134217728"]
  42 -> 104 [size ="134217728"]
  42 -> 111 [size ="134217728"]
  42 -> 129 [size ="134217728"]
  42 -> 131 [size ="134217728"]
  42 -> 149 [size ="134217728"]
  42 -> 175 [size ="134217728"]
  42 -> 182 [size ="134217728"]
  42 -> 242 [size ="134217728"]
  42 -> 245 [size ="134217728"]
  43 [size="231928233984", alpha="0.15"]
  43 -> 91 [size ="301989888"]
  43 -> 100 [size ="301989888"]
  43 -> 102 [size ="301989888"]
  43 -> 108 [size ="301989888"]
  43 -> 131 [size ="301989888"]
  43 -> 134 [size ="301989888"]
  43 -> 196 [size ="301989888"]
  43 -> 233 [size ="301989888"]
  44 [size="26612621079", alpha="0.15"]
  44 -> 100 [size ="33554432"]
  44 -> 105 [size ="33554432"]
  44 -> 107 [size ="33554432"]
  44 -> 126 [size ="33554432"]
  44 -> 132 [size ="33554432"]
  44 -> 136 [size ="33554432"]
  44 -> 140 [size ="33554432"]
  44 -> 144 [size ="33554432"]
  44 -> 155 [size ="33554432"]
  44 -> 159 [size ="33554432"]
  44 -> 162 [size ="33554432"]
  44 -> 175 [size ="33554432"]
  44 -> 205 [size ="33554432"]
  44 -> 236 [size ="33554432"]
  44 -> 241 [size ="33554432"]
  45 [size="231928233984", alpha="0.07"]
  45 -> 96 [size ="301989888"]
  45 -> 105 [size ="301989888"]
  45 -> 106 [size ="301989888"]
  45 -> 107 [size ="301989888"]
  45 -> 109 [size ="301989888"]
  45 -> 125 [size ="301989888"]
  45 -> 126 [size ="301989888"]
  45 -> 140 [size ="301989888"]
  45 -> 143 [size ="301989888"]
  45 -> 146 [size ="301989888"]
  45 -> 149 [size ="301989888"]
  45 -> 154 [size ="301989888"]
  45 -> 158 [size ="301989888"]
  45 -> 159 [size ="301989888"]
  45 -> 202 [size ="301989888"]
  45 -> 205 [size ="301989888"]
  45 -> 219 [size ="301989888"]
  45 -> 234 [size ="301989888"]
  45 -> 245 [size ="301989888"]
  45 -> 249 [size ="301989888"]
  46 [size="35008952330", alpha="0.05"]
  46 -> 83 [size ="33554432"]
  46 -> 91 [size ="33554432"]
  46 -> 105 [size ="33554432"]
  46 -> 120 [size ="33554432"]
  46 -> 121 [size ="33554432"]
  46 -> 137 [size ="33554432"]
  46 -> 153 [size ="33554432"]
  46 -> 154 [size ="33554432"]
  46 -> 157 [size ="33554432"]
  46 -> 167 [size ="33554432"]
  46 -> 175 [size ="33554432"]
  46 -> 209 [size ="33554432"]
  46 -> 220 [size ="33554432"]
  46 -> 226 [size ="33554432"]
  47 [size="1942004548", alpha="0.18"]
  47 -> 84 [size ="33554432"]
  47 -> 112 [size ="33554432"]
  47 -> 140 [size ="33554432"]
  47 -> 144 [size ="33554432"]
  47 -> 147 [size ="33554432"]
  47 -> 155 [size ="33554432"]
  47 -> 167 [size ="33554432"]
  47 -> 187 [size ="33554432"]
  47 -> 221 [size ="33554432"]
  47 -> 229 [size ="33554432"]
  47 -> 240 [size ="33554432"]
  48 [size="14019766650", alpha="0.07"]
  48 -> 83 [size ="838860800"]
  48 -> 84 [size ="838860800"]
  48 -> 87 [size ="838860800"]
  48 -> 88 [size ="838860800"]
  48 -> 89 [size ="838860800"]
  48 -> 92 [size ="838860800"]
  48 -> 108 [size ="838860800"]
  48 -> 112 [size ="838860800"]
  48 -> 120 [size ="838860800"]
  48 -> 132 [size ="838860800"]
  48 -> 136 [size ="838860800"]
  48 -> 143 [size ="838860800"]
  48 -> 146 [size ="838860800"]
  48 -> 156 [size ="838860800"]
  48 -> 201 [size ="838860800"]
  48 -> 210 [size ="838860800"]
  48 -> 215 [size ="838860800"]
  48 -> 245 [size ="838860800"]
  49 [size="368293445632", alpha="0.18"]
  49 -> 84 [size ="411041792"]
  49 -> 100 [size ="411041792"]
  49 -> 102 [size ="411041792"]
  49 -> 109 [size ="411041792"]
  49 -> 121 [size ="411041792"]
  49 -> 127 [size ="411041792"]
  49 -> 135 [size ="411041792"]
  49 -> 137 [size ="411041792"]
  49 -> 151 [size ="411041792"]
  49 -> 156 [size ="411041792"]
  49 -> 182 [size ="411041792"]
  49 -> 192 [size ="411041792"]
  49 -> 206 [size ="411041792"]
  50 [size="4573391479", alpha="0.14"]
  50 -> 87 [size ="301989888"]
  50 -> 96 [size ="301989888"]
  50 -> 119 [size ="301989888"]
  50 -> 128 [size ="301989888"]
  50 -> 136 [size ="301989888"]
  50 -> 144 [size ="301989888"]
  50 -> 145 [size ="301989888"]
  50 -> 151 [size ="301989888"]
  50 -> 156 [size ="301989888"]
  50 -> 161 [size ="301989888"]
  50 -> 199 [size ="301989888"]
  51 [size="28991029248", alpha="0.17"]
  51 -> 100 [size ="75497472"]
  51 -> 116 [size ="75497472"]
  51 -> 120 [size ="75497472"]
  51 -> 122 [size ="75497472"]
  51 -> 128 [size ="75497472"]
  51 -> 131 [size ="75497472"]
  51 -> 137 [size ="75497472"]
  51 -> 153 [size ="75497472"]
  51 -> 158 [size ="75497472"]
  51 -> 166 [size ="75497472"]
  51 -> 236 [size ="75497472"]
  51 -> 245 [size ="75497472"]
  52 [size="6524416546", alpha="0.16"]
  52 -> 85 [size ="134217728"]
  52 -> 89 [size ="134217728"]
  52 -> 106 [size ="134217728"]
  52 -> 135 [size ="134217728"]
  52 -> 143 [size ="134217728"]
  52 -> 154 [size ="134217728"]
  52 -> 155 [size ="134217728"]
  52 -> 192 [size ="134217728"]
  52 -> 196 [size ="134217728"]
  52 -> 233 [size ="134217728"]
  52 -> 242 [size ="134217728"]
  52 -> 246 [size ="134217728"]
  53 [size="68719476736", alpha="0.10"]
  53 -> 83 [size ="134217728"]
  53 -> 99 [size ="134217728"]
  53 -> 103 [size ="134217728"]
  53 -> 110 [size ="134217728"]
  53 -> 115 [size ="134217728"]
  53 -> 140 [size ="134217728"]
  53 -> 154 [size ="134217728"]
  53 -> 161 [size ="134217728"]
  53 -> 215 [size ="134217728"]
  53 -> 223 [size ="134217728"]
  53 -> 235 [size ="134217728"]
  53 -> 242 [size ="134217728"]
  54 [size="192307957824", alpha="0.13"]
  54 -> 83 [size ="134217728"]
  54 -> 90 [size ="134217728"]
  54 -> 93 [size ="134217728"]
  54 -> 108 [size ="134217728"]
  54 -> 119 [size ="134217728"]
  54 -> 120 [size ="134217728"]
  54 -> 137 [size ="134217728"]
  54 -> 156 [size ="134217728"]
  54 -> 158 [size ="134217728"]
  54 -> 183 [size ="134217728"]
  54 -> 193 [size ="134217728"]
  54 -> 242 [size ="134217728"]
  54 -> 249 [size ="134217728"]
  55 [size="134217728000", alpha="0.14"]
  55 -> 98 [size ="209715200"]
  55 -> 105 [size ="209715200"]
  55 -> 108 [size ="209715200"]
  55 -> 120 [size ="209715200"]
  55 -> 151 [size ="209715200"]
  55 -> 156 [size ="209715200"]
  55 -> 160 [size ="209715200"]
  55 -> 162 [size ="209715200"]
  55 -> 220 [size ="209715200"]
  55 -> 222 [size ="209715200"]
  56 [size="134217728000", alpha="0.14"]
  56 -> 136 [size ="209715200"]
  56 -> 225 [size ="209715200"]
  57 [size="1073741824000", alpha="0.02"]
  57 -> 83 [size ="838860800"]
  57 -> 103 [size ="838860800"]
  57 -> 116 [size ="838860800"]
  57 -> 122 [size ="838860800"]
  57 -> 127 [size ="838860800"]
  57 -> 130 [size ="838860800"]
  57 -> 149 [size ="838860800"]
  57 -> 197 [size ="838860800"]
  57 -> 205 [size ="838860800"]
  57 -> 247 [size ="838860800"]
  58 [size="8589934592", alpha="0.09"]
  58 -> 85 [size ="33554432"]
  58 -> 86 [size ="33554432"]
  58 -> 108 [size ="33554432"]
  58 -> 115 [size ="33554432"]
  58 -> 134 [size ="33554432"]
  58 -> 137 [size ="33554432"]
  58 -> 154 [size ="33554432"]
  58 -> 157 [size ="33554432"]
  58 -> 158 [size ="33554432"]
  58 -> 173 [size ="33554432"]
  58 -> 192 [size ="33554432"]
  58 -> 202 [size ="33554432"]
  58 -> 214 [size ="33554432"]
  58 -> 233 [size ="33554432"]
  59 [size="226912742885", alpha="0.13"]
  59 -> 87 [size ="301989888"]
  59 -> 94 [size ="301989888"]
  59 -> 109 [size ="301989888"]
  59 -> 112 [size ="301989888"]
  59 -> 129 [size ="301989888"]
  59 -> 132 [size ="301989888"]
  59 -> 144 [size ="301989888"]
  59 -> 154 [size ="301989888"]
  59 -> 156 [size ="301989888"]
  59 -> 160 [size ="301989888"]
  59 -> 161 [size ="301989888"]
  59 -> 163 [size ="301989888"]
  59 -> 167 [size ="301989888"]
  59 -> 169 [size ="301989888"]
  59 -> 194 [size ="301989888"]
  59 -> 249 [size ="301989888"]
  60 [size="368293445632", alpha="0.12"]
  60 -> 87 [size ="411041792"]
  60 -> 104 [size ="411041792"]
  60 -> 105 [size ="411041792"]
  60 -> 112 [size ="411041792"]
  60 -> 115 [size ="411041792"]
  60 -> 118 [size ="411041792"]
  60 -> 119 [size ="411041792"]
  60 -> 126 [size ="411041792"]
  60 -> 144 [size ="411041792"]
  60 -> 157 [size ="411041792"]
  60 -> 161 [size ="411041792"]
  60 -> 173 [size ="411041792"]
  60 -> 189 [size ="411041792"]
  60 -> 233 [size ="411041792"]
  61 [size="109894983665", alpha="0.09"]
  61 -> 94 [size ="75497472"]
  61 -> 124 [size ="75497472"]
  61 -> 127 [size ="75497472"]
  61 -> 142 [size ="75497472"]
  61 -> 144 [size ="75497472"]
  61 -> 146 [size ="75497472"]
  61 -> 158 [size ="75497472"]
  61 -> 161 [size ="75497472"]
  61 -> 167 [size ="75497472"]
  61 -> 185 [size ="75497472"]
  61 -> 209 [size ="75497472"]
  62 [size="1705060003", alpha="0.18"]
  62 -> 84 [size ="33554432"]
  62 -> 94 [size ="33554432"]
  62 -> 104 [size ="33554432"]
  62 -> 120 [size ="33554432"]
  62 -> 125 [size ="33554432"]
  62 -> 127 [size ="33554432"]
  62 -> 132 [size ="33554432"]
  62 -> 144 [size ="33554432"]
  62 -> 154 [size ="33554432"]
  62 -> 160 [size ="33554432"]
  62 -> 166 [size ="33554432"]
  62 -> 171 [size ="33554432"]
  62 -> 173 [size ="33554432"]
  62 -> 185 [size ="33554432"]
  62 -> 205 [size ="33554432"]
  62 -> 219 [size ="33554432"]
  62 -> 226 [size ="33554432"]
  62 -> 237 [size ="33554432"]
  62 -> 239 [size ="33554432"]
  62 -> 242 [size ="33554432"]
  62 -> 249 [size ="33554432"]
  63 [size="78220033691", alpha="0.14"]
  63 -> 111 [size ="75497472"]
  63 -> 113 [size ="75497472"]
  63 -> 120 [size ="75497472"]
  63 -> 137 [size ="75497472"]
  63 -> 145 [size ="75497472"]
  63 -> 146 [size ="75497472"]
  63 -> 155 [size ="75497472"]
  63 -> 158 [size ="75497472"]
  63 -> 199 [size ="75497472"]
  63 -> 231 [size ="75497472"]
  63 -> 238 [size ="75497472"]
  63 -> 245 [size ="75497472"]
  63 -> 248 [size ="75497472"]
  64 [size="38501850158", alpha="0.11"]
  64 -> 85 [size ="679477248"]
  64 -> 98 [size ="679477248"]
  64 -> 103 [size ="679477248"]
  64 -> 105 [size ="679477248"]
  64 -> 120 [size ="679477248"]
  64 -> 121 [size ="679477248"]
  64 -> 129 [size ="679477248"]
  64 -> 136 [size ="679477248"]
  64 -> 138 [size ="679477248"]
  64 -> 152 [size ="679477248"]
  64 -> 155 [size ="679477248"]
  64 -> 167 [size ="679477248"]
  64 -> 182 [size ="679477248"]
  64 -> 193 [size ="679477248"]
  64 -> 209 [size ="679477248"]
  64 -> 211 [size ="679477248"]
  64 -> 234 [size ="679477248"]
  64 -> 242 [size ="679477248"]
  65 [size="17404012790", alpha="0.14"]
  65 -> 97 [size ="411041792"]
  65 -> 115 [size ="411041792"]
  65 -> 153 [size ="411041792"]
  65 -> 156 [size ="411041792"]
  65 -> 158 [size ="411041792"]
  65 -> 209 [size ="411041792"]
  65 -> 230 [size ="411041792"]
  66 [size="651904677528", alpha="0.01"]
  66 -> 94 [size ="536870912"]
  66 -> 97 [size ="536870912"]
  66 -> 98 [size ="536870912"]
  66 -> 101 [size ="536870912"]
  66 -> 107 [size ="536870912"]
  66 -> 115 [size ="536870912"]
  66 -> 125 [size ="536870912"]
  66 -> 146 [size ="536870912"]
  66 -> 218 [size ="536870912"]
  66 -> 232 [size ="536870912"]
  67 [size="115905173016", alpha="0.13"]
  67 -> 113 [size ="134217728"]
  67 -> 132 [size ="134217728"]
  67 -> 140 [size ="134217728"]
  67 -> 142 [size ="134217728"]
  67 -> 146 [size ="134217728"]
  67 -> 153 [size ="134217728"]
  67 -> 157 [size ="134217728"]
  67 -> 163 [size ="134217728"]
  67 -> 170 [size ="134217728"]
  67 -> 175 [size ="134217728"]
  67 -> 191 [size ="134217728"]
  67 -> 192 [size ="134217728"]
  67 -> 198 [size ="134217728"]
  67 -> 199 [size ="134217728"]
  67 -> 227 [size ="134217728"]
  67 -> 240 [size ="134217728"]
  67 -> 242 [size ="134217728"]
  67 -> 248 [size ="134217728"]
  68 [size="8589934592", alpha="0.08"]
  68 -> 106 [size ="33554432"]
  68 -> 121 [size ="33554432"]
  68 -> 146 [size ="33554432"]
  68 -> 147 [size ="33554432"]
  68 -> 153 [size ="33554432"]
  68 -> 154 [size ="33554432"]
  68 -> 181 [size ="33554432"]
  68 -> 182 [size ="33554432"]
  68 -> 210 [size ="33554432"]
  69 [size="2563591409", alpha="0.18"]
  69 -> 84 [size ="75497472"]
  69 -> 101 [size ="75497472"]
  69 -> 125 [size ="75497472"]
  69 -> 126 [size ="75497472"]
  69 -> 159 [size ="75497472"]
  69 -> 210 [size ="75497472"]
  69 -> 223 [size ="75497472"]
  69 -> 238 [size ="75497472"]
  69 -> 247 [size ="75497472"]
  69 -> 248 [size ="75497472"]
  70 [size="1907892007", alpha="0.06"]
  70 -> 87 [size ="209715200"]
  70 -> 99 [size ="209715200"]
  70 -> 106 [size ="209715200"]
  70 -> 125 [size ="209715200"]
  70 -> 126 [size ="209715200"]
  70 -> 131 [size ="209715200"]
  70 -> 132 [size ="209715200"]
  70 -> 136 [size ="209715200"]
  70 -> 138 [size ="209715200"]
  70 -> 146 [size ="209715200"]
  70 -> 174 [size ="209715200"]
  70 -> 178 [size ="209715200"]
  70 -> 187 [size ="209715200"]
  70 -> 192 [size ="209715200"]
  70 -> 227 [size ="209715200"]
  70 -> 245 [size ="209715200"]
  70 -> 248 [size ="209715200"]
  71 [size="549755813888", alpha="0.12"]
  71 -> 87 [size ="536870912"]
  71 -> 97 [size ="536870912"]
  71 -> 103 [size ="536870912"]
  71 -> 109 [size ="536870912"]
  71 -> 113 [size ="536870912"]
  71 -> 117 [size ="536870912"]
  71 -> 133 [size ="536870912"]
  71 -> 136 [size ="536870912"]
  71 -> 148 [size ="536870912"]
  71 -> 180 [size ="536870912"]
  71 -> 184 [size ="536870912"]
  71 -> 198 [size ="536870912"]
  71 -> 201 [size ="536870912"]
  71 -> 207 [size ="536870912"]
  71 -> 211 [size ="536870912"]
  71 -> 229 [size ="536870912"]
  71 -> 234 [size ="536870912"]
  71 -> 242 [size ="536870912"]
  72 [size="43092669837", alpha="0.16"]
  72 -> 85 [size ="33554432"]
  72 -> 142 [size ="33554432"]
  72 -> 148 [size ="33554432"]
  72 -> 183 [size ="33554432"]
  72 -> 204 [size ="33554432"]
  72 -> 225 [size ="33554432"]
  72 -> 233 [size ="33554432"]
  73 [size="18267676029", alpha="0.09"]
  73 -> 84 [size ="411041792"]
  73 -> 86 [size ="411041792"]
  73 -> 91 [size ="411041792"]
  73 -> 109 [size ="411041792"]
  73 -> 123 [size ="411041792"]
  73 -> 128 [size ="411041792"]
  73 -> 134 [size ="411041792"]
  73 -> 136 [size ="411041792"]
  73 -> 167 [size ="411041792"]
  73 -> 175 [size ="411041792"]
  73 -> 179 [size ="411041792"]
  73 -> 197 [size ="411041792"]
  73 -> 211 [size ="411041792"]
  73 -> 221 [size ="411041792"]
  73 -> 244 [size ="411041792"]
  73 -> 247 [size ="411041792"]
  74 [size="6411226762", alpha="0.12"]
  74 -> 104 [size ="301989888"]
  74 -> 120 [size ="301989888"]
  74 -> 184 [size ="301989888"]
  74 -> 201 [size ="301989888"]
  75 [size="918359087", alpha="0.00"]
  75 -> 85 [size ="33554432"]
  75 -> 94 [size ="33554432"]
  75 -> 104 [size ="33554432"]
  75 -> 145 [size ="33554432"]
  75 -> 146 [size ="33554432"]
  75 -> 147 [size ="33554432"]
  75 -> 154 [size ="33554432"]
  75 -> 171 [size ="33554432"]
  75 -> 199 [size ="33554432"]
  76 [size="134217728000", alpha="0.01"]
  76 -> 112 [size ="209715200"]
  76 -> 114 [size ="209715200"]
  76 -> 125 [size ="209715200"]
  76 -> 126 [size ="209715200"]
  76 -> 128 [size ="209715200"]
  76 -> 132 [size ="209715200"]
  76 -> 164 [size ="209715200"]
  76 -> 185 [size ="209715200"]
  76 -> 201 [size ="209715200"]
  76 -> 202 [size ="209715200"]
  76 -> 219 [size ="209715200"]
  76 -> 244 [size ="209715200"]
  77 [size="28991029248", alpha="0.04"]
  77 -> 92 [size ="75497472"]
  77 -> 98 [size ="75497472"]
  77 -> 112 [size ="75497472"]
  77 -> 113 [size ="75497472"]
  77 -> 126 [size ="75497472"]
  77 -> 153 [size ="75497472"]
  77 -> 158 [size ="75497472"]
  77 -> 164 [size ="75497472"]
  77 -> 173 [size ="75497472"]
  77 -> 179 [size ="75497472"]
  77 -> 195 [size ="75497472"]
  77 -> 206 [size ="75497472"]
  78 [size="8603464238", alpha="0.17"]
  78 -> 88 [size ="838860800"]
  78 -> 98 [size ="838860800"]
  78 -> 100 [size ="838860800"]
  78 -> 106 [size ="838860800"]
  78 -> 117 [size ="838860800"]
  78 -> 126 [size ="838860800"]
  78 -> 137 [size ="838860800"]
  78 -> 144 [size ="838860800"]
  78 -> 145 [size ="838860800"]
  78 -> 157 [size ="838860800"]
  78 -> 187 [size ="838860800"]
  78 -> 220 [size ="838860800"]
  79 [size="134217728000", alpha="0.15"]
  79 -> 83 [size ="209715200"]
  79 -> 91 [size ="209715200"]
  79 -> 115 [size ="209715200"]
  79 -> 117 [size ="209715200"]
  79 -> 126 [size ="209715200"]
  79 -> 131 [size ="209715200"]
  79 -> 138 [size ="209715200"]
  79 -> 143 [size ="209715200"]
  79 -> 149 [size ="209715200"]
  79 -> 161 [size ="209715200"]
  79 -> 170 [size ="209715200"]
  79 -> 176 [size ="209715200"]
  79 -> 184 [size ="209715200"]
  79 -> 191 [size ="209715200"]
  79 -> 206 [size ="209715200"]
  79 -> 220 [size ="209715200"]
  79 -> 244 [size ="209715200"]
  80 [size="24471957906", alpha="0.03"]
  80 -> 88 [size ="536870912"]
  80 -> 91 [size ="536870912"]
  80 -> 97 [size ="536870912"]
  80 -> 98 [size ="536870912"]
  80 -> 105 [size ="536870912"]
  80 -> 111 [size ="536870912"]
  80 -> 115 [size ="536870912"]
  80 -> 131 [size ="536870912"]
  80 -> 138 [size ="536870912"]
  80 -> 151 [size ="536870912"]
  80 -> 172 [size ="536870912"]
  80 -> 183 [size ="536870912"]
  80 -> 189 [size ="536870912"]
  80 -> 205 [size ="536870912"]
  80 -> 241 [size ="536870912"]
  81 [size="37227627288", alpha="0.09"]
  81 -> 83 [size ="838860800"]
  81 -> 91 [size ="838860800"]
  81 -> 99 [size ="838860800"]
  81 -> 115 [size ="838860800"]
  81 -> 120 [size ="838860800"]
  81 -> 126 [size ="838860800"]
  81 -> 153 [size ="838860800"]
  81 -> 156 [size ="838860800"]
  81 -> 160 [size ="838860800"]
  81 -> 214 [size ="838860800"]
  81 -> 217 [size ="838860800"]
  81 -> 218 [size ="838860800"]
  81 -> 219 [size ="838860800"]
  81 -> 239 [size ="838860800"]
  81 -> 249 [size ="838860800"]
  82 [size="134217728000", alpha="0.09"]
  82 -> 84 [size ="209715200"]
  82 -> 121 [size ="209715200"]
  82 -> 131 [size ="209715200"]
  82 -> 146 [size ="209715200"]
  82 -> 155 [size ="209715200"]
  82 -> 170 [size ="209715200"]
  82 -> 183 [size ="209715200"]
  82 -> 185 [size ="209715200"]
  82 -> 205 [size ="209715200"]
  82 -> 210 [size ="209715200"]
  82 -> 211 [size ="209715200"]
  82 -> 214 [size ="209715200"]
  82 -> 225 [size ="209715200"]
  82 -> 227 [size ="209715200"]
  82 -> 237 [size ="209715200"]
  82 -> 238 [size ="209715200"]
  82 -> 243 [size ="209715200"]
  83 [size="7121387261", alpha="0.08"]
  83 -> 172 [size ="301989888"]
  83 -> 173 [size ="301989888"]
  83 -> 191 [size ="301989888"]
  83 -> 201 [size ="301989888"]
  83 -> 219 [size ="301989888"]
  83 -> 232 [size ="301989888"]
  83 -> 234 [size ="301989888"]
  83 -> 247 [size ="301989888"]
  83 -> 267 [size ="301989888"]
  84 [size="68719476736", alpha="0.16"]
  84 -> 210 [size ="134217728"]
  84 -> 295 [size ="134217728"]
  85 [size="1713074374", alpha="0.09"]
  85 -> 166 [size ="33554432"]
  85 -> 172 [size ="33554432"]
  85 -> 179 [size ="33554432"]
  85 -> 250 [size ="33554432"]
  85 -> 283 [size ="33554432"]
  85 -> 288 [size ="33554432"]
  85 -> 300 [size ="33554432"]
  86 [size="368293445632", alpha="0.08"]
  86 -> 183 [size ="411041792"]
  86 -> 211 [size ="411041792"]
  86 -> 239 [size ="411041792"]
  86 -> 247 [size ="411041792"]
  86 -> 248 [size ="411041792"]
  87 [size="368293445632", alpha="0.08"]
  87 -> 170 [size ="411041792"]
  87 -> 172 [size ="411041792"]
  87 -> 175 [size ="411041792"]
  87 -> 186 [size ="411041792"]
  87 -> 191 [size ="411041792"]
  87 -> 198 [size ="411041792"]
  87 -> 212 [size ="411041792"]
  87 -> 215 [size ="411041792"]
  87 -> 265 [size ="411041792"]
  87 -> 290 [size ="411041792"]
  87 -> 302 [size ="411041792"]
  88 [size="1073741824000", alpha="0.08"]
  88 -> 162 [size ="838860800"]
  88 -> 173 [size ="838860800"]
  88 -> 221 [size ="838860800"]
  88 -> 226 [size ="838860800"]
  88 -> 239 [size ="838860800"]
  88 -> 267 [size ="838860800"]
  89 [size="752174630077", alpha="0.18"]
  89 -> 181 [size ="679477248"]
  89 -> 195 [size ="679477248"]
  89 -> 222 [size ="679477248"]
  89 -> 240 [size ="679477248"]
  89 -> 256 [size ="679477248"]
  89 -> 261 [size ="679477248"]
  89 -> 274 [size ="679477248"]
  89 -> 296 [size ="679477248"]
  90 [size="8589934592", alpha="0.18"]
  90 -> 202 [size ="33554432"]
  90 -> 234 [size ="33554432"]
  90 -> 270 [size ="33554432"]
  90 -> 290 [size ="33554432"]
  91 [size="10620128671", alpha="0.02"]
  91 -> 185 [size ="411041792"]
  91 -> 222 [size ="411041792"]
  91 -> 230 [size ="411041792"]
  91 -> 289 [size ="411041792"]
  91 -> 295 [size ="411041792"]
  92 [size="13309305173", alpha="0.11"]
  92 -> 167 [size ="209715200"]
  92 -> 196 [size ="209715200"]
  92 -> 205 [size ="209715200"]
  92 -> 209 [size ="209715200"]
  92 -> 222 [size ="209715200"]
  92 -> 232 [size ="209715200"]
  92 -> 239 [size ="209715200"]
  92 -> 289 [size ="209715200"]
  92 -> 296 [size ="209715200"]
  92 -> 309 [size ="209715200"]
  93 [size="549755813888", alpha="0.02"]
  93 -> 172 [size ="536870912"]
  93 -> 175 [size ="536870912"]
  93 -> 205 [size ="536870912"]
  93 -> 217 [size ="536870912"]
  93 -> 223 [size ="536870912"]
  93 -> 232 [size ="536870912"]
  93 -> 244 [size ="536870912"]
  93 -> 267 [size ="536870912"]
  93 -> 273 [size ="536870912"]
  93 -> 279 [size ="536870912"]
  93 -> 300 [size ="536870912"]
  93 -> 309 [size ="536870912"]
  94 [size="368293445632", alpha="0.15"]
  94 -> 172 [size ="411041792"]
  94 -> 189 [size ="411041792"]
  94 -> 198 [size ="411041792"]
  94 -> 201 [size ="411041792"]
  94 -> 210 [size ="411041792"]
  94 -> 230 [size ="411041792"]
  94 -> 269 [size ="411041792"]
  94 -> 275 [size ="411041792"]
  94 -> 287 [size ="411041792"]
  94 -> 304 [size ="411041792"]
  94 -> 306 [size ="411041792"]
  95 [size="27610858456", alpha="0.20"]
  95 -> 189 [size ="838860800"]
  95 -> 195 [size ="838860800"]
  95 -> 214 [size ="838860800"]
  95 -> 223 [size ="838860800"]
  95 -> 267 [size ="838860800"]
  95 -> 271 [size ="838860800"]
  95 -> 283 [size ="838860800"]
  96 [size="104484936552", alpha="0.18"]
  96 -> 189 [size ="134217728"]
  96 -> 193 [size ="134217728"]
  96 -> 232 [size ="134217728"]
  96 -> 260 [size ="134217728"]
  96 -> 270 [size ="134217728"]
  96 -> 271 [size ="134217728"]
  96 -> 276 [size ="134217728"]
  97 [size="6722662173", alpha="0.06"]
  97 -> 173 [size ="209715200"]
  97 -> 189 [size ="209715200"]
  97 -> 207 [size ="209715200"]
  97 -> 214 [size ="209715200"]
  97 -> 234 [size ="209715200"]
  97 -> 267 [size ="209715200"]
  97 -> 284 [size ="209715200"]
  97 -> 289 [size ="209715200"]
  97 -> 290 [size ="209715200"]
  98 [size="94730444077", alpha="0.00"]
  98 -> 199 [size ="75497472"]
  98 -> 222 [size ="75497472"]
  98 -> 241 [size ="75497472"]
  98 -> 245 [size ="75497472"]
  98 -> 294 [size ="75497472"]
  99 [size="88814042208", alpha="0.04"]
  99 -> 188 [size ="134217728"]
  99 -> 193 [size ="134217728"]
  99 -> 226 [size ="134217728"]
  99 -> 246 [size ="134217728"]
  99 -> 283 [size ="134217728"]
  99 -> 294 [size ="134217728"]
  100 [size="7820488204", alpha="0.03"]
  100 -> 182 [size ="536870912"]
  100 -> 210 [size ="536870912"]
  100 -> 215 [size ="536870912"]
  100 -> 227 [size ="536870912"]
  100 -> 230 [size ="536870912"]
  100 -> 244 [size ="536870912"]
  100 -> 252 [size ="536870912"]
  100 -> 290 [size ="536870912"]
  100 -> 297 [size ="536870912"]
  100 -> 299 [size ="536870912"]
  101 [size="52849519097", alpha="0.02"]
  101 -> 249 [size ="75497472"]
  101 -> 254 [size ="75497472"]
  101 -> 260 [size ="75497472"]
  101 -> 278 [size ="75497472"]
  101 -> 290 [size ="75497472"]
  102 [size="615451047952", alpha="0.05"]
  102 -> 188 [size ="536870912"]
  102 -> 189 [size ="536870912"]
  102 -> 194 [size ="536870912"]
  102 -> 196 [size ="536870912"]
  102 -> 197 [size ="536870912"]
  102 -> 199 [size ="536870912"]
  102 -> 234 [size ="536870912"]
  102 -> 271 [size ="536870912"]
  102 -> 273 [size ="536870912"]
  102 -> 275 [size ="536870912"]
  102 -> 301 [size ="536870912"]
  102 -> 304 [size ="536870912"]
  103 [size="549755813888", alpha="0.18"]
  103 -> 192 [size ="536870912"]
  103 -> 193 [size ="536870912"]
  103 -> 225 [size ="536870912"]
  103 -> 230 [size ="536870912"]
  103 -> 234 [size ="536870912"]
  103 -> 238 [size ="536870912"]
  103 -> 242 [size ="536870912"]
  103 -> 276 [size ="536870912"]
  104 [size="28991029248", alpha="0.15"]
  104 -> 192 [size ="75497472"]
  104 -> 194 [size ="75497472"]
  104 -> 211 [size ="75497472"]
  104 -> 267 [size ="75497472"]
  104 -> 297 [size ="75497472"]
  105 [size="11969900092", alpha="0.04"]
  105 -> 194 [size ="301989888"]
  105 -> 201 [size ="301989888"]
  105 -> 246 [size ="301989888"]
  105 -> 272 [size ="301989888"]
  105 -> 276 [size ="301989888"]
  105 -> 304 [size ="301989888"]
  106 [size="28991029248", alpha="0.09"]
  106 -> 171 [size ="75497472"]
  106 -> 194 [size ="75497472"]
  106 -> 196 [size ="75497472"]
  106 -> 241 [size ="75497472"]
  106 -> 249 [size ="75497472"]
  106 -> 256 [size ="75497472"]
  106 -> 260 [size ="75497472"]
  106 -> 261 [size ="75497472"]
  106 -> 273 [size ="75497472"]
  106 -> 289 [size ="75497472"]
  106 -> 296 [size ="75497472"]
  106 -> 300 [size ="75497472"]
  106 -> 301 [size ="75497472"]
  107 [size="16575954360", alpha="0.07"]
  107 -> 185 [size ="301989888"]
  107 -> 232 [size ="301989888"]
  107 -> 245 [size ="301989888"]
  107 -> 251 [size ="301989888"]
  107 -> 253 [size ="301989888"]
  107 -> 254 [size ="301989888"]
  107 -> 281 [size ="301989888"]
  108 [size="10808498226", alpha="0.11"]
  108 -> 177 [size ="301989888"]
  108 -> 214 [size ="301989888"]
  108 -> 220 [size ="301989888"]
  108 -> 236 [size ="301989888"]
  108 -> 245 [size ="301989888"]
  109 [size="44122714353", alpha="0.16"]
  109 -> 170 [size ="33554432"]
  109 -> 172 [size ="33554432"]
  109 -> 253 [size ="33554432"]
  109 -> 259 [size ="33554432"]
  109 -> 283 [size ="33554432"]
  110 [size="130706028036", alpha="0.02"]
  110 -> 200 [size ="134217728"]
  110 -> 212 [size ="134217728"]
  110 -> 241 [size ="134217728"]
  110 -> 250 [size ="134217728"]
  110 -> 253 [size ="134217728"]
  110 -> 297 [size ="134217728"]
  111 [size="636492373348", alpha="0.09"]
  111 -> 167 [size ="536870912"]
  111 -> 184 [size ="536870912"]
  111 -> 188 [size ="536870912"]
  111 -> 194 [size ="536870912"]
  111 -> 197 [size ="536870912"]
  111 -> 199 [size ="536870912"]
  111 -> 200 [size ="536870912"]
  111 -> 224 [size ="536870912"]
  111 -> 232 [size ="536870912"]
  111 -> 236 [size ="536870912"]
  111 -> 242 [size ="536870912"]
  111 -> 266 [size ="536870912"]
  111 -> 298 [size ="536870912"]
  111 -> 307 [size ="536870912"]
  112 [size="108515899125", alpha="0.07"]
  112 -> 186 [size ="209715200"]
  112 -> 226 [size ="209715200"]
  112 -> 245 [size ="209715200"]
  112 -> 252 [size ="209715200"]
  112 -> 274 [size ="209715200"]
  112 -> 283 [size ="209715200"]
  112 -> 291 [size ="209715200"]
  112 -> 302 [size ="209715200"]
  113 [size="26207608163", alpha="0.16"]
  113 -> 166 [size ="411041792"]
  113 -> 175 [size ="411041792"]
  113 -> 180 [size ="411041792"]
  113 -> 253 [size ="411041792"]
  113 -> 270 [size ="411041792"]
  113 -> 285 [size ="411041792"]
  114 [size="33694813013", alpha="0.01"]
  114 -> 166 [size ="679477248"]
  114 -> 171 [size ="679477248"]
  114 -> 206 [size ="679477248"]
  114 -> 215 [size ="679477248"]
  114 -> 233 [size ="679477248"]
  114 -> 253 [size ="679477248"]
  114 -> 257 [size ="679477248"]
  114 -> 265 [size ="679477248"]
  114 -> 274 [size ="679477248"]
  114 -> 277 [size ="679477248"]
  114 -> 304 [size ="679477248"]
  115 [size="782757789696", alpha="0.11"]
  115 -> 236 [size ="679477248"]
  115 -> 249 [size ="679477248"]
  115 -> 256 [size ="679477248"]
  115 -> 263 [size ="679477248"]
  115 -> 272 [size ="679477248"]
  115 -> 285 [size ="679477248"]
  115 -> 295 [size ="679477248"]
  116 [size="1073741824000", alpha="0.04"]
  116 -> 178 [size ="838860800"]
  116 -> 201 [size ="838860800"]
  116 -> 205 [size ="838860800"]
  116 -> 220 [size ="838860800"]
  116 -> 238 [size ="838860800"]
  116 -> 254 [size ="838860800"]
  116 -> 259 [size ="838860800"]
  116 -> 269 [size ="838860800"]
  117 [size="231928233984", alpha="0.12"]
  117 -> 175 [size ="301989888"]
  117 -> 188 [size ="301989888"]
  117 -> 196 [size ="301989888"]
  117 -> 225 [size ="301989888"]
  117 -> 239 [size ="301989888"]
  117 -> 248 [size ="301989888"]
  117 -> 284 [size ="301989888"]
  118 [size="9651747760", alpha="0.08"]
  118 -> 175 [size ="536870912"]
  118 -> 179 [size ="536870912"]
  118 -> 222 [size ="536870912"]
  118 -> 238 [size ="536870912"]
  118 -> 271 [size ="536870912"]
  118 -> 277 [size ="536870912"]
  118 -> 279 [size ="536870912"]
  118 -> 285 [size ="536870912"]
  118 -> 294 [size ="536870912"]
  119 [size="368293445632", alpha="0.02"]
  119 -> 167 [size ="411041792"]
  119 -> 185 [size ="411041792"]
  119 -> 204 [size ="411041792"]
  119 -> 221 [size ="411041792"]
  119 -> 223 [size ="411041792"]
  119 -> 226 [size ="411041792"]
  119 -> 241 [size ="411041792"]
  119 -> 267 [size ="411041792"]
  119 -> 268 [size ="411041792"]
  119 -> 284 [size ="411041792"]
  119 -> 286 [size ="411041792"]
  119 -> 295 [size ="411041792"]
  119 -> 296 [size ="411041792"]
  120 [size="379838271690", alpha="0.04"]
  120 -> 198 [size ="411041792"]
  120 -> 202 [size ="411041792"]
  120 -> 230 [size ="411041792"]
  120 -> 232 [size ="411041792"]
  120 -> 242 [size ="411041792"]
  120 -> 269 [size ="411041792"]
  120 -> 285 [size ="411041792"]
  120 -> 292 [size ="411041792"]
  121 [size="35485067741", alpha="0.00"]
  121 -> 285 [size ="838860800"]
  121 -> 291 [size ="838860800"]
  122 [size="134217728000", alpha="0.05"]
  122 -> 196 [size ="209715200"]
  122 -> 211 [size ="209715200"]
  122 -> 225 [size ="209715200"]
  122 -> 240 [size ="209715200"]
  122 -> 241 [size ="209715200"]
  122 -> 246 [size ="209715200"]
  122 -> 271 [size ="209715200"]
  122 -> 294 [size ="209715200"]
  123 [size="564458315616", alpha="0.10"]
  123 -> 172 [size ="536870912"]
  123 -> 198 [size ="536870912"]
  123 -> 203 [size ="536870912"]
  123 -> 227 [size ="536870912"]
  123 -> 236 [size ="536870912"]
  123 -> 239 [size ="536870912"]
  123 -> 244 [size ="536870912"]
  123 -> 274 [size ="536870912"]
  123 -> 299 [size ="536870912"]
  124 [size="368293445632", alpha="0.02"]
  124 -> 210 [size ="411041792"]
  124 -> 220 [size ="411041792"]
  124 -> 227 [size ="411041792"]
  124 -> 236 [size ="411041792"]
  124 -> 249 [size ="411041792"]
  124 -> 263 [size ="411041792"]
  124 -> 269 [size ="411041792"]
  124 -> 271 [size ="411041792"]
  124 -> 293 [size ="411041792"]
  124 -> 300 [size ="411041792"]
  125 [size="11980322546", alpha="0.20"]
  125 -> 183 [size ="209715200"]
  125 -> 196 [size ="209715200"]
  125 -> 209 [size ="209715200"]
  125 -> 220 [size ="209715200"]
  125 -> 246 [size ="209715200"]
  126 [size="365818678844", alpha="0.17"]
  126 -> 181 [size ="411041792"]
  126 -> 193 [size ="411041792"]
  126 -> 219 [size ="411041792"]
  126 -> 227 [size ="411041792"]
  126 -> 232 [size ="411041792"]
  126 -> 244 [size ="411041792"]
  126 -> 247 [size ="411041792"]
  126 -> 248 [size ="411041792"]
  126 -> 253 [size ="411041792"]
  126 -> 288 [size ="411041792"]
  127 [size="153892249851", alpha="0.03"]
  127 -> 191 [size ="679477248"]
  127 -> 194 [size ="679477248"]
  127 -> 234 [size ="679477248"]
  127 -> 244 [size ="679477248"]
  127 -> 253 [size ="679477248"]
  127 -> 296 [size ="679477248"]
  128 [size="98566253539", alpha="0.06"]
  128 -> 169 [size ="75497472"]
  128 -> 190 [size ="75497472"]
  128 -> 191 [size ="75497472"]
  128 -> 232 [size ="75497472"]
  128 -> 241 [size ="75497472"]
  128 -> 253 [size ="75497472"]
  128 -> 304 [size ="75497472"]
  128 -> 306 [size ="75497472"]
  129 [size="134217728000", alpha="0.03"]
  129 -> 180 [size ="209715200"]
  129 -> 200 [size ="209715200"]
  129 -> 217 [size ="209715200"]
  129 -> 242 [size ="209715200"]
  129 -> 248 [size ="209715200"]
  129 -> 259 [size ="209715200"]
  129 -> 276 [size ="209715200"]
  129 -> 279 [size ="209715200"]
  129 -> 280 [size ="209715200"]
  130 [size="5694616181", alpha="0.14"]
  130 -> 211 [size ="301989888"]
  130 -> 238 [size ="301989888"]
  130 -> 255 [size ="301989888"]
  130 -> 286 [size ="301989888"]
  131 [size="2045110810", alpha="0.19"]
  131 -> 179 [size ="134217728"]
  131 -> 188 [size ="134217728"]
  131 -> 204 [size ="134217728"]
  131 -> 220 [size ="134217728"]
  131 -> 222 [size ="134217728"]
  131 -> 225 [size ="134217728"]
  131 -> 242 [size ="134217728"]
  131 -> 263 [size ="134217728"]
  131 -> 294 [size ="134217728"]
  132 [size="434810853132", alpha="0.19"]
  132 -> 175 [size ="301989888"]
  132 -> 196 [size ="301989888"]
  132 -> 200 [size ="301989888"]
  132 -> 254 [size ="301989888"]
  132 -> 261 [size ="301989888"]
  132 -> 280 [size ="301989888"]
  132 -> 290 [size ="301989888"]
  132 -> 292 [size ="301989888"]
  132 -> 304 [size ="301989888"]
  133 [size="5702763246", alpha="0.09"]
  133 -> 164 [size ="134217728"]
  133 -> 166 [size ="134217728"]
  133 -> 179 [size ="134217728"]
  133 -> 192 [size ="134217728"]
  133 -> 193 [size ="134217728"]
  133 -> 213 [size ="134217728"]
  133 -> 215 [size ="134217728"]
  133 -> 238 [size ="134217728"]
  133 -> 304 [size ="134217728"]
  133 -> 307 [size ="134217728"]
  134 [size="884466775", alpha="0.20"]
  134 -> 172 [size ="33554432"]
  134 -> 181 [size ="33554432"]
  134 -> 186 [size ="33554432"]
  134 -> 203 [size ="33554432"]
  134 -> 210 [size ="33554432"]
  134 -> 288 [size ="33554432"]
  135 [size="47131814624", alpha="0.08"]
  135 -> 229 [size ="75497472"]
  135 -> 232 [size ="75497472"]
  135 -> 239 [size ="75497472"]
  135 -> 277 [size ="75497472"]
  135 -> 284 [size ="75497472"]
  136 [size="330624643180", alpha="0.04"]
  136 -> 195 [size ="536870912"]
  136 -> 224 [size ="536870912"]
  136 -> 239 [size ="536870912"]
  136 -> 246 [size ="536870912"]
  136 -> 251 [size ="536870912"]
  136 -> 292 [size ="536870912"]
  136 -> 306 [size ="536870912"]
  137 [size="4125657635", alpha="0.05"]
  137 -> 173 [size ="134217728"]
  137 -> 279 [size ="134217728"]
  137 -> 285 [size ="134217728"]
  138 [size="18640980186", alpha="0.13"]
  138 -> 197 [size ="411041792"]
  138 -> 200 [size ="411041792"]
  138 -> 210 [size ="411041792"]
  138 -> 254 [size ="411041792"]
  138 -> 265 [size ="411041792"]
  138 -> 285 [size ="411041792"]
  138 -> 292 [size ="411041792"]
  138 -> 298 [size ="411041792"]
  138 -> 304 [size ="411041792"]
  139 [size="549755813888", alpha="0.03"]
  139 -> 173 [size ="536870912"]
  139 -> 191 [size ="536870912"]
  139 -> 236 [size ="536870912"]
  139 -> 239 [size ="536870912"]
  139 -> 256 [size ="536870912"]
  139 -> 264 [size ="536870912"]
  139 -> 298 [size ="536870912"]
  139 -> 306 [size ="536870912"]
  140 [size="782757789696", alpha="0.16"]
  140 -> 166 [size ="679477248"]
  140 -> 188 [size ="679477248"]
  140 -> 236 [size ="679477248"]
  140 -> 277 [size ="679477248"]
  141 [size="12277767453", alpha="0.04"]
  141 -> 167 [size ="679477248"]
  141 -> 190 [size ="679477248"]
  141 -> 198 [size ="679477248"]
  141 -> 205 [size ="679477248"]
  141 -> 236 [size ="679477248"]
  141 -> 238 [size ="679477248"]
  141 -> 242 [size ="679477248"]
  141 -> 258 [size ="679477248"]
  142 [size="782757789696", alpha="0.11"]
  142 -> 170 [size ="679477248"]
  142 -> 182 [size ="679477248"]
  142 -> 239 [size ="679477248"]
  142 -> 289 [size ="679477248"]
  142 -> 306 [size ="679477248"]
  143 [size="149014347408", alpha="0.06"]
  143 -> 172 [size ="134217728"]
  143 -> 178 [size ="134217728"]
  143 -> 180 [size ="134217728"]
  143 -> 183 [size ="134217728"]
  143 -> 242 [size ="134217728"]
  143 -> 267 [size ="134217728"]
  143 -> 269 [size ="134217728"]
  143 -> 279 [size ="134217728"]
  143 -> 290 [size ="134217728"]
  143 -> 299 [size ="134217728"]
  144 [size="531083199250", alpha="0.18"]
  144 -> 168 [size ="411041792"]
  144 -> 188 [size ="411041792"]
  144 -> 205 [size ="411041792"]
  144 -> 226 [size ="411041792"]
  144 -> 236 [size ="411041792"]
  144 -> 267 [size ="411041792"]
  144 -> 304 [size ="411041792"]
  145 [size="6290593548", alpha="0.05"]
  145 -> 164 [size ="134217728"]
  145 -> 187 [size ="134217728"]
  145 -> 188 [size ="134217728"]
  145 -> 190 [size ="134217728"]
  145 -> 209 [size ="134217728"]
  145 -> 212 [size ="134217728"]
  145 -> 234 [size ="134217728"]
  145 -> 283 [size ="134217728"]
  145 -> 299 [size ="134217728"]
  146 [size="22608441903", alpha="0.01"]
  146 -> 246 [size ="411041792"]
  146 -> 249 [size ="411041792"]
  146 -> 265 [size ="411041792"]
  146 -> 267 [size ="411041792"]
  146 -> 274 [size ="411041792"]
  146 -> 277 [size ="411041792"]
  146 -> 280 [size ="411041792"]
  146 -> 303 [size ="411041792"]
  146 -> 306 [size ="411041792"]
  147 [size="4786840706", alpha="0.06"]
  147 -> 170 [size ="536870912"]
  147 -> 192 [size ="536870912"]
  147 -> 238 [size ="536870912"]
  147 -> 294 [size ="536870912"]
  147 -> 298 [size ="536870912"]
  147 -> 299 [size ="536870912"]
  148 [size="368293445632", alpha="0.11"]
  148 -> 179 [size ="411041792"]
  148 -> 184 [size ="411041792"]
  148 -> 201 [size ="411041792"]
  148 -> 205 [size ="411041792"]
  148 -> 211 [size ="411041792"]
  148 -> 227 [size ="411041792"]
  148 -> 250 [size ="411041792"]
  148 -> 280 [size ="411041792"]
  149 [size="516495758685", alpha="0.06"]
  149 -> 189 [size ="679477248"]
  149 -> 202 [size ="679477248"]
  149 -> 223 [size ="679477248"]
  149 -> 234 [size ="679477248"]
  149 -> 238 [size ="679477248"]
  149 -> 255 [size ="679477248"]
  149 -> 267 [size ="679477248"]
  149 -> 275 [size ="679477248"]
  150 [size="1629254714", alpha="0.03"]
  150 -> 166 [size ="33554432"]
  150 -> 196 [size ="33554432"]
  150 -> 198 [size ="33554432"]
  150 -> 208 [size ="33554432"]
  150 -> 274 [size ="33554432"]
  150 -> 298 [size ="33554432"]
  151 [size="28991029248", alpha="0.13"]
  151 -> 162 [size ="75497472"]
  151 -> 179 [size ="75497472"]
  151 -> 226 [size ="75497472"]
  151 -> 235 [size ="75497472"]
  151 -> 246 [size ="75497472"]
  151 -> 302 [size ="75497472"]
  152 [size="16066205854", alpha="0.08"]
  152 -> 188 [size ="301989888"]
  152 -> 252 [size ="301989888"]
  153 [size="134217728000", alpha="0.04"]
  153 -> 163 [size ="209715200"]
  153 -> 170 [size ="209715200"]
  153 -> 171 [size ="209715200"]
  153 -> 194 [size ="209715200"]
  153 -> 197 [size ="209715200"]
  153 -> 219 [size ="209715200"]
  153 -> 228 [size ="209715200"]
  153 -> 247 [size ="209715200"]
  153 -> 260 [size ="209715200"]
  153 -> 276 [size ="209715200"]
  153 -> 295 [size ="209715200"]
  154 [size="231928233984", alpha="0.12"]
  154 -> 188 [size ="301989888"]
  154 -> 192 [size ="301989888"]
  154 -> 204 [size ="301989888"]
  154 -> 220 [size ="301989888"]
  154 -> 228 [size ="301989888"]
  154 -> 260 [size ="301989888"]
  154 -> 265 [size ="301989888"]
  154 -> 276 [size ="301989888"]
  154 -> 281 [size ="301989888"]
  154 -> 298 [size ="301989888"]
  155 [size="24457655091", alpha="0.09"]
  155 -> 166 [size ="411041792"]
  155 -> 191 [size ="411041792"]
  155 -> 234 [size ="411041792"]
  155 -> 241 [size ="411041792"]
  155 -> 253 [size ="411041792"]
  155 -> 280 [size ="411041792"]
  155 -> 295 [size ="411041792"]
  156 [size="549755813888", alpha="0.02"]
  156 -> 209 [size ="536870912"]
  156 -> 215 [size ="536870912"]
  156 -> 234 [size ="536870912"]
  156 -> 280 [size ="536870912"]
  156 -> 285 [size ="536870912"]
  156 -> 297 [size ="536870912"]
  156 -> 302 [size ="536870912"]
  157 [size="40405922280", alpha="0.20"]
  157 -> 194 [size ="75497472"]
  157 -> 210 [size ="75497472"]
  157 -> 211 [size ="75497472"]
  157 -> 227 [size ="75497472"]
  157 -> 229 [size ="75497472"]
  157 -> 252 [size ="75497472"]
  157 -> 265 [size ="75497472"]
  157 -> 267 [size ="75497472"]
  157 -> 294 [size ="75497472"]
  158 [size="679879310406", alpha="0.07"]
  158 -> 162 [size ="679477248"]
  158 -> 183 [size ="679477248"]
  158 -> 199 [size ="679477248"]
  158 -> 201 [size ="679477248"]
  158 -> 214 [size ="679477248"]
  158 -> 224 [size ="679477248"]
  158 -> 236 [size ="679477248"]
  158 -> 256 [size ="679477248"]
  158 -> 258 [size ="679477248"]
  158 -> 289 [size ="679477248"]
  158 -> 294 [size ="679477248"]
  159 [size="8542699109", alpha="0.12"]
  159 -> 166 [size ="209715200"]
  159 -> 167 [size ="209715200"]
  159 -> 216 [size ="209715200"]
  159 -> 232 [size ="209715200"]
  159 -> 240 [size ="209715200"]
  159 -> 275 [size ="209715200"]
  159 -> 277 [size ="209715200"]
  159 -> 280 [size ="209715200"]
  159 -> 289 [size ="209715200"]
  159 -> 304 [size ="209715200"]
  160 [size="549755813888", alpha="0.01"]
  160 -> 203 [size ="536870912"]
  160 -> 215 [size ="536870912"]
  160 -> 253 [size ="536870912"]
  160 -> 265 [size ="536870912"]
  160 -> 275 [size ="536870912"]
  161 [size="2393325820", alpha="0.18"]
  161 -> 172 [size ="134217728"]
  161 -> 179 [size ="134217728"]
  161 -> 209 [size ="134217728"]
  161 -> 237 [size ="134217728"]
  161 -> 247 [size ="134217728"]
  161 -> 283 [size ="134217728"]
  162 [size="184449815616", alpha="0.01"]
  162 -> 270 [size ="134217728"]
  162 -> 393 [size ="134217728"]
  163 [size="137923501588", alpha="0.09"]
  163 -> 261 [size ="209715200"]
  163 -> 263 [size ="209715200"]
  163 -> 279 [size ="209715200"]
  163 -> 281 [size ="209715200"]
  163 -> 284 [size ="209715200"]
  163 -> 299 [size ="209715200"]
  163 -> 304 [size ="209715200"]
  163 -> 325 [size ="209715200"]
  163 -> 356 [size ="209715200"]
  163 -> 362 [size ="209715200"]
  163 -> 377 [size ="209715200"]
  163 -> 393 [size ="209715200"]
  163 -> 402 [size ="209715200"]
  164 [size="782757789696", alpha="0.07"]
  164 -> 261 [size ="679477248"]
  164 -> 267 [size ="679477248"]
  164 -> 310 [size ="679477248"]
  164 -> 357 [size ="679477248"]
  164 -> 372 [size ="679477248"]
  164 -> 381 [size ="679477248"]
  164 -> 385 [size ="679477248"]
  165 [size="88317068484", alpha="0.19"]
  165 -> 261 [size ="209715200"]
  165 -> 269 [size ="209715200"]
  165 -> 279 [size ="209715200"]
  165 -> 296 [size ="209715200"]
  165 -> 344 [size ="209715200"]
  165 -> 357 [size ="209715200"]
  165 -> 376 [size ="209715200"]
  165 -> 380 [size ="209715200"]
  166 [size="1044123614538", alpha="0.08"]
  166 -> 275 [size ="838860800"]
  166 -> 339 [size ="838860800"]
  166 -> 360 [size ="838860800"]
  166 -> 391 [size ="838860800"]
  167 [size="28991029248", alpha="0.18"]
  167 -> 256 [size ="75497472"]
  167 -> 271 [size ="75497472"]
  167 -> 278 [size ="75497472"]
  167 -> 295 [size ="75497472"]
  167 -> 300 [size ="75497472"]
  167 -> 325 [size ="75497472"]
  167 -> 378 [size ="75497472"]
  168 [size="12583435010", alpha="0.20"]
  168 -> 253 [size ="679477248"]
  168 -> 260 [size ="679477248"]
  168 -> 268 [size ="679477248"]
  168 -> 333 [size ="679477248"]
  168 -> 401 [size ="679477248"]
  168 -> 407 [size ="679477248"]
  169 [size="782757789696", alpha="0.15"]
  169 -> 284 [size ="679477248"]
  169 -> 285 [size ="679477248"]
  169 -> 317 [size ="679477248"]
  169 -> 360 [size ="679477248"]
  169 -> 401 [size ="679477248"]
  170 [size="20656961994", alpha="0.06"]
  170 -> 286 [size ="536870912"]
  170 -> 313 [size ="536870912"]
  170 -> 319 [size ="536870912"]
  170 -> 372 [size ="536870912"]
  170 -> 382 [size ="536870912"]
  171 [size="138750779604", alpha="0.03"]
  171 -> 272 [size ="134217728"]
  171 -> 310 [size ="134217728"]
  171 -> 345 [size ="134217728"]
  171 -> 346 [size ="134217728"]
  171 -> 350 [size ="134217728"]
  171 -> 363 [size ="134217728"]
  171 -> 367 [size ="134217728"]
  171 -> 381 [size ="134217728"]
  171 -> 382 [size ="134217728"]
  171 -> 384 [size ="134217728"]
  172 [size="3037627450", alpha="0.05"]
  172 -> 256 [size ="75497472"]
  172 -> 283 [size ="75497472"]
  172 -> 291 [size ="75497472"]
  172 -> 298 [size ="75497472"]
  172 -> 312 [size ="75497472"]
  172 -> 330 [size ="75497472"]
  172 -> 343 [size ="75497472"]
  172 -> 354 [size ="75497472"]
  172 -> 357 [size ="75497472"]
  172 -> 383 [size ="75497472"]
  172 -> 404 [size ="75497472"]
  173 [size="126662037120", alpha="0.07"]
  173 -> 257 [size ="134217728"]
  173 -> 276 [size ="134217728"]
  173 -> 290 [size ="134217728"]
  173 -> 312 [size ="134217728"]
  173 -> 332 [size ="134217728"]
  173 -> 343 [size ="134217728"]
  173 -> 377 [size ="134217728"]
  174 [size="7448668529", alpha="0.06"]
  174 -> 342 [size ="209715200"]
  174 -> 411 [size ="209715200"]
  175 [size="2984008817", alpha="0.18"]
  175 -> 256 [size ="75497472"]
  175 -> 317 [size ="75497472"]
  175 -> 336 [size ="75497472"]
  175 -> 338 [size ="75497472"]
  175 -> 381 [size ="75497472"]
  175 -> 386 [size ="75497472"]
  176 [size="321716443796", alpha="0.07"]
  176 -> 292 [size ="209715200"]
  176 -> 300 [size ="209715200"]
  176 -> 304 [size ="209715200"]
  176 -> 336 [size ="209715200"]
  176 -> 337 [size ="209715200"]
  176 -> 345 [size ="209715200"]
  176 -> 354 [size ="209715200"]
  176 -> 373 [size ="209715200"]
  176 -> 396 [size ="209715200"]
  177 [size="16458359131", alpha="0.04"]
  177 -> 255 [size ="679477248"]
  177 -> 273 [size ="679477248"]
  177 -> 307 [size ="679477248"]
  177 -> 362 [size ="679477248"]
  177 -> 372 [size ="679477248"]
  177 -> 383 [size ="679477248"]
  178 [size="11877953852", alpha="0.05"]
  178 -> 294 [size ="209715200"]
  178 -> 306 [size ="209715200"]
  178 -> 311 [size ="209715200"]
  179 [size="4119789754", alpha="0.07"]
  179 -> 255 [size ="75497472"]
  179 -> 304 [size ="75497472"]
  179 -> 345 [size ="75497472"]
  179 -> 367 [size ="75497472"]
  179 -> 400 [size ="75497472"]
  180 [size="782757789696", alpha="0.17"]
  180 -> 269 [size ="679477248"]
  180 -> 294 [size ="679477248"]
  180 -> 299 [size ="679477248"]
  180 -> 316 [size ="679477248"]
  180 -> 345 [size ="679477248"]
  180 -> 351 [size ="679477248"]
  180 -> 366 [size ="679477248"]
  180 -> 396 [size ="679477248"]
  181 [size="118129797556", alpha="0.05"]
  181 -> 270 [size ="209715200"]
  181 -> 288 [size ="209715200"]
  181 -> 299 [size ="209715200"]
  181 -> 344 [size ="209715200"]
  181 -> 384 [size ="209715200"]
  181 -> 388 [size ="209715200"]
  182 [size="3935989747", alpha="0.19"]
  182 -> 256 [size ="75497472"]
  182 -> 300 [size ="75497472"]
  182 -> 328 [size ="75497472"]
  182 -> 356 [size ="75497472"]
  183 [size="231928233984", alpha="0.08"]
  183 -> 272 [size ="301989888"]
  183 -> 276 [size ="301989888"]
  183 -> 350 [size ="301989888"]
  183 -> 376 [size ="301989888"]
  183 -> 396 [size ="301989888"]
  184 [size="20349768199", alpha="0.16"]
  184 -> 255 [size ="411041792"]
  184 -> 256 [size ="411041792"]
  184 -> 296 [size ="411041792"]
  184 -> 311 [size ="411041792"]
  184 -> 319 [size ="411041792"]
  184 -> 322 [size ="411041792"]
  184 -> 355 [size ="411041792"]
  184 -> 386 [size ="411041792"]
  184 -> 390 [size ="411041792"]
  184 -> 392 [size ="411041792"]
  184 -> 399 [size ="411041792"]
  184 -> 412 [size ="411041792"]
  185 [size="30540641072", alpha="0.10"]
  185 -> 259 [size ="536870912"]
  185 -> 289 [size ="536870912"]
  185 -> 295 [size ="536870912"]
  185 -> 334 [size ="536870912"]
  185 -> 393 [size ="536870912"]
  186 [size="338137237937", alpha="0.09"]
  186 -> 274 [size ="838860800"]
  186 -> 298 [size ="838860800"]
  186 -> 304 [size ="838860800"]
  186 -> 318 [size ="838860800"]
  186 -> 346 [size ="838860800"]
  186 -> 390 [size ="838860800"]
  187 [size="8051815014", alpha="0.17"]
  187 -> 270 [size ="679477248"]
  187 -> 276 [size ="679477248"]
  187 -> 279 [size ="679477248"]
  187 -> 282 [size ="679477248"]
  187 -> 296 [size ="679477248"]
  187 -> 304 [size ="679477248"]
  187 -> 331 [size ="679477248"]
  187 -> 376 [size ="679477248"]
  187 -> 395 [size ="679477248"]
  187 -> 403 [size ="679477248"]
  188 [size="33097746514", alpha="0.18"]
  188 -> 269 [size ="33554432"]
  188 -> 277 [size ="33554432"]
  188 -> 278 [size ="33554432"]
  188 -> 294 [size ="33554432"]
  188 -> 295 [size ="33554432"]
  188 -> 297 [size ="33554432"]
  188 -> 298 [size ="33554432"]
  188 -> 300 [size ="33554432"]
  189 [size="28991029248", alpha="0.06"]
  189 -> 294 [size ="75497472"]
  189 -> 359 [size ="75497472"]
  189 -> 383 [size ="75497472"]
  189 -> 389 [size ="75497472"]
  190 [size="3896782336", alpha="0.18"]
  190 -> 269 [size ="411041792"]
  190 -> 302 [size ="411041792"]
  190 -> 315 [size ="411041792"]
  190 -> 324 [size ="411041792"]
  190 -> 383 [size ="411041792"]
  190 -> 386 [size ="411041792"]
  191 [size="28991029248", alpha="0.11"]
  191 -> 269 [size ="75497472"]
  191 -> 275 [size ="75497472"]
  191 -> 276 [size ="75497472"]
  191 -> 279 [size ="75497472"]
  191 -> 334 [size ="75497472"]
  192 [size="438921352241", alpha="0.09"]
  192 -> 284 [size ="301989888"]
  192 -> 290 [size ="301989888"]
  192 -> 313 [size ="301989888"]
  192 -> 330 [size ="301989888"]
  192 -> 339 [size ="301989888"]
  193 [size="231928233984", alpha="0.18"]
  193 -> 264 [size ="301989888"]
  193 -> 275 [size ="301989888"]
  193 -> 322 [size ="301989888"]
  193 -> 335 [size ="301989888"]
  193 -> 390 [size ="301989888"]
  194 [size="8609516073", alpha="0.04"]
  194 -> 251 [size ="301989888"]
  194 -> 264 [size ="301989888"]
  194 -> 265 [size ="301989888"]
  194 -> 269 [size ="301989888"]
  194 -> 296 [size ="301989888"]
  194 -> 325 [size ="301989888"]
  194 -> 346 [size ="301989888"]
  194 -> 356 [size ="301989888"]
  194 -> 364 [size ="301989888"]
  194 -> 372 [size ="301989888"]
  195 [size="110132340951", alpha="0.18"]
  195 -> 279 [size ="301989888"]
  195 -> 287 [size ="301989888"]
  195 -> 294 [size ="301989888"]
  195 -> 298 [size ="301989888"]
  195 -> 327 [size ="301989888"]
  195 -> 328 [size ="301989888"]
  195 -> 396 [size ="301989888"]
  195 -> 404 [size ="301989888"]
  196 [size="732649941916", alpha="0.09"]
  196 -> 264 [size ="679477248"]
  196 -> 314 [size ="679477248"]
  196 -> 336 [size ="679477248"]
  197 [size="55218611681", alpha="0.10"]
  197 -> 250 [size ="75497472"]
  197 -> 262 [size ="75497472"]
  197 -> 362 [size ="75497472"]
  197 -> 376 [size ="75497472"]
  197 -> 377 [size ="75497472"]
  197 -> 379 [size ="75497472"]
  197 -> 393 [size ="75497472"]
  198 [size="9014028112", alpha="0.19"]
  198 -> 256 [size ="209715200"]
  198 -> 266 [size ="209715200"]
  198 -> 279 [size ="209715200"]
  198 -> 344 [size ="209715200"]
  198 -> 347 [size ="209715200"]
  198 -> 364 [size ="209715200"]
  198 -> 380 [size ="209715200"]
  198 -> 403 [size ="209715200"]
  198 -> 410 [size ="209715200"]
  199 [size="12265161526", alpha="0.03"]
  199 -> 360 [size ="411041792"]
  199 -> 384 [size ="411041792"]
  199 -> 386 [size ="411041792"]
  199 -> 397 [size ="411041792"]
  200 [size="28511803940", alpha="0.20"]
  200 -> 329 [size ="536870912"]
  200 -> 404 [size ="536870912"]
  201 [size="134217728000", alpha="0.13"]
  201 -> 271 [size ="209715200"]
  201 -> 283 [size ="209715200"]
  201 -> 285 [size ="209715200"]
  201 -> 296 [size ="209715200"]
  201 -> 323 [size ="209715200"]
  201 -> 371 [size ="209715200"]
  201 -> 382 [size ="209715200"]
  201 -> 399 [size ="209715200"]
  202 [size="4764008650", alpha="0.08"]
  202 -> 253 [size ="75497472"]
  202 -> 267 [size ="75497472"]
  202 -> 271 [size ="75497472"]
  202 -> 277 [size ="75497472"]
  202 -> 288 [size ="75497472"]
  202 -> 334 [size ="75497472"]
  202 -> 371 [size ="75497472"]
  202 -> 393 [size ="75497472"]
  203 [size="4611066234", alpha="0.10"]
  203 -> 269 [size ="134217728"]
  203 -> 275 [size ="134217728"]
  203 -> 277 [size ="134217728"]
  203 -> 279 [size ="134217728"]
  203 -> 354 [size ="134217728"]
  203 -> 379 [size ="134217728"]
  203 -> 398 [size ="134217728"]
  204 [size="574696869760", alpha="0.14"]
  204 -> 265 [size ="536870912"]
  204 -> 270 [size ="536870912"]
  204 -> 273 [size ="536870912"]
  204 -> 290 [size ="536870912"]
  204 -> 311 [size ="536870912"]
  204 -> 342 [size ="536870912"]
  204 -> 354 [size ="536870912"]
  204 -> 380 [size ="536870912"]
  204 -> 383 [size ="536870912"]
  204 -> 395 [size ="536870912"]
  205 [size="331602267170", alpha="0.07"]
  205 -> 270 [size ="301989888"]
  205 -> 286 [size ="301989888"]
  205 -> 288 [size ="301989888"]
  205 -> 302 [size ="301989888"]
  205 -> 325 [size ="301989888"]
  205 -> 345 [size ="301989888"]
  205 -> 350 [size ="301989888"]
  205 -> 357 [size ="301989888"]
  205 -> 365 [size ="301989888"]
  205 -> 378 [size ="301989888"]
  206 [size="2946984865", alpha="0.11"]
  206 -> 302 [size ="301989888"]
  206 -> 304 [size ="301989888"]
  206 -> 334 [size ="301989888"]
  206 -> 339 [size ="301989888"]
  206 -> 349 [size ="301989888"]
  206 -> 396 [size ="301989888"]
  206 -> 401 [size ="301989888"]
  207 [size="28991029248", alpha="0.11"]
  207 -> 252 [size ="75497472"]
  207 -> 303 [size ="75497472"]
  207 -> 374 [size ="75497472"]
  207 -> 402 [size ="75497472"]
  208 [size="108035051425", alpha="0.18"]
  208 -> 384 [size ="75497472"]
  208 -> 389 [size ="75497472"]
  209 [size="549755813888", alpha="0.14"]
  209 -> 269 [size ="536870912"]
  209 -> 274 [size ="536870912"]
  209 -> 341 [size ="536870912"]
  209 -> 371 [size ="536870912"]
  209 -> 391 [size ="536870912"]
  209 -> 408 [size ="536870912"]
  210 [size="74858963993", alpha="0.20"]
  210 -> 257 [size ="75497472"]
  210 -> 270 [size ="75497472"]
  210 -> 275 [size ="75497472"]
  210 -> 285 [size ="75497472"]
  210 -> 295 [size ="75497472"]
  210 -> 353 [size ="75497472"]
  210 -> 356 [size ="75497472"]
  210 -> 365 [size ="75497472"]
  210 -> 381 [size ="75497472"]
  210 -> 392 [size ="75497472"]
  211 [size="260679959712", alpha="0.17"]
  211 -> 251 [size ="209715200"]
  211 -> 265 [size ="209715200"]
  211 -> 295 [size ="209715200"]
  211 -> 359 [size ="209715200"]
  211 -> 376 [size ="209715200"]
  212 [size="21786187528", alpha="0.17"]
  212 -> 362 [size ="838860800"]
  212 -> 373 [size ="838860800"]
  212 -> 405 [size ="838860800"]
  212 -> 407 [size ="838860800"]
  213 [size="19369068335", alpha="0.08"]
  213 -> 267 [size ="75497472"]
  213 -> 290 [size ="75497472"]
  213 -> 313 [size ="75497472"]
  213 -> 376 [size ="75497472"]
  214 [size="895690112797", alpha="0.14"]
  214 -> 256 [size ="679477248"]
  214 -> 270 [size ="679477248"]
  214 -> 299 [size ="679477248"]
  214 -> 313 [size ="679477248"]
  214 -> 328 [size ="679477248"]
  214 -> 352 [size ="679477248"]
  214 -> 366 [size ="679477248"]
  214 -> 370 [size ="679477248"]
  214 -> 371 [size ="679477248"]
  214 -> 372 [size ="679477248"]
  214 -> 396 [size ="679477248"]
  214 -> 403 [size ="679477248"]
  215 [size="617980190940", alpha="0.19"]
  215 -> 260 [size ="411041792"]
  215 -> 317 [size ="411041792"]
  215 -> 335 [size ="411041792"]
  215 -> 343 [size ="411041792"]
  215 -> 357 [size ="411041792"]
  215 -> 406 [size ="411041792"]
  216 [size="585479495501", alpha="0.00"]
  216 -> 252 [size ="679477248"]
  216 -> 345 [size ="679477248"]
  216 -> 350 [size ="679477248"]
  216 -> 367 [size ="679477248"]
  216 -> 382 [size ="679477248"]
  216 -> 385 [size ="679477248"]
  216 -> 410 [size ="679477248"]
  217 [size="34101114438", alpha="0.04"]
  217 -> 367 [size ="33554432"]
  217 -> 371 [size ="33554432"]
  217 -> 399 [size ="33554432"]
  218 [size="3236173773", alpha="0.18"]
  218 -> 298 [size ="75497472"]
  218 -> 299 [size ="75497472"]
  218 -> 314 [size ="75497472"]
  218 -> 322 [size ="75497472"]
  218 -> 333 [size ="75497472"]
  218 -> 339 [size ="75497472"]
  218 -> 385 [size ="75497472"]
  218 -> 406 [size ="75497472"]
  219 [size="231928233984", alpha="0.03"]
  219 -> 274 [size ="301989888"]
  219 -> 294 [size ="301989888"]
  219 -> 400 [size ="301989888"]
  219 -> 409 [size ="301989888"]
  220 [size="66483643649", alpha="0.20"]
  220 -> 251 [size ="209715200"]
  220 -> 253 [size ="209715200"]
  220 -> 274 [size ="209715200"]
  220 -> 284 [size ="209715200"]
  220 -> 294 [size ="209715200"]
  221 [size="37124814167", alpha="0.02"]
  221 -> 251 [size ="679477248"]
  221 -> 371 [size ="679477248"]
  221 -> 388 [size ="679477248"]
  221 -> 405 [size ="679477248"]
  222 [size="782757789696", alpha="0.04"]
  222 -> 284 [size ="679477248"]
  222 -> 319 [size ="679477248"]
  222 -> 343 [size ="679477248"]
  222 -> 379 [size ="679477248"]
  222 -> 383 [size ="679477248"]
  223 [size="134217728000", alpha="0.13"]
  223 -> 265 [size ="209715200"]
  223 -> 328 [size ="209715200"]
  223 -> 347 [size ="209715200"]
  223 -> 370 [size ="209715200"]
  223 -> 402 [size ="209715200"]
  224 [size="68719476736", alpha="0.11"]
  224 -> 251 [size ="134217728"]
  224 -> 257 [size ="134217728"]
  224 -> 276 [size ="134217728"]
  224 -> 280 [size ="134217728"]
  224 -> 328 [size ="134217728"]
  224 -> 333 [size ="134217728"]
  224 -> 377 [size ="134217728"]
  224 -> 410 [size ="134217728"]
  225 [size="30465020240", alpha="0.14"]
  225 -> 295 [size ="536870912"]
  225 -> 300 [size ="536870912"]
  225 -> 335 [size ="536870912"]
  225 -> 391 [size ="536870912"]
  225 -> 399 [size ="536870912"]
  226 [size="51033782522", alpha="0.01"]
  226 -> 302 [size ="838860800"]
  226 -> 314 [size ="838860800"]
  226 -> 362 [size ="838860800"]
  227 [size="1073741824000", alpha="0.07"]
  227 -> 346 [size ="838860800"]
  227 -> 355 [size ="838860800"]
  227 -> 359 [size ="838860800"]
  227 -> 382 [size ="838860800"]
  228 [size="2113558891", alpha="0.01"]
  228 -> 299 [size ="75497472"]
  228 -> 305 [size ="75497472"]
  228 -> 353 [size ="75497472"]
  228 -> 381 [size ="75497472"]
  229 [size="21820026445", alpha="0.12"]
  229 -> 276 [size ="679477248"]
  229 -> 280 [size ="679477248"]
  229 -> 295 [size ="679477248"]
  229 -> 296 [size ="679477248"]
  229 -> 326 [size ="679477248"]
  229 -> 372 [size ="679477248"]
  229 -> 379 [size ="679477248"]
  229 -> 391 [size ="679477248"]
  230 [size="368293445632", alpha="0.07"]
  230 -> 353 [size ="411041792"]
  230 -> 386 [size ="411041792"]
  230 -> 401 [size ="411041792"]
  231 [size="433608261909", alpha="0.02"]
  231 -> 295 [size ="679477248"]
  231 -> 386 [size ="679477248"]
  231 -> 400 [size ="679477248"]
  232 [size="4534716400", alpha="0.18"]
  232 -> 250 [size ="134217728"]
  232 -> 274 [size ="134217728"]
  232 -> 276 [size ="134217728"]
  232 -> 321 [size ="134217728"]
  232 -> 364 [size ="134217728"]
  232 -> 400 [size ="134217728"]
  232 -> 407 [size ="134217728"]
  233 [size="7031093077", alpha="0.18"]
  233 -> 255 [size ="209715200"]
  233 -> 257 [size ="209715200"]
  233 -> 279 [size ="209715200"]
  233 -> 285 [size ="209715200"]
  233 -> 290 [size ="209715200"]
  233 -> 360 [size ="209715200"]
  233 -> 406 [size ="209715200"]
  233 -> 411 [size ="209715200"]
  234 [size="517609373", alpha="0.01"]
  234 -> 265 [size ="33554432"]
  234 -> 276 [size ="33554432"]
  234 -> 279 [size ="33554432"]
  234 -> 283 [size ="33554432"]
  234 -> 294 [size ="33554432"]
  234 -> 310 [size ="33554432"]
  234 -> 342 [size ="33554432"]
  234 -> 377 [size ="33554432"]
  234 -> 380 [size ="33554432"]
  234 -> 400 [size ="33554432"]
  235 [size="1073741824000", alpha="0.06"]
  235 -> 280 [size ="838860800"]
  235 -> 314 [size ="838860800"]
  235 -> 316 [size ="838860800"]
  235 -> 360 [size ="838860800"]
  235 -> 408 [size ="838860800"]
  236 [size="134217728000", alpha="0.10"]
  236 -> 257 [size ="209715200"]
  236 -> 274 [size ="209715200"]
  236 -> 285 [size ="209715200"]
  236 -> 337 [size ="209715200"]
  236 -> 343 [size ="209715200"]
  236 -> 364 [size ="209715200"]
  237 [size="626582531926", alpha="0.10"]
  237 -> 257 [size ="679477248"]
  237 -> 268 [size ="679477248"]
  237 -> 272 [size ="679477248"]
  237 -> 295 [size ="679477248"]
  237 -> 373 [size ="679477248"]
  237 -> 379 [size ="679477248"]
  237 -> 396 [size ="679477248"]
  238 [size="15363592018", alpha="0.19"]
  238 -> 256 [size ="33554432"]
  238 -> 260 [size ="33554432"]
  238 -> 277 [size ="33554432"]
  238 -> 311 [size ="33554432"]
  238 -> 323 [size ="33554432"]
  238 -> 367 [size ="33554432"]
  238 -> 373 [size ="33554432"]
  238 -> 406 [size ="33554432"]
  239 [size="36704338792", alpha="0.09"]
  239 -> 258 [size ="33554432"]
  239 -> 269 [size ="33554432"]
  239 -> 288 [size ="33554432"]
  239 -> 298 [size ="33554432"]
  239 -> 322 [size ="33554432"]
  239 -> 340 [size ="33554432"]
  239 -> 373 [size ="33554432"]
  239 -> 401 [size ="33554432"]
  240 [size="8589934592", alpha="0.13"]
  240 -> 260 [size ="33554432"]
  240 -> 265 [size ="33554432"]
  240 -> 266 [size ="33554432"]
  240 -> 288 [size ="33554432"]
  240 -> 296 [size ="33554432"]
  240 -> 324 [size ="33554432"]
  240 -> 346 [size ="33554432"]
  240 -> 348 [size ="33554432"]
  240 -> 359 [size ="33554432"]
  241 [size="231928233984", alpha="0.10"]
  241 -> 266 [size ="301989888"]
  241 -> 268 [size ="301989888"]
  241 -> 280 [size ="301989888"]
  241 -> 364 [size ="301989888"]
  241 -> 387 [size ="301989888"]
  242 [size="14548748722", alpha="0.13"]
  242 -> 269 [size ="536870912"]
  242 -> 311 [size ="536870912"]
  242 -> 319 [size ="536870912"]
  242 -> 321 [size ="536870912"]
  242 -> 335 [size ="536870912"]
  242 -> 344 [size ="536870912"]
  242 -> 370 [size ="536870912"]
  242 -> 379 [size ="536870912"]
  242 -> 380 [size ="536870912"]
  242 -> 400 [size ="536870912"]
  242 -> 411 [size ="536870912"]
  243 [size="782757789696", alpha="0.11"]
  243 -> 267 [size ="679477248"]
  243 -> 268 [size ="679477248"]
  243 -> 313 [size ="679477248"]
  243 -> 330 [size ="679477248"]
  243 -> 348 [size ="679477248"]
  243 -> 397 [size ="679477248"]
  243 -> 400 [size ="679477248"]
  244 [size="4260230731", alpha="0.13"]
  244 -> 254 [size ="411041792"]
  244 -> 255 [size ="411041792"]
  244 -> 308 [size ="411041792"]
  244 -> 320 [size ="411041792"]
  244 -> 330 [size ="411041792"]
  244 -> 367 [size ="411041792"]
  244 -> 409 [size ="411041792"]
  245 [size="46941600231", alpha="0.15"]
  246 [size="8465755761", alpha="0.07"]
  246 -> 258 [size ="134217728"]
  246 -> 360 [size ="134217728"]
  246 -> 373 [size ="134217728"]
  246 -> 382 [size ="134217728"]
  246 -> 395 [size ="134217728"]
  246 -> 400 [size ="134217728"]
  246 -> 409 [size ="134217728"]
  247 [size="68719476736", alpha="0.08"]
  247 -> 276 [size ="134217728"]
  247 -> 345 [size ="134217728"]
  247 -> 375 [size ="134217728"]
  247 -> 384 [size ="134217728"]
  248 [size="318965657660", alpha="0.03"]
  248 -> 251 [size ="536870912"]
  248 -> 282 [size ="536870912"]
  248 -> 307 [size ="536870912"]
  248 -> 394 [size ="536870912"]
  249 [size="549755813888", alpha="0.02"]
  249 -> 250 [size ="536870912"]
  249 -> 253 [size ="536870912"]
  249 -> 265 [size ="536870912"]
  249 -> 275 [size ="536870912"]
  249 -> 276 [size ="536870912"]
  249 -> 280 [size ="536870912"]
  249 -> 281 [size ="536870912"]
  249 -> 291 [size ="536870912"]
  249 -> 335 [size ="536870912"]
  249 -> 364 [size ="536870912"]
  249 -> 395 [size ="536870912"]
  249 -> 397 [size ="536870912"]
  249 -> 400 [size ="536870912"]
  250 [size="1377136272", alpha="0.19"]
  250 -> 317 [size ="33554432"]
  250 -> 334 [size ="33554432"]
  250 -> 341 [size ="33554432"]
  250 -> 353 [size ="33554432"]
  250 -> 360 [size ="33554432"]
  250 -> 419 [size ="33554432"]
  250 -> 420 [size ="33554432"]
  250 -> 424 [size ="33554432"]
  250 -> 429 [size ="33554432"]
  250 -> 434 [size ="33554432"]
  250 -> 444 [size ="33554432"]
  250 -> 449 [size ="33554432"]
  250 -> 450 [size ="33554432"]
  250 -> 470 [size ="33554432"]
  250 -> 480 [size ="33554432"]
  250 -> 489 [size ="33554432"]
  250 -> 514 [size ="33554432"]
  251 [size="92850412243", alpha="0.05"]
  251 -> 321 [size ="75497472"]
  251 -> 324 [size ="75497472"]
  251 -> 328 [size ="75497472"]
  251 -> 341 [size ="75497472"]
  251 -> 344 [size ="75497472"]
  251 -> 345 [size ="75497472"]
  251 -> 364 [size ="75497472"]
  251 -> 366 [size ="75497472"]
  251 -> 378 [size ="75497472"]
  251 -> 390 [size ="75497472"]
  251 -> 402 [size ="75497472"]
  251 -> 414 [size ="75497472"]
  251 -> 418 [size ="75497472"]
  251 -> 452 [size ="75497472"]
  251 -> 453 [size ="75497472"]
  251 -> 458 [size ="75497472"]
  251 -> 463 [size ="75497472"]
  251 -> 465 [size ="75497472"]
  251 -> 482 [size ="75497472"]
  251 -> 486 [size ="75497472"]
  251 -> 491 [size ="75497472"]
  252 [size="41592871422", alpha="0.10"]
  252 -> 324 [size ="33554432"]
  252 -> 395 [size ="33554432"]
  252 -> 432 [size ="33554432"]
  252 -> 440 [size ="33554432"]
  252 -> 453 [size ="33554432"]
  252 -> 455 [size ="33554432"]
  252 -> 458 [size ="33554432"]
  252 -> 484 [size ="33554432"]
  252 -> 485 [size ="33554432"]
  252 -> 488 [size ="33554432"]
  252 -> 495 [size ="33554432"]
  252 -> 503 [size ="33554432"]
  253 [size="231928233984", alpha="0.12"]
  253 -> 333 [size ="301989888"]
  253 -> 370 [size ="301989888"]
  253 -> 388 [size ="301989888"]
  253 -> 423 [size ="301989888"]
  253 -> 428 [size ="301989888"]
  253 -> 431 [size ="301989888"]
  253 -> 453 [size ="301989888"]
  253 -> 465 [size ="301989888"]
  253 -> 467 [size ="301989888"]
  253 -> 483 [size ="301989888"]
  253 -> 496 [size ="301989888"]
  253 -> 499 [size ="301989888"]
  253 -> 513 [size ="301989888"]
  254 [size="48439984519", alpha="0.19"]
  254 -> 348 [size ="838860800"]
  254 -> 378 [size ="838860800"]
  254 -> 406 [size ="838860800"]
  254 -> 426 [size ="838860800"]
  254 -> 431 [size ="838860800"]
  254 -> 436 [size ="838860800"]
  254 -> 438 [size ="838860800"]
  254 -> 457 [size ="838860800"]
  254 -> 477 [size ="838860800"]
  254 -> 491 [size ="838860800"]
  254 -> 499 [size ="838860800"]
  254 -> 519 [size ="838860800"]
  255 [size="68719476736", alpha="0.07"]
  255 -> 328 [size ="134217728"]
  255 -> 330 [size ="134217728"]
  255 -> 344 [size ="134217728"]
  255 -> 368 [size ="134217728"]
  255 -> 380 [size ="134217728"]
  255 -> 413 [size ="134217728"]
  255 -> 414 [size ="134217728"]
  255 -> 417 [size ="134217728"]
  255 -> 420 [size ="134217728"]
  255 -> 427 [size ="134217728"]
  255 -> 434 [size ="134217728"]
  255 -> 439 [size ="134217728"]
  255 -> 442 [size ="134217728"]
  255 -> 448 [size ="134217728"]
  255 -> 449 [size ="134217728"]
  255 -> 465 [size ="134217728"]
  255 -> 477 [size ="134217728"]
  255 -> 482 [size ="134217728"]
  255 -> 484 [size ="134217728"]
  255 -> 491 [size ="134217728"]
  255 -> 495 [size ="134217728"]
  255 -> 499 [size ="134217728"]
  255 -> 519 [size ="134217728"]
  256 [size="291246722683", alpha="0.20"]
  256 -> 334 [size ="411041792"]
  256 -> 354 [size ="411041792"]
  256 -> 356 [size ="411041792"]
  256 -> 367 [size ="411041792"]
  256 -> 368 [size ="411041792"]
  256 -> 379 [size ="411041792"]
  256 -> 457 [size ="411041792"]
  256 -> 491 [size ="411041792"]
  256 -> 498 [size ="411041792"]
  256 -> 510 [size ="411041792"]
  256 -> 512 [size ="411041792"]
  256 -> 514 [size ="411041792"]
  257 [size="20331887524", alpha="0.04"]
  257 -> 343 [size ="33554432"]
  257 -> 368 [size ="33554432"]
  257 -> 386 [size ="33554432"]
  257 -> 423 [size ="33554432"]
  257 -> 432 [size ="33554432"]
  257 -> 436 [size ="33554432"]
  257 -> 440 [size ="33554432"]
  257 -> 477 [size ="33554432"]
  257 -> 488 [size ="33554432"]
  257 -> 503 [size ="33554432"]
  257 -> 512 [size ="33554432"]
  258 [size="782757789696", alpha="0.11"]
  258 -> 321 [size ="679477248"]
  258 -> 323 [size ="679477248"]
  258 -> 330 [size ="679477248"]
  258 -> 342 [size ="679477248"]
  258 -> 390 [size ="679477248"]
  258 -> 395 [size ="679477248"]
  258 -> 401 [size ="679477248"]
  258 -> 420 [size ="679477248"]
  258 -> 423 [size ="679477248"]
  258 -> 443 [size ="679477248"]
  258 -> 454 [size ="679477248"]
  258 -> 458 [size ="679477248"]
  258 -> 461 [size ="679477248"]
  258 -> 478 [size ="679477248"]
  258 -> 514 [size ="679477248"]
  259 [size="301835882", alpha="0.08"]
  259 -> 323 [size ="33554432"]
  259 -> 327 [size ="33554432"]
  259 -> 334 [size ="33554432"]
  259 -> 368 [size ="33554432"]
  259 -> 375 [size ="33554432"]
  259 -> 414 [size ="33554432"]
  259 -> 425 [size ="33554432"]
  259 -> 426 [size ="33554432"]
  259 -> 436 [size ="33554432"]
  259 -> 446 [size ="33554432"]
  259 -> 449 [size ="33554432"]
  259 -> 453 [size ="33554432"]
  259 -> 465 [size ="33554432"]
  259 -> 466 [size ="33554432"]
  259 -> 473 [size ="33554432"]
  259 -> 483 [size ="33554432"]
  259 -> 486 [size ="33554432"]
  260 [size="453045216671", alpha="0.13"]
  260 -> 322 [size ="679477248"]
  260 -> 337 [size ="679477248"]
  260 -> 360 [size ="679477248"]
  260 -> 363 [size ="679477248"]
  260 -> 366 [size ="679477248"]
  260 -> 389 [size ="679477248"]
  260 -> 426 [size ="679477248"]
  260 -> 444 [size ="679477248"]
  260 -> 457 [size ="679477248"]
  260 -> 467 [size ="679477248"]
  260 -> 471 [size ="679477248"]
  260 -> 476 [size ="679477248"]
  260 -> 484 [size ="679477248"]
  260 -> 490 [size ="679477248"]
  260 -> 492 [size ="679477248"]
  260 -> 493 [size ="679477248"]
  260 -> 506 [size ="679477248"]
  261 [size="106826269122", alpha="0.14"]
  261 -> 322 [size ="75497472"]
  261 -> 366 [size ="75497472"]
  261 -> 380 [size ="75497472"]
  261 -> 436 [size ="75497472"]
  261 -> 459 [size ="75497472"]
  261 -> 460 [size ="75497472"]
  261 -> 461 [size ="75497472"]
  261 -> 488 [size ="75497472"]
  261 -> 492 [size ="75497472"]
  261 -> 494 [size ="75497472"]
  261 -> 495 [size ="75497472"]
  261 -> 517 [size ="75497472"]
  262 [size="8589934592", alpha="0.14"]
  262 -> 312 [size ="33554432"]
  262 -> 334 [size ="33554432"]
  262 -> 339 [size ="33554432"]
  262 -> 342 [size ="33554432"]
  262 -> 394 [size ="33554432"]
  262 -> 395 [size ="33554432"]
  262 -> 419 [size ="33554432"]
  262 -> 425 [size ="33554432"]
  262 -> 427 [size ="33554432"]
  262 -> 433 [size ="33554432"]
  262 -> 434 [size ="33554432"]
  262 -> 460 [size ="33554432"]
  262 -> 468 [size ="33554432"]
  262 -> 486 [size ="33554432"]
  262 -> 489 [size ="33554432"]
  262 -> 495 [size ="33554432"]
  262 -> 498 [size ="33554432"]
  262 -> 514 [size ="33554432"]
  263 [size="8589934592", alpha="0.10"]
  263 -> 325 [size ="33554432"]
  263 -> 326 [size ="33554432"]
  263 -> 334 [size ="33554432"]
  263 -> 341 [size ="33554432"]
  263 -> 393 [size ="33554432"]
  263 -> 395 [size ="33554432"]
  263 -> 401 [size ="33554432"]
  263 -> 413 [size ="33554432"]
  263 -> 431 [size ="33554432"]
  263 -> 458 [size ="33554432"]
  263 -> 460 [size ="33554432"]
  263 -> 462 [size ="33554432"]
  263 -> 465 [size ="33554432"]
  263 -> 479 [size ="33554432"]
  263 -> 506 [size ="33554432"]
  263 -> 511 [size ="33554432"]
  263 -> 512 [size ="33554432"]
  263 -> 513 [size ="33554432"]
  263 -> 519 [size ="33554432"]
  264 [size="8589934592", alpha="0.06"]
  264 -> 322 [size ="33554432"]
  264 -> 325 [size ="33554432"]
  264 -> 326 [size ="33554432"]
  264 -> 327 [size ="33554432"]
  264 -> 353 [size ="33554432"]
  264 -> 361 [size ="33554432"]
  264 -> 371 [size ="33554432"]
  264 -> 425 [size ="33554432"]
  264 -> 426 [size ="33554432"]
  264 -> 434 [size ="33554432"]
  264 -> 436 [size ="33554432"]
  264 -> 448 [size ="33554432"]
  264 -> 457 [size ="33554432"]
  264 -> 492 [size ="33554432"]
  264 -> 493 [size ="33554432"]
  264 -> 505 [size ="33554432"]
  265 [size="1073741824000", alpha="0.01"]
  265 -> 314 [size ="838860800"]
  265 -> 322 [size ="838860800"]
  265 -> 326 [size ="838860800"]
  265 -> 359 [size ="838860800"]
  265 -> 374 [size ="838860800"]
  265 -> 403 [size ="838860800"]
  265 -> 419 [size ="838860800"]
  265 -> 426 [size ="838860800"]
  265 -> 433 [size ="838860800"]
  265 -> 440 [size ="838860800"]
  265 -> 444 [size ="838860800"]
  265 -> 457 [size ="838860800"]
  265 -> 485 [size ="838860800"]
  265 -> 511 [size ="838860800"]
  265 -> 512 [size ="838860800"]
  266 [size="34829654346", alpha="0.09"]
  266 -> 315 [size ="33554432"]
  266 -> 339 [size ="33554432"]
  266 -> 341 [size ="33554432"]
  266 -> 346 [size ="33554432"]
  266 -> 350 [size ="33554432"]
  266 -> 364 [size ="33554432"]
  266 -> 380 [size ="33554432"]
  266 -> 381 [size ="33554432"]
  266 -> 393 [size ="33554432"]
  266 -> 418 [size ="33554432"]
  266 -> 423 [size ="33554432"]
  266 -> 440 [size ="33554432"]
  266 -> 447 [size ="33554432"]
  266 -> 485 [size ="33554432"]
  266 -> 504 [size ="33554432"]
  266 -> 517 [size ="33554432"]
  266 -> 519 [size ="33554432"]
  267 [size="5179374624", alpha="0.09"]
  267 -> 314 [size ="134217728"]
  267 -> 325 [size ="134217728"]
  267 -> 340 [size ="134217728"]
  267 -> 346 [size ="134217728"]
  267 -> 371 [size ="134217728"]
  267 -> 388 [size ="134217728"]
  267 -> 391 [size ="134217728"]
  267 -> 406 [size ="134217728"]
  267 -> 426 [size ="134217728"]
  267 -> 428 [size ="134217728"]
  267 -> 440 [size ="134217728"]
  267 -> 463 [size ="134217728"]
  267 -> 471 [size ="134217728"]
  267 -> 485 [size ="134217728"]
  267 -> 501 [size ="134217728"]
  267 -> 517 [size ="134217728"]
  267 -> 520 [size ="134217728"]
  268 [size="452033706117", alpha="0.11"]
  268 -> 310 [size ="679477248"]
  268 -> 336 [size ="679477248"]
  268 -> 355 [size ="679477248"]
  268 -> 368 [size ="679477248"]
  268 -> 374 [size ="679477248"]
  268 -> 385 [size ="679477248"]
  268 -> 417 [size ="679477248"]
  268 -> 427 [size ="679477248"]
  268 -> 429 [size ="679477248"]
  268 -> 477 [size ="679477248"]
  268 -> 484 [size ="679477248"]
  268 -> 514 [size ="679477248"]
  269 [size="782757789696", alpha="0.20"]
  269 -> 323 [size ="679477248"]
  269 -> 348 [size ="679477248"]
  269 -> 353 [size ="679477248"]
  269 -> 361 [size ="679477248"]
  269 -> 384 [size ="679477248"]
  269 -> 411 [size ="679477248"]
  269 -> 414 [size ="679477248"]
  269 -> 435 [size ="679477248"]
  269 -> 457 [size ="679477248"]
  269 -> 462 [size ="679477248"]
  269 -> 472 [size ="679477248"]
  269 -> 512 [size ="679477248"]
  269 -> 518 [size ="679477248"]
  270 [size="77776952015", alpha="0.08"]
  270 -> 320 [size ="75497472"]
  270 -> 323 [size ="75497472"]
  270 -> 341 [size ="75497472"]
  270 -> 389 [size ="75497472"]
  270 -> 394 [size ="75497472"]
  270 -> 397 [size ="75497472"]
  270 -> 406 [size ="75497472"]
  270 -> 423 [size ="75497472"]
  270 -> 435 [size ="75497472"]
  270 -> 442 [size ="75497472"]
  270 -> 455 [size ="75497472"]
  270 -> 460 [size ="75497472"]
  270 -> 491 [size ="75497472"]
  270 -> 495 [size ="75497472"]
  270 -> 498 [size ="75497472"]
  270 -> 503 [size ="75497472"]
  271 [size="134217728000", alpha="0.10"]
  271 -> 313 [size ="209715200"]
  271 -> 323 [size ="209715200"]
  271 -> 325 [size ="209715200"]
  271 -> 353 [size ="209715200"]
  271 -> 357 [size ="209715200"]
  271 -> 390 [size ="209715200"]
  271 -> 391 [size ="209715200"]
  271 -> 406 [size ="209715200"]
  271 -> 419 [size ="209715200"]
  271 -> 421 [size ="209715200"]
  271 -> 422 [size ="209715200"]
  271 -> 427 [size ="209715200"]
  271 -> 448 [size ="209715200"]
  271 -> 459 [size ="209715200"]
  271 -> 463 [size ="209715200"]
  271 -> 467 [size ="209715200"]
  272 [size="68719476736", alpha="0.16"]
  272 -> 322 [size ="134217728"]
  272 -> 323 [size ="134217728"]
  272 -> 339 [size ="134217728"]
  272 -> 344 [size ="134217728"]
  272 -> 349 [size ="134217728"]
  272 -> 353 [size ="134217728"]
  272 -> 417 [size ="134217728"]
  272 -> 439 [size ="134217728"]
  272 -> 451 [size ="134217728"]
  272 -> 460 [size ="134217728"]
  272 -> 490 [size ="134217728"]
  272 -> 498 [size ="134217728"]
  273 [size="23260311463", alpha="0.07"]
  273 -> 330 [size ="411041792"]
  273 -> 360 [size ="411041792"]
  273 -> 380 [size ="411041792"]
  273 -> 429 [size ="411041792"]
  273 -> 431 [size ="411041792"]
  273 -> 435 [size ="411041792"]
  273 -> 438 [size ="411041792"]
  273 -> 448 [size ="411041792"]
  273 -> 460 [size ="411041792"]
  273 -> 463 [size ="411041792"]
  273 -> 486 [size ="411041792"]
  273 -> 491 [size ="411041792"]
  273 -> 500 [size ="411041792"]
  273 -> 512 [size ="411041792"]
  274 [size="4258676430", alpha="0.11"]
  274 -> 323 [size ="134217728"]
  274 -> 338 [size ="134217728"]
  274 -> 350 [size ="134217728"]
  274 -> 354 [size ="134217728"]
  274 -> 375 [size ="134217728"]
  274 -> 391 [size ="134217728"]
  274 -> 425 [size ="134217728"]
  274 -> 433 [size ="134217728"]
  274 -> 441 [size ="134217728"]
  274 -> 448 [size ="134217728"]
  274 -> 451 [size ="134217728"]
  274 -> 460 [size ="134217728"]
  274 -> 472 [size ="134217728"]
  274 -> 510 [size ="134217728"]
  274 -> 519 [size ="134217728"]
  275 [size="231928233984", alpha="0.11"]
  275 -> 354 [size ="301989888"]
  275 -> 404 [size ="301989888"]
  275 -> 406 [size ="301989888"]
  275 -> 417 [size ="301989888"]
  275 -> 431 [size ="301989888"]
  275 -> 434 [size ="301989888"]
  275 -> 443 [size ="301989888"]
  275 -> 445 [size ="301989888"]
  275 -> 451 [size ="301989888"]
  275 -> 461 [size ="301989888"]
  275 -> 473 [size ="301989888"]
  275 -> 474 [size ="301989888"]
  275 -> 486 [size ="301989888"]
  275 -> 488 [size ="301989888"]
  275 -> 499 [size ="301989888"]
  276 [size="549755813888", alpha="0.10"]
  276 -> 324 [size ="536870912"]
  276 -> 328 [size ="536870912"]
  276 -> 336 [size ="536870912"]
  276 -> 343 [size ="536870912"]
  276 -> 417 [size ="536870912"]
  276 -> 426 [size ="536870912"]
  276 -> 440 [size ="536870912"]
  276 -> 460 [size ="536870912"]
  276 -> 461 [size ="536870912"]
  276 -> 485 [size ="536870912"]
  276 -> 512 [size ="536870912"]
  276 -> 515 [size ="536870912"]
  276 -> 519 [size ="536870912"]
  277 [size="92982845008", alpha="0.13"]
  277 -> 324 [size ="75497472"]
  277 -> 353 [size ="75497472"]
  277 -> 364 [size ="75497472"]
  277 -> 381 [size ="75497472"]
  277 -> 382 [size ="75497472"]
  277 -> 403 [size ="75497472"]
  277 -> 419 [size ="75497472"]
  277 -> 480 [size ="75497472"]
  277 -> 489 [size ="75497472"]
  277 -> 495 [size ="75497472"]
  277 -> 499 [size ="75497472"]
  278 [size="6591215656", alpha="0.12"]
  278 -> 313 [size ="33554432"]
  278 -> 335 [size ="33554432"]
  278 -> 352 [size ="33554432"]
  278 -> 359 [size ="33554432"]
  278 -> 402 [size ="33554432"]
  278 -> 404 [size ="33554432"]
  278 -> 420 [size ="33554432"]
  278 -> 421 [size ="33554432"]
  278 -> 445 [size ="33554432"]
  278 -> 466 [size ="33554432"]
  278 -> 486 [size ="33554432"]
  278 -> 498 [size ="33554432"]
  279 [size="231928233984", alpha="0.12"]
  279 -> 323 [size ="301989888"]
  279 -> 324 [size ="301989888"]
  279 -> 366 [size ="301989888"]
  279 -> 367 [size ="301989888"]
  279 -> 371 [size ="301989888"]
  279 -> 389 [size ="301989888"]
  279 -> 425 [size ="301989888"]
  279 -> 444 [size ="301989888"]
  279 -> 499 [size ="301989888"]
  279 -> 500 [size ="301989888"]
  279 -> 502 [size ="301989888"]
  280 [size="24622900433", alpha="0.09"]
  280 -> 339 [size ="411041792"]
  280 -> 344 [size ="411041792"]
  280 -> 345 [size ="411041792"]
  280 -> 347 [size ="411041792"]
  280 -> 366 [size ="411041792"]
  280 -> 378 [size ="411041792"]
  280 -> 390 [size ="411041792"]
  280 -> 427 [size ="411041792"]
  280 -> 439 [size ="411041792"]
  280 -> 458 [size ="411041792"]
  280 -> 459 [size ="411041792"]
  280 -> 461 [size ="411041792"]
  280 -> 462 [size ="411041792"]
  280 -> 477 [size ="411041792"]
  280 -> 492 [size ="411041792"]
  280 -> 495 [size ="411041792"]
  281 [size="182719848132", alpha="0.18"]
  281 -> 311 [size ="134217728"]
  281 -> 327 [size ="134217728"]
  281 -> 355 [size ="134217728"]
  281 -> 407 [size ="134217728"]
  281 -> 413 [size ="134217728"]
  281 -> 427 [size ="134217728"]
  281 -> 428 [size ="134217728"]
  281 -> 456 [size ="134217728"]
  281 -> 461 [size ="134217728"]
  281 -> 477 [size ="134217728"]
  281 -> 488 [size ="134217728"]
  281 -> 490 [size ="134217728"]
  281 -> 501 [size ="134217728"]
  281 -> 509 [size ="134217728"]
  282 [size="2619090492", alpha="0.13"]
  282 -> 336 [size ="134217728"]
  282 -> 353 [size ="134217728"]
  282 -> 384 [size ="134217728"]
  282 -> 386 [size ="134217728"]
  282 -> 409 [size ="134217728"]
  282 -> 417 [size ="134217728"]
  282 -> 418 [size ="134217728"]
  282 -> 425 [size ="134217728"]
  282 -> 428 [size ="134217728"]
  282 -> 436 [size ="134217728"]
  282 -> 439 [size ="134217728"]
  282 -> 445 [size ="134217728"]
  282 -> 448 [size ="134217728"]
  282 -> 456 [size ="134217728"]
  282 -> 457 [size ="134217728"]
  282 -> 461 [size ="134217728"]
  282 -> 462 [size ="134217728"]
  282 -> 467 [size ="134217728"]
  282 -> 495 [size ="134217728"]
  282 -> 505 [size ="134217728"]
  282 -> 506 [size ="134217728"]
  282 -> 514 [size ="134217728"]
  282 -> 515 [size ="134217728"]
  283 [size="8589934592", alpha="0.09"]
  283 -> 341 [size ="33554432"]
  283 -> 362 [size ="33554432"]
  283 -> 364 [size ="33554432"]
  283 -> 381 [size ="33554432"]
  283 -> 386 [size ="33554432"]
  283 -> 419 [size ="33554432"]
  283 -> 432 [size ="33554432"]
  283 -> 434 [size ="33554432"]
  283 -> 456 [size ="33554432"]
  283 -> 467 [size ="33554432"]
  283 -> 480 [size ="33554432"]
  283 -> 485 [size ="33554432"]
  283 -> 515 [size ="33554432"]
  284 [size="3874245572", alpha="0.10"]
  284 -> 312 [size ="134217728"]
  284 -> 334 [size ="134217728"]
  284 -> 347 [size ="134217728"]
  284 -> 354 [size ="134217728"]
  284 -> 356 [size ="134217728"]
  284 -> 357 [size ="134217728"]
  284 -> 359 [size ="134217728"]
  284 -> 367 [size ="134217728"]
  284 -> 383 [size ="134217728"]
  284 -> 441 [size ="134217728"]
  284 -> 451 [size ="134217728"]
  284 -> 452 [size ="134217728"]
  284 -> 467 [size ="134217728"]
  284 -> 480 [size ="134217728"]
  284 -> 482 [size ="134217728"]
  284 -> 492 [size ="134217728"]
  284 -> 510 [size ="134217728"]
  285 [size="118249938498", alpha="0.08"]
  285 -> 335 [size ="301989888"]
  285 -> 341 [size ="301989888"]
  285 -> 364 [size ="301989888"]
  285 -> 376 [size ="301989888"]
  285 -> 413 [size ="301989888"]
  285 -> 431 [size ="301989888"]
  285 -> 432 [size ="301989888"]
  285 -> 435 [size ="301989888"]
  285 -> 441 [size ="301989888"]
  285 -> 459 [size ="301989888"]
  285 -> 465 [size ="301989888"]
  285 -> 466 [size ="301989888"]
  285 -> 473 [size ="301989888"]
  285 -> 502 [size ="301989888"]
  285 -> 505 [size ="301989888"]
  285 -> 506 [size ="301989888"]
  286 [size="8589934592", alpha="0.05"]
  286 -> 318 [size ="33554432"]
  286 -> 319 [size ="33554432"]
  286 -> 325 [size ="33554432"]
  286 -> 332 [size ="33554432"]
  286 -> 345 [size ="33554432"]
  286 -> 354 [size ="33554432"]
  286 -> 358 [size ="33554432"]
  286 -> 369 [size ="33554432"]
  286 -> 385 [size ="33554432"]
  286 -> 387 [size ="33554432"]
  286 -> 407 [size ="33554432"]
  286 -> 440 [size ="33554432"]
  286 -> 451 [size ="33554432"]
  286 -> 460 [size ="33554432"]
  286 -> 471 [size ="33554432"]
  286 -> 486 [size ="33554432"]
  286 -> 490 [size ="33554432"]
  286 -> 499 [size ="33554432"]
  286 -> 502 [size ="33554432"]
  286 -> 517 [size ="33554432"]
  287 [size="278920338528", alpha="0.06"]
  287 -> 324 [size ="536870912"]
  287 -> 336 [size ="536870912"]
  287 -> 340 [size ="536870912"]
  287 -> 354 [size ="536870912"]
  287 -> 379 [size ="536870912"]
  287 -> 384 [size ="536870912"]
  287 -> 429 [size ="536870912"]
  287 -> 434 [size ="536870912"]
  287 -> 441 [size ="536870912"]
  287 -> 445 [size ="536870912"]
  287 -> 467 [size ="536870912"]
  287 -> 470 [size ="536870912"]
  287 -> 471 [size ="536870912"]
  287 -> 491 [size ="536870912"]
  287 -> 519 [size ="536870912"]
  288 [size="11518689147", alpha="0.19"]
  288 -> 323 [size ="411041792"]
  288 -> 328 [size ="411041792"]
  288 -> 346 [size ="411041792"]
  288 -> 351 [size ="411041792"]
  288 -> 352 [size ="411041792"]
  288 -> 360 [size ="411041792"]
  288 -> 362 [size ="411041792"]
  288 -> 371 [size ="411041792"]
  288 -> 385 [size ="411041792"]
  288 -> 390 [size ="411041792"]
  288 -> 395 [size ="411041792"]
  288 -> 397 [size ="411041792"]
  288 -> 409 [size ="411041792"]
  288 -> 416 [size ="411041792"]
  288 -> 418 [size ="411041792"]
  288 -> 431 [size ="411041792"]
  288 -> 434 [size ="411041792"]
  288 -> 484 [size ="411041792"]
  288 -> 485 [size ="411041792"]
  288 -> 502 [size ="411041792"]
  288 -> 508 [size ="411041792"]
  289 [size="628679271622", alpha="0.14"]
  289 -> 320 [size ="679477248"]
  289 -> 324 [size ="679477248"]
  289 -> 330 [size ="679477248"]
  289 -> 352 [size ="679477248"]
  289 -> 362 [size ="679477248"]
  289 -> 388 [size ="679477248"]
  289 -> 409 [size ="679477248"]
  289 -> 431 [size ="679477248"]
  289 -> 448 [size ="679477248"]
  289 -> 449 [size ="679477248"]
  289 -> 461 [size ="679477248"]
  289 -> 477 [size ="679477248"]
  290 [size="231928233984", alpha="0.17"]
  290 -> 327 [size ="301989888"]
  290 -> 344 [size ="301989888"]
  290 -> 392 [size ="301989888"]
  290 -> 459 [size ="301989888"]
  290 -> 466 [size ="301989888"]
  290 -> 471 [size ="301989888"]
  290 -> 472 [size ="301989888"]
  290 -> 477 [size ="301989888"]
  290 -> 499 [size ="301989888"]
  290 -> 501 [size ="301989888"]
  290 -> 506 [size ="301989888"]
  290 -> 516 [size ="301989888"]
  290 -> 520 [size ="301989888"]
  291 [size="1073741824000", alpha="0.10"]
  291 -> 325 [size ="838860800"]
  291 -> 354 [size ="838860800"]
  291 -> 365 [size ="838860800"]
  291 -> 376 [size ="838860800"]
  291 -> 445 [size ="838860800"]
  291 -> 456 [size ="838860800"]
  291 -> 457 [size ="838860800"]
  291 -> 466 [size ="838860800"]
  291 -> 470 [size ="838860800"]
  291 -> 477 [size ="838860800"]
  291 -> 491 [size ="838860800"]
  291 -> 499 [size ="838860800"]
  291 -> 514 [size ="838860800"]
  292 [size="997187498", alpha="0.09"]
  292 -> 310 [size ="33554432"]
  292 -> 322 [size ="33554432"]
  292 -> 327 [size ="33554432"]
  292 -> 337 [size ="33554432"]
  292 -> 338 [size ="33554432"]
  292 -> 366 [size ="33554432"]
  292 -> 397 [size ="33554432"]
  292 -> 439 [size ="33554432"]
  292 -> 448 [size ="33554432"]
  292 -> 457 [size ="33554432"]
  292 -> 470 [size ="33554432"]
  292 -> 499 [size ="33554432"]
  293 [size="486359468235", alpha="0.08"]
  293 -> 397 [size ="301989888"]
  293 -> 402 [size ="301989888"]
  293 -> 405 [size ="301989888"]
  293 -> 411 [size ="301989888"]
  293 -> 418 [size ="301989888"]
  293 -> 434 [size ="301989888"]
  293 -> 435 [size ="301989888"]
  293 -> 436 [size ="301989888"]
  293 -> 439 [size ="301989888"]
  293 -> 446 [size ="301989888"]
  293 -> 472 [size ="301989888"]
  293 -> 504 [size ="301989888"]
  293 -> 514 [size ="301989888"]
  294 [size="231928233984", alpha="0.09"]
  294 -> 317 [size ="301989888"]
  294 -> 339 [size ="301989888"]
  294 -> 353 [size ="301989888"]
  294 -> 357 [size ="301989888"]
  294 -> 400 [size ="301989888"]
  294 -> 418 [size ="301989888"]
  294 -> 434 [size ="301989888"]
  294 -> 444 [size ="301989888"]
  294 -> 462 [size ="301989888"]
  294 -> 467 [size ="301989888"]
  294 -> 475 [size ="301989888"]
  294 -> 479 [size ="301989888"]
  294 -> 484 [size ="301989888"]
  294 -> 491 [size ="301989888"]
  294 -> 516 [size ="301989888"]
  295 [size="882217363040", alpha="0.18"]
  295 -> 328 [size ="536870912"]
  295 -> 358 [size ="536870912"]
  295 -> 359 [size ="536870912"]
  295 -> 362 [size ="536870912"]
  295 -> 365 [size ="536870912"]
  295 -> 393 [size ="536870912"]
  295 -> 396 [size ="536870912"]
  295 -> 423 [size ="536870912"]
  295 -> 440 [size ="536870912"]
  295 -> 467 [size ="536870912"]
  295 -> 488 [size ="536870912"]
  296 [size="134217728000", alpha="0.07"]
  296 -> 311 [size ="209715200"]
  296 -> 365 [size ="209715200"]
  296 -> 386 [size ="209715200"]
  296 -> 417 [size ="209715200"]
  296 -> 420 [size ="209715200"]
  296 -> 430 [size ="209715200"]
  296 -> 457 [size ="209715200"]
  296 -> 458 [size ="209715200"]
  296 -> 471 [size ="209715200"]
  296 -> 503 [size ="209715200"]
  296 -> 515 [size ="209715200"]
  297 [size="325328563012", alpha="0.01"]
  297 -> 310 [size ="209715200"]
  297 -> 330 [size ="209715200"]
  297 -> 342 [size ="209715200"]
  297 -> 358 [size ="209715200"]
  297 -> 380 [size ="209715200"]
  297 -> 391 [size ="209715200"]
  297 -> 400 [size ="209715200"]
  297 -> 413 [size ="209715200"]
  297 -> 417 [size ="209715200"]
  297 -> 419 [size ="209715200"]
  297 -> 424 [size ="209715200"]
  297 -> 439 [size ="209715200"]
  297 -> 445 [size ="209715200"]
  297 -> 451 [size ="209715200"]
  297 -> 465 [size ="209715200"]
  297 -> 482 [size ="209715200"]
  297 -> 484 [size ="209715200"]
  297 -> 488 [size ="209715200"]
  297 -> 489 [size ="209715200"]
  298 [size="409277604476", alpha="0.02"]
  298 -> 313 [size ="536870912"]
  298 -> 314 [size ="536870912"]
  298 -> 315 [size ="536870912"]
  298 -> 342 [size ="536870912"]
  298 -> 350 [size ="536870912"]
  298 -> 354 [size ="536870912"]
  298 -> 370 [size ="536870912"]
  298 -> 372 [size ="536870912"]
  298 -> 419 [size ="536870912"]
  298 -> 429 [size ="536870912"]
  298 -> 434 [size ="536870912"]
  298 -> 451 [size ="536870912"]
  298 -> 453 [size ="536870912"]
  298 -> 470 [size ="536870912"]
  298 -> 480 [size ="536870912"]
  298 -> 484 [size ="536870912"]
  298 -> 488 [size ="536870912"]
  298 -> 514 [size ="536870912"]
  299 [size="1085902228251", alpha="0.15"]
  299 -> 315 [size ="679477248"]
  299 -> 344 [size ="679477248"]
  299 -> 372 [size ="679477248"]
  299 -> 384 [size ="679477248"]
  299 -> 385 [size ="679477248"]
  299 -> 394 [size ="679477248"]
  299 -> 410 [size ="679477248"]
  299 -> 417 [size ="679477248"]
  299 -> 421 [size ="679477248"]
  299 -> 429 [size ="679477248"]
  299 -> 480 [size ="679477248"]
  299 -> 482 [size ="679477248"]
  299 -> 496 [size ="679477248"]
  299 -> 501 [size ="679477248"]
  299 -> 512 [size ="679477248"]
  300 [size="32180314640", alpha="0.01"]
  300 -> 367 [size ="679477248"]
  300 -> 380 [size ="679477248"]
  300 -> 414 [size ="679477248"]
  300 -> 419 [size ="679477248"]
  300 -> 422 [size ="679477248"]
  300 -> 427 [size ="679477248"]
  300 -> 428 [size ="679477248"]
  300 -> 429 [size ="679477248"]
  300 -> 433 [size ="679477248"]
  300 -> 446 [size ="679477248"]
  300 -> 458 [size ="679477248"]
  300 -> 471 [size ="679477248"]
  300 -> 480 [size ="679477248"]
  300 -> 484 [size ="679477248"]
  301 [size="304189805645", alpha="0.15"]
  301 -> 320 [size ="209715200"]
  301 -> 322 [size ="209715200"]
  301 -> 343 [size ="209715200"]
  301 -> 346 [size ="209715200"]
  301 -> 347 [size ="209715200"]
  301 -> 361 [size ="209715200"]
  301 -> 375 [size ="209715200"]
  301 -> 401 [size ="209715200"]
  301 -> 409 [size ="209715200"]
  301 -> 416 [size ="209715200"]
  301 -> 448 [size ="209715200"]
  301 -> 455 [size ="209715200"]
  301 -> 489 [size ="209715200"]
  301 -> 512 [size ="209715200"]
  301 -> 515 [size ="209715200"]
  302 [size="218908185551", alpha="0.10"]
  302 -> 320 [size ="411041792"]
  302 -> 360 [size ="411041792"]
  302 -> 383 [size ="411041792"]
  302 -> 385 [size ="411041792"]
  302 -> 427 [size ="411041792"]
  302 -> 433 [size ="411041792"]
  302 -> 440 [size ="411041792"]
  302 -> 449 [size ="411041792"]
  302 -> 451 [size ="411041792"]
  302 -> 455 [size ="411041792"]
  302 -> 463 [size ="411041792"]
  302 -> 470 [size ="411041792"]
  302 -> 480 [size ="411041792"]
  302 -> 495 [size ="411041792"]
  302 -> 503 [size ="411041792"]
  302 -> 520 [size ="411041792"]
  303 [size="249613089459", alpha="0.09"]
  303 -> 351 [size ="209715200"]
  303 -> 395 [size ="209715200"]
  303 -> 439 [size ="209715200"]
  303 -> 455 [size ="209715200"]
  303 -> 463 [size ="209715200"]
  303 -> 468 [size ="209715200"]
  303 -> 492 [size ="209715200"]
  303 -> 512 [size ="209715200"]
  304 [size="683810716825", alpha="0.01"]
  304 -> 312 [size ="838860800"]
  304 -> 348 [size ="838860800"]
  304 -> 366 [size ="838860800"]
  304 -> 383 [size ="838860800"]
  304 -> 418 [size ="838860800"]
  304 -> 422 [size ="838860800"]
  304 -> 434 [size ="838860800"]
  304 -> 444 [size ="838860800"]
  304 -> 449 [size ="838860800"]
  304 -> 457 [size ="838860800"]
  304 -> 463 [size ="838860800"]
  304 -> 466 [size ="838860800"]
  304 -> 470 [size ="838860800"]
  304 -> 477 [size ="838860800"]
  304 -> 481 [size ="838860800"]
  304 -> 491 [size ="838860800"]
  304 -> 512 [size ="838860800"]
  304 -> 516 [size ="838860800"]
  305 [size="41511170162", alpha="0.05"]
  305 -> 314 [size ="679477248"]
  305 -> 327 [size ="679477248"]
  305 -> 330 [size ="679477248"]
  305 -> 384 [size ="679477248"]
  305 -> 397 [size ="679477248"]
  305 -> 411 [size ="679477248"]
  305 -> 425 [size ="679477248"]
  305 -> 445 [size ="679477248"]
  305 -> 457 [size ="679477248"]
  305 -> 460 [size ="679477248"]
  305 -> 483 [size ="679477248"]
  305 -> 498 [size ="679477248"]
  305 -> 500 [size ="679477248"]
  305 -> 506 [size ="679477248"]
  305 -> 516 [size ="679477248"]
  306 [size="779831436124", alpha="0.07"]
  306 -> 314 [size ="536870912"]
  306 -> 315 [size ="536870912"]
  306 -> 346 [size ="536870912"]
  306 -> 356 [size ="536870912"]
  306 -> 384 [size ="536870912"]
  306 -> 399 [size ="536870912"]
  306 -> 423 [size ="536870912"]
  306 -> 427 [size ="536870912"]
  306 -> 433 [size ="536870912"]
  306 -> 447 [size ="536870912"]
  306 -> 453 [size ="536870912"]
  306 -> 485 [size ="536870912"]
  306 -> 492 [size ="536870912"]
  306 -> 495 [size ="536870912"]
  306 -> 506 [size ="536870912"]
  306 -> 514 [size ="536870912"]
  307 [size="12773736577", alpha="0.05"]
  307 -> 342 [size ="33554432"]
  307 -> 346 [size ="33554432"]
  307 -> 348 [size ="33554432"]
  307 -> 382 [size ="33554432"]
  307 -> 404 [size ="33554432"]
  307 -> 407 [size ="33554432"]
  307 -> 410 [size ="33554432"]
  307 -> 417 [size ="33554432"]
  307 -> 425 [size ="33554432"]
  307 -> 429 [size ="33554432"]
  307 -> 441 [size ="33554432"]
  307 -> 445 [size ="33554432"]
  307 -> 457 [size ="33554432"]
  307 -> 495 [size ="33554432"]
  307 -> 496 [size ="33554432"]
  307 -> 513 [size ="33554432"]
  308 [size="782757789696", alpha="0.10"]
  308 -> 311 [size ="679477248"]
  308 -> 350 [size ="679477248"]
  308 -> 357 [size ="679477248"]
  308 -> 386 [size ="679477248"]
  308 -> 393 [size ="679477248"]
  308 -> 417 [size ="679477248"]
  308 -> 425 [size ="679477248"]
  308 -> 433 [size ="679477248"]
  308 -> 485 [size ="679477248"]
  308 -> 491 [size ="679477248"]
  308 -> 495 [size ="679477248"]
  308 -> 505 [size ="679477248"]
  308 -> 512 [size ="679477248"]
  308 -> 516 [size ="679477248"]
  309 [size="975975960", alpha="0.04"]
  309 -> 328 [size ="33554432"]
  309 -> 428 [size ="33554432"]
  309 -> 456 [size ="33554432"]
  309 -> 461 [size ="33554432"]
  309 -> 465 [size ="33554432"]
  309 -> 495 [size ="33554432"]
  309 -> 497 [size ="33554432"]
  310 [size="8589934592", alpha="0.16"]
  310 -> 419 [size ="33554432"]
  310 -> 432 [size ="33554432"]
  310 -> 438 [size ="33554432"]
  310 -> 456 [size ="33554432"]
  310 -> 463 [size ="33554432"]
  310 -> 480 [size ="33554432"]
  310 -> 485 [size ="33554432"]
  310 -> 493 [size ="33554432"]
  310 -> 503 [size ="33554432"]
  310 -> 506 [size ="33554432"]
  310 -> 517 [size ="33554432"]
  311 [size="181560798240", alpha="0.10"]
  311 -> 463 [size ="134217728"]
  311 -> 515 [size ="134217728"]
  311 -> 522 [size ="134217728"]
  311 -> 540 [size ="134217728"]
  311 -> 542 [size ="134217728"]
  311 -> 555 [size ="134217728"]
  312 [size="4801586750", alpha="0.03"]
  312 -> 427 [size ="75497472"]
  312 -> 435 [size ="75497472"]
  312 -> 441 [size ="75497472"]
  312 -> 461 [size ="75497472"]
  312 -> 462 [size ="75497472"]
  312 -> 491 [size ="75497472"]
  312 -> 503 [size ="75497472"]
  312 -> 508 [size ="75497472"]
  312 -> 537 [size ="75497472"]
  312 -> 558 [size ="75497472"]
  312 -> 560 [size ="75497472"]
  312 -> 568 [size ="75497472"]
  312 -> 573 [size ="75497472"]
  312 -> 575 [size ="75497472"]
  313 [size="66970128734", alpha="0.15"]
  313 -> 422 [size ="209715200"]
  313 -> 443 [size ="209715200"]
  313 -> 458 [size ="209715200"]
  313 -> 491 [size ="209715200"]
  313 -> 500 [size ="209715200"]
  313 -> 501 [size ="209715200"]
  313 -> 506 [size ="209715200"]
  313 -> 519 [size ="209715200"]
  313 -> 562 [size ="209715200"]
  313 -> 565 [size ="209715200"]
  313 -> 570 [size ="209715200"]
  313 -> 573 [size ="209715200"]
  314 [size="1073741824000", alpha="0.03"]
  314 -> 417 [size ="838860800"]
  314 -> 477 [size ="838860800"]
  314 -> 493 [size ="838860800"]
  314 -> 503 [size ="838860800"]
  314 -> 506 [size ="838860800"]
  314 -> 571 [size ="838860800"]
  314 -> 576 [size ="838860800"]
  315 [size="3112114708", alpha="0.04"]
  315 -> 466 [size ="301989888"]
  315 -> 485 [size ="301989888"]
  315 -> 552 [size ="301989888"]
  315 -> 555 [size ="301989888"]
  315 -> 570 [size ="301989888"]
  316 [size="83050172810", alpha="0.01"]
  316 -> 446 [size ="75497472"]
  316 -> 490 [size ="75497472"]
  316 -> 505 [size ="75497472"]
  316 -> 526 [size ="75497472"]
  316 -> 533 [size ="75497472"]
  316 -> 549 [size ="75497472"]
  316 -> 555 [size ="75497472"]
  316 -> 559 [size ="75497472"]
  316 -> 568 [size ="75497472"]
  316 -> 576 [size ="75497472"]
  317 [size="231928233984", alpha="0.16"]
  317 -> 484 [size ="301989888"]
  317 -> 512 [size ="301989888"]
  317 -> 555 [size ="301989888"]
  317 -> 556 [size ="301989888"]
  318 [size="6322761808", alpha="0.16"]
  318 -> 427 [size ="301989888"]
  318 -> 431 [size ="301989888"]
  318 -> 465 [size ="301989888"]
  318 -> 471 [size ="301989888"]
  318 -> 485 [size ="301989888"]
  318 -> 486 [size ="301989888"]
  318 -> 495 [size ="301989888"]
  318 -> 516 [size ="301989888"]
  318 -> 536 [size ="301989888"]
  318 -> 538 [size ="301989888"]
  318 -> 546 [size ="301989888"]
  318 -> 558 [size ="301989888"]
  318 -> 577 [size ="301989888"]
  319 [size="3075788645", alpha="0.05"]
  319 -> 433 [size ="75497472"]
  319 -> 436 [size ="75497472"]
  319 -> 470 [size ="75497472"]
  319 -> 514 [size ="75497472"]
  319 -> 517 [size ="75497472"]
  319 -> 525 [size ="75497472"]
  319 -> 556 [size ="75497472"]
  319 -> 576 [size ="75497472"]
  320 [size="1025197357565", alpha="0.17"]
  320 -> 440 [size ="679477248"]
  320 -> 449 [size ="679477248"]
  320 -> 465 [size ="679477248"]
  320 -> 497 [size ="679477248"]
  320 -> 499 [size ="679477248"]
  320 -> 511 [size ="679477248"]
  320 -> 537 [size ="679477248"]
  320 -> 564 [size ="679477248"]
  321 [size="543879097312", alpha="0.08"]
  321 -> 434 [size ="838860800"]
  321 -> 466 [size ="838860800"]
  321 -> 478 [size ="838860800"]
  321 -> 498 [size ="838860800"]
  321 -> 546 [size ="838860800"]
  321 -> 547 [size ="838860800"]
  321 -> 558 [size ="838860800"]
  321 -> 563 [size ="838860800"]
  321 -> 567 [size ="838860800"]
  321 -> 568 [size ="838860800"]
  322 [size="318897814126", alpha="0.03"]
  322 -> 413 [size ="838860800"]
  322 -> 414 [size ="838860800"]
  322 -> 474 [size ="838860800"]
  322 -> 482 [size ="838860800"]
  322 -> 498 [size ="838860800"]
  322 -> 507 [size ="838860800"]
  322 -> 525 [size ="838860800"]
  322 -> 526 [size ="838860800"]
  322 -> 529 [size ="838860800"]
  322 -> 552 [size ="838860800"]
  322 -> 568 [size ="838860800"]
  323 [size="30586785158", alpha="0.18"]
  323 -> 436 [size ="33554432"]
  323 -> 441 [size ="33554432"]
  323 -> 458 [size ="33554432"]
  323 -> 465 [size ="33554432"]
  323 -> 482 [size ="33554432"]
  323 -> 530 [size ="33554432"]
  323 -> 574 [size ="33554432"]
  323 -> 577 [size ="33554432"]
  324 [size="4037381598", alpha="0.07"]
  324 -> 413 [size ="134217728"]
  324 -> 425 [size ="134217728"]
  324 -> 436 [size ="134217728"]
  324 -> 457 [size ="134217728"]
  324 -> 472 [size ="134217728"]
  324 -> 475 [size ="134217728"]
  324 -> 524 [size ="134217728"]
  324 -> 525 [size ="134217728"]
  324 -> 560 [size ="134217728"]
  325 [size="1073741824000", alpha="0.05"]
  325 -> 436 [size ="838860800"]
  325 -> 450 [size ="838860800"]
  325 -> 476 [size ="838860800"]
  325 -> 495 [size ="838860800"]
  325 -> 504 [size ="838860800"]
  325 -> 514 [size ="838860800"]
  325 -> 515 [size ="838860800"]
  325 -> 573 [size ="838860800"]
  326 [size="7505342623", alpha="0.20"]
  326 -> 433 [size ="209715200"]
  326 -> 434 [size ="209715200"]
  326 -> 435 [size ="209715200"]
  326 -> 457 [size ="209715200"]
  326 -> 462 [size ="209715200"]
  326 -> 515 [size ="209715200"]
  326 -> 524 [size ="209715200"]
  326 -> 574 [size ="209715200"]
  327 [size="24653223934", alpha="0.10"]
  327 -> 421 [size ="679477248"]
  327 -> 434 [size ="679477248"]
  327 -> 440 [size ="679477248"]
  327 -> 457 [size ="679477248"]
  327 -> 470 [size ="679477248"]
  327 -> 475 [size ="679477248"]
  327 -> 482 [size ="679477248"]
  327 -> 502 [size ="679477248"]
  327 -> 542 [size ="679477248"]
  327 -> 560 [size ="679477248"]
  327 -> 573 [size ="679477248"]
  328 [size="69935212469", alpha="0.13"]
  328 -> 420 [size ="75497472"]
  328 -> 442 [size ="75497472"]
  328 -> 466 [size ="75497472"]
  328 -> 477 [size ="75497472"]
  328 -> 488 [size ="75497472"]
  328 -> 506 [size ="75497472"]
  328 -> 526 [size ="75497472"]
  328 -> 527 [size ="75497472"]
  328 -> 564 [size ="75497472"]
  328 -> 565 [size ="75497472"]
  328 -> 567 [size ="75497472"]
  328 -> 574 [size ="75497472"]
  329 [size="549755813888", alpha="0.01"]
  329 -> 431 [size ="536870912"]
  329 -> 460 [size ="536870912"]
  329 -> 546 [size ="536870912"]
  329 -> 565 [size ="536870912"]
  330 [size="123316935810", alpha="0.12"]
  330 -> 422 [size ="209715200"]
  330 -> 428 [size ="209715200"]
  330 -> 440 [size ="209715200"]
  330 -> 459 [size ="209715200"]
  330 -> 480 [size ="209715200"]
  330 -> 495 [size ="209715200"]
  330 -> 508 [size ="209715200"]
  330 -> 516 [size ="209715200"]
  330 -> 546 [size ="209715200"]
  330 -> 565 [size ="209715200"]
  331 [size="7766954395", alpha="0.11"]
  331 -> 444 [size ="209715200"]
  331 -> 459 [size ="209715200"]
  331 -> 503 [size ="209715200"]
  331 -> 506 [size ="209715200"]
  331 -> 525 [size ="209715200"]
  331 -> 526 [size ="209715200"]
  331 -> 546 [size ="209715200"]
  331 -> 565 [size ="209715200"]
  332 [size="549755813888", alpha="0.07"]
  332 -> 415 [size ="536870912"]
  332 -> 433 [size ="536870912"]
  332 -> 447 [size ="536870912"]
  332 -> 482 [size ="536870912"]
  332 -> 560 [size ="536870912"]
  333 [size="465221127020", alpha="0.16"]
  333 -> 429 [size ="536870912"]
  333 -> 460 [size ="536870912"]
  333 -> 472 [size ="536870912"]
  333 -> 480 [size ="536870912"]
  333 -> 482 [size ="536870912"]
  333 -> 493 [size ="536870912"]
  333 -> 503 [size ="536870912"]
  333 -> 552 [size ="536870912"]
  334 [size="7919134739", alpha="0.04"]
  334 -> 415 [size ="209715200"]
  334 -> 446 [size ="209715200"]
  334 -> 483 [size ="209715200"]
  334 -> 499 [size ="209715200"]
  334 -> 542 [size ="209715200"]
  334 -> 550 [size ="209715200"]
  335 [size="549755813888", alpha="0.04"]
  335 -> 425 [size ="536870912"]
  335 -> 481 [size ="536870912"]
  335 -> 486 [size ="536870912"]
  335 -> 538 [size ="536870912"]
  335 -> 549 [size ="536870912"]
  335 -> 556 [size ="536870912"]
  335 -> 562 [size ="536870912"]
  336 [size="18425725140", alpha="0.17"]
  336 -> 427 [size ="536870912"]
  336 -> 436 [size ="536870912"]
  336 -> 463 [size ="536870912"]
  336 -> 489 [size ="536870912"]
  336 -> 514 [size ="536870912"]
  336 -> 526 [size ="536870912"]
  336 -> 549 [size ="536870912"]
  336 -> 552 [size ="536870912"]
  337 [size="11268952973", alpha="0.08"]
  337 -> 463 [size ="301989888"]
  337 -> 472 [size ="301989888"]
  337 -> 490 [size ="301989888"]
  337 -> 534 [size ="301989888"]
  337 -> 571 [size ="301989888"]
  337 -> 572 [size ="301989888"]
  338 [size="27706484264", alpha="0.13"]
  338 -> 416 [size ="536870912"]
  338 -> 458 [size ="536870912"]
  338 -> 470 [size ="536870912"]
  338 -> 482 [size ="536870912"]
  338 -> 504 [size ="536870912"]
  338 -> 515 [size ="536870912"]
  338 -> 516 [size ="536870912"]
  338 -> 525 [size ="536870912"]
  338 -> 527 [size ="536870912"]
  338 -> 528 [size ="536870912"]
  338 -> 544 [size ="536870912"]
  338 -> 546 [size ="536870912"]
  338 -> 547 [size ="536870912"]
  338 -> 555 [size ="536870912"]
  339 [size="43218208677", alpha="0.14"]
  339 -> 416 [size ="679477248"]
  339 -> 421 [size ="679477248"]
  339 -> 432 [size ="679477248"]
  339 -> 445 [size ="679477248"]
  339 -> 459 [size ="679477248"]
  339 -> 474 [size ="679477248"]
  339 -> 477 [size ="679477248"]
  339 -> 480 [size ="679477248"]
  339 -> 498 [size ="679477248"]
  339 -> 525 [size ="679477248"]
  339 -> 535 [size ="679477248"]
  339 -> 541 [size ="679477248"]
  339 -> 545 [size ="679477248"]
  340 [size="231928233984", alpha="0.02"]
  340 -> 421 [size ="301989888"]
  340 -> 472 [size ="301989888"]
  340 -> 502 [size ="301989888"]
  340 -> 514 [size ="301989888"]
  340 -> 526 [size ="301989888"]
  340 -> 563 [size ="301989888"]
  340 -> 564 [size ="301989888"]
  340 -> 565 [size ="301989888"]
  341 [size="782757789696", alpha="0.15"]
  341 -> 426 [size ="679477248"]
  341 -> 436 [size ="679477248"]
  341 -> 445 [size ="679477248"]
  341 -> 475 [size ="679477248"]
  341 -> 540 [size ="679477248"]
  341 -> 547 [size ="679477248"]
  341 -> 548 [size ="679477248"]
  341 -> 571 [size ="679477248"]
  342 [size="20867631844", alpha="0.04"]
  342 -> 418 [size ="838860800"]
  342 -> 438 [size ="838860800"]
  342 -> 471 [size ="838860800"]
  342 -> 477 [size ="838860800"]
  342 -> 549 [size ="838860800"]
  342 -> 564 [size ="838860800"]
  342 -> 565 [size ="838860800"]
  343 [size="25436689016", alpha="0.12"]
  343 -> 419 [size ="536870912"]
  343 -> 471 [size ="536870912"]
  343 -> 474 [size ="536870912"]
  343 -> 481 [size ="536870912"]
  343 -> 490 [size ="536870912"]
  343 -> 502 [size ="536870912"]
  343 -> 503 [size ="536870912"]
  343 -> 518 [size ="536870912"]
  343 -> 524 [size ="536870912"]
  343 -> 525 [size ="536870912"]
  343 -> 526 [size ="536870912"]
  343 -> 537 [size ="536870912"]
  343 -> 542 [size ="536870912"]
  343 -> 569 [size ="536870912"]
  344 [size="43396453791", alpha="0.19"]
  344 -> 425 [size ="679477248"]
  344 -> 432 [size ="679477248"]
  344 -> 438 [size ="679477248"]
  344 -> 507 [size ="679477248"]
  344 -> 548 [size ="679477248"]
  344 -> 565 [size ="679477248"]
  344 -> 573 [size ="679477248"]
  345 [size="8589934592", alpha="0.08"]
  345 -> 443 [size ="33554432"]
  345 -> 449 [size ="33554432"]
  345 -> 452 [size ="33554432"]
  345 -> 457 [size ="33554432"]
  345 -> 458 [size ="33554432"]
  345 -> 466 [size ="33554432"]
  345 -> 497 [size ="33554432"]
  345 -> 515 [size ="33554432"]
  345 -> 530 [size ="33554432"]
  345 -> 540 [size ="33554432"]
  345 -> 576 [size ="33554432"]
  345 -> 577 [size ="33554432"]
  346 [size="1486149460", alpha="0.11"]
  346 -> 425 [size ="33554432"]
  346 -> 449 [size ="33554432"]
  346 -> 452 [size ="33554432"]
  346 -> 454 [size ="33554432"]
  346 -> 463 [size ="33554432"]
  346 -> 473 [size ="33554432"]
  346 -> 485 [size ="33554432"]
  346 -> 490 [size ="33554432"]
  346 -> 495 [size ="33554432"]
  346 -> 506 [size ="33554432"]
  346 -> 508 [size ="33554432"]
  346 -> 524 [size ="33554432"]
  346 -> 530 [size ="33554432"]
  346 -> 532 [size ="33554432"]
  346 -> 540 [size ="33554432"]
  347 [size="368293445632", alpha="0.18"]
  347 -> 418 [size ="411041792"]
  347 -> 420 [size ="411041792"]
  347 -> 425 [size ="411041792"]
  347 -> 442 [size ="411041792"]
  347 -> 503 [size ="411041792"]
  347 -> 512 [size ="411041792"]
  347 -> 516 [size ="411041792"]
  347 -> 564 [size ="411041792"]
  347 -> 577 [size ="411041792"]
  348 [size="43581892822", alpha="0.19"]
  348 -> 413 [size ="33554432"]
  348 -> 426 [size ="33554432"]
  348 -> 457 [size ="33554432"]
  348 -> 463 [size ="33554432"]
  348 -> 473 [size ="33554432"]
  348 -> 486 [size ="33554432"]
  348 -> 491 [size ="33554432"]
  348 -> 502 [size ="33554432"]
  348 -> 508 [size ="33554432"]
  348 -> 560 [size ="33554432"]
  349 [size="8589934592", alpha="0.17"]
  349 -> 419 [size ="33554432"]
  349 -> 567 [size ="33554432"]
  349 -> 571 [size ="33554432"]
  350 [size="168489576111", alpha="0.01"]
  350 -> 420 [size ="679477248"]
  350 -> 433 [size ="679477248"]
  350 -> 440 [size ="679477248"]
  350 -> 461 [size ="679477248"]
  350 -> 465 [size ="679477248"]
  350 -> 475 [size ="679477248"]
  350 -> 481 [size ="679477248"]
  350 -> 515 [size ="679477248"]
  350 -> 524 [size ="679477248"]
  350 -> 566 [size ="679477248"]
  351 [size="68719476736", alpha="0.18"]
  351 -> 416 [size ="134217728"]
  351 -> 417 [size ="134217728"]
  351 -> 429 [size ="134217728"]
  351 -> 433 [size ="134217728"]
  351 -> 437 [size ="134217728"]
  351 -> 465 [size ="134217728"]
  351 -> 506 [size ="134217728"]
  351 -> 519 [size ="134217728"]
  351 -> 521 [size ="134217728"]
  351 -> 540 [size ="134217728"]
  352 [size="34905645954", alpha="0.03"]
  352 -> 438 [size ="33554432"]
  352 -> 440 [size ="33554432"]
  352 -> 454 [size ="33554432"]
  352 -> 459 [size ="33554432"]
  352 -> 462 [size ="33554432"]
  352 -> 476 [size ="33554432"]
  352 -> 512 [size ="33554432"]
  352 -> 524 [size ="33554432"]
  352 -> 564 [size ="33554432"]
  353 [size="13542235531", alpha="0.04"]
  353 -> 441 [size ="838860800"]
  353 -> 446 [size ="838860800"]
  353 -> 488 [size ="838860800"]
  353 -> 537 [size ="838860800"]
  353 -> 542 [size ="838860800"]
  354 [size="1073741824000", alpha="0.03"]
  354 -> 414 [size ="838860800"]
  354 -> 418 [size ="838860800"]
  354 -> 423 [size ="838860800"]
  354 -> 426 [size ="838860800"]
  354 -> 432 [size ="838860800"]
  354 -> 435 [size ="838860800"]
  354 -> 498 [size ="838860800"]
  354 -> 503 [size ="838860800"]
  354 -> 524 [size ="838860800"]
  354 -> 542 [size ="838860800"]
  354 -> 556 [size ="838860800"]
  355 [size="549755813888", alpha="0.08"]
  355 -> 414 [size ="536870912"]
  355 -> 431 [size ="536870912"]
  355 -> 432 [size ="536870912"]
  355 -> 459 [size ="536870912"]
  355 -> 466 [size ="536870912"]
  355 -> 490 [size ="536870912"]
  355 -> 503 [size ="536870912"]
  355 -> 537 [size ="536870912"]
  355 -> 540 [size ="536870912"]
  355 -> 542 [size ="536870912"]
  355 -> 547 [size ="536870912"]
  355 -> 576 [size ="536870912"]
  356 [size="28991029248", alpha="0.18"]
  356 -> 414 [size ="75497472"]
  356 -> 427 [size ="75497472"]
  356 -> 428 [size ="75497472"]
  356 -> 443 [size ="75497472"]
  356 -> 445 [size ="75497472"]
  356 -> 472 [size ="75497472"]
  356 -> 479 [size ="75497472"]
  356 -> 486 [size ="75497472"]
  356 -> 521 [size ="75497472"]
  356 -> 528 [size ="75497472"]
  356 -> 541 [size ="75497472"]
  356 -> 542 [size ="75497472"]
  356 -> 550 [size ="75497472"]
  357 [size="28991029248", alpha="0.09"]
  357 -> 422 [size ="75497472"]
  357 -> 428 [size ="75497472"]
  357 -> 441 [size ="75497472"]
  357 -> 454 [size ="75497472"]
  357 -> 476 [size ="75497472"]
  357 -> 498 [size ="75497472"]
  357 -> 507 [size ="75497472"]
  357 -> 522 [size ="75497472"]
  357 -> 535 [size ="75497472"]
  357 -> 569 [size ="75497472"]
  358 [size="1177429585353", alpha="0.06"]
  358 -> 427 [size ="838860800"]
  358 -> 455 [size ="838860800"]
  358 -> 466 [size ="838860800"]
  358 -> 468 [size ="838860800"]
  358 -> 477 [size ="838860800"]
  358 -> 501 [size ="838860800"]
  358 -> 555 [size ="838860800"]
  358 -> 569 [size ="838860800"]
  359 [size="549755813888", alpha="0.12"]
  359 -> 432 [size ="536870912"]
  359 -> 433 [size ="536870912"]
  359 -> 436 [size ="536870912"]
  359 -> 471 [size ="536870912"]
  359 -> 489 [size ="536870912"]
  359 -> 499 [size ="536870912"]
  359 -> 525 [size ="536870912"]
  359 -> 558 [size ="536870912"]
  360 [size="8728545302", alpha="0.05"]
  360 -> 512 [size ="209715200"]
  360 -> 521 [size ="209715200"]
  360 -> 524 [size ="209715200"]
  361 [size="8589934592", alpha="0.13"]
  361 -> 427 [size ="33554432"]
  361 -> 453 [size ="33554432"]
  361 -> 499 [size ="33554432"]
  361 -> 528 [size ="33554432"]
  361 -> 568 [size ="33554432"]
  362 [size="367457709065", alpha="0.15"]
  362 -> 443 [size ="679477248"]
  362 -> 485 [size ="679477248"]
  362 -> 488 [size ="679477248"]
  362 -> 499 [size ="679477248"]
  362 -> 516 [size ="679477248"]
  362 -> 524 [size ="679477248"]
  362 -> 530 [size ="679477248"]
  362 -> 534 [size ="679477248"]
  362 -> 542 [size ="679477248"]
  362 -> 571 [size ="679477248"]
  362 -> 573 [size ="679477248"]
  363 [size="622153818683", alpha="0.12"]
  363 -> 429 [size ="838860800"]
  363 -> 458 [size ="838860800"]
  363 -> 479 [size ="838860800"]
  363 -> 482 [size ="838860800"]
  363 -> 498 [size ="838860800"]
  363 -> 503 [size ="838860800"]
  363 -> 519 [size ="838860800"]
  363 -> 528 [size ="838860800"]
  363 -> 546 [size ="838860800"]
  363 -> 571 [size ="838860800"]
  364 [size="31662012588", alpha="0.05"]
  364 -> 486 [size ="134217728"]
  364 -> 522 [size ="134217728"]
  365 [size="231928233984", alpha="0.05"]
  365 -> 415 [size ="301989888"]
  365 -> 425 [size ="301989888"]
  365 -> 441 [size ="301989888"]
  365 -> 445 [size ="301989888"]
  365 -> 451 [size ="301989888"]
  365 -> 458 [size ="301989888"]
  365 -> 475 [size ="301989888"]
  365 -> 481 [size ="301989888"]
  365 -> 485 [size ="301989888"]
  365 -> 508 [size ="301989888"]
  365 -> 511 [size ="301989888"]
  365 -> 516 [size ="301989888"]
  365 -> 528 [size ="301989888"]
  365 -> 529 [size ="301989888"]
  365 -> 540 [size ="301989888"]
  365 -> 556 [size ="301989888"]
  365 -> 577 [size ="301989888"]
  366 [size="549755813888", alpha="0.16"]
  366 -> 413 [size ="536870912"]
  366 -> 430 [size ="536870912"]
  366 -> 453 [size ="536870912"]
  366 -> 488 [size ="536870912"]
  366 -> 502 [size ="536870912"]
  366 -> 540 [size ="536870912"]
  366 -> 569 [size ="536870912"]
  367 [size="21688107564", alpha="0.11"]
  367 -> 441 [size ="536870912"]
  367 -> 476 [size ="536870912"]
  367 -> 508 [size ="536870912"]
  367 -> 542 [size ="536870912"]
  367 -> 549 [size ="536870912"]
  368 [size="549755813888", alpha="0.18"]
  368 -> 417 [size ="536870912"]
  368 -> 420 [size ="536870912"]
  368 -> 429 [size ="536870912"]
  368 -> 430 [size ="536870912"]
  368 -> 435 [size ="536870912"]
  368 -> 458 [size ="536870912"]
  368 -> 466 [size ="536870912"]
  368 -> 468 [size ="536870912"]
  368 -> 472 [size ="536870912"]
  368 -> 476 [size ="536870912"]
  368 -> 556 [size ="536870912"]
  368 -> 560 [size ="536870912"]
  368 -> 567 [size ="536870912"]
  369 [size="134217728000", alpha="0.09"]
  369 -> 420 [size ="209715200"]
  369 -> 420 [size ="209715200"]
  369 -> 426 [size ="209715200"]
  369 -> 484 [size ="209715200"]
  369 -> 515 [size ="209715200"]
  369 -> 569 [size ="209715200"]
  370 [size="4724696807", alpha="0.17"]
  370 -> 492 [size ="411041792"]
  370 -> 496 [size ="411041792"]
  370 -> 512 [size ="411041792"]
  370 -> 525 [size ="411041792"]
  370 -> 537 [size ="411041792"]
  370 -> 561 [size ="411041792"]
  370 -> 562 [size ="411041792"]
  370 -> 571 [size ="411041792"]
  371 [size="39858682310", alpha="0.15"]
  371 -> 446 [size ="679477248"]
  371 -> 456 [size ="679477248"]
  371 -> 458 [size ="679477248"]
  371 -> 459 [size ="679477248"]
  371 -> 460 [size ="679477248"]
  371 -> 485 [size ="679477248"]
  371 -> 510 [size ="679477248"]
  371 -> 515 [size ="679477248"]
  371 -> 559 [size ="679477248"]
  371 -> 568 [size ="679477248"]
  372 [size="1339894403960", alpha="0.12"]
  372 -> 470 [size ="838860800"]
  372 -> 490 [size ="838860800"]
  372 -> 493 [size ="838860800"]
  373 [size="93637866276", alpha="0.20"]
  373 -> 434 [size ="134217728"]
  373 -> 441 [size ="134217728"]
  373 -> 466 [size ="134217728"]
  373 -> 493 [size ="134217728"]
  373 -> 506 [size ="134217728"]
  373 -> 548 [size ="134217728"]
  373 -> 550 [size ="134217728"]
  374 [size="6013779293", alpha="0.17"]
  374 -> 447 [size ="209715200"]
  374 -> 457 [size ="209715200"]
  374 -> 459 [size ="209715200"]
  374 -> 460 [size ="209715200"]
  374 -> 465 [size ="209715200"]
  374 -> 466 [size ="209715200"]
  374 -> 470 [size ="209715200"]
  374 -> 472 [size ="209715200"]
  374 -> 473 [size ="209715200"]
  374 -> 490 [size ="209715200"]
  374 -> 508 [size ="209715200"]
  374 -> 526 [size ="209715200"]
  374 -> 545 [size ="209715200"]
  375 [size="17703810394", alpha="0.04"]
  375 -> 435 [size ="536870912"]
  375 -> 471 [size ="536870912"]
  375 -> 472 [size ="536870912"]
  375 -> 514 [size ="536870912"]
  375 -> 537 [size ="536870912"]
  375 -> 558 [size ="536870912"]
  376 [size="1415995622372", alpha="0.15"]
  376 -> 419 [size ="838860800"]
  376 -> 435 [size ="838860800"]
  376 -> 438 [size ="838860800"]
  376 -> 505 [size ="838860800"]
  376 -> 508 [size ="838860800"]
  376 -> 556 [size ="838860800"]
  377 [size="8589934592", alpha="0.12"]
  377 -> 423 [size ="33554432"]
  377 -> 444 [size ="33554432"]
  377 -> 471 [size ="33554432"]
  377 -> 519 [size ="33554432"]
  377 -> 562 [size ="33554432"]
  377 -> 566 [size ="33554432"]
  377 -> 571 [size ="33554432"]
  378 [size="3500543734", alpha="0.02"]
  378 -> 427 [size ="75497472"]
  378 -> 432 [size ="75497472"]
  378 -> 470 [size ="75497472"]
  378 -> 486 [size ="75497472"]
  378 -> 508 [size ="75497472"]
  378 -> 521 [size ="75497472"]
  378 -> 566 [size ="75497472"]
  379 [size="65852768467", alpha="0.10"]
  379 -> 425 [size ="75497472"]
  379 -> 433 [size ="75497472"]
  379 -> 450 [size ="75497472"]
  379 -> 463 [size ="75497472"]
  379 -> 490 [size ="75497472"]
  379 -> 498 [size ="75497472"]
  379 -> 510 [size ="75497472"]
  379 -> 526 [size ="75497472"]
  380 [size="8712626280", alpha="0.00"]
  380 -> 429 [size ="679477248"]
  380 -> 433 [size ="679477248"]
  380 -> 439 [size ="679477248"]
  380 -> 440 [size ="679477248"]
  380 -> 477 [size ="679477248"]
  380 -> 482 [size ="679477248"]
  380 -> 483 [size ="679477248"]
  380 -> 486 [size ="679477248"]
  380 -> 498 [size ="679477248"]
  380 -> 516 [size ="679477248"]
  380 -> 552 [size ="679477248"]
  381 [size="549755813888", alpha="0.04"]
  381 -> 425 [size ="536870912"]
  381 -> 427 [size ="536870912"]
  381 -> 475 [size ="536870912"]
  381 -> 510 [size ="536870912"]
  381 -> 514 [size ="536870912"]
  381 -> 516 [size ="536870912"]
  381 -> 522 [size ="536870912"]
  381 -> 529 [size ="536870912"]
  382 [size="1073741824000", alpha="0.18"]
  382 -> 415 [size ="838860800"]
  382 -> 423 [size ="838860800"]
  382 -> 425 [size ="838860800"]
  382 -> 427 [size ="838860800"]
  382 -> 434 [size ="838860800"]
  382 -> 439 [size ="838860800"]
  382 -> 486 [size ="838860800"]
  382 -> 499 [size ="838860800"]
  382 -> 501 [size ="838860800"]
  382 -> 521 [size ="838860800"]
  382 -> 522 [size ="838860800"]
  382 -> 548 [size ="838860800"]
  383 [size="19311763538", alpha="0.04"]
  383 -> 475 [size ="411041792"]
  383 -> 476 [size ="411041792"]
  383 -> 510 [size ="411041792"]
  383 -> 521 [size ="411041792"]
  383 -> 522 [size ="411041792"]
  383 -> 540 [size ="411041792"]
  383 -> 563 [size ="411041792"]
  383 -> 564 [size ="411041792"]
  384 [size="24989393953", alpha="0.05"]
  384 -> 459 [size ="75497472"]
  384 -> 465 [size ="75497472"]
  384 -> 466 [size ="75497472"]
  384 -> 472 [size ="75497472"]
  384 -> 515 [size ="75497472"]
  384 -> 573 [size ="75497472"]
  385 [size="4522976556", alpha="0.20"]
  385 -> 421 [size ="209715200"]
  385 -> 433 [size ="209715200"]
  385 -> 451 [size ="209715200"]
  385 -> 463 [size ="209715200"]
  385 -> 470 [size ="209715200"]
  385 -> 484 [size ="209715200"]
  385 -> 493 [size ="209715200"]
  385 -> 503 [size ="209715200"]
  385 -> 504 [size ="209715200"]
  385 -> 566 [size ="209715200"]
  386 [size="24396455146", alpha="0.14"]
  386 -> 433 [size ="33554432"]
  386 -> 462 [size ="33554432"]
  386 -> 471 [size ="33554432"]
  386 -> 481 [size ="33554432"]
  386 -> 516 [size ="33554432"]
  386 -> 529 [size ="33554432"]
  387 [size="31674662100", alpha="0.18"]
  387 -> 417 [size ="536870912"]
  387 -> 446 [size ="536870912"]
  387 -> 448 [size ="536870912"]
  387 -> 479 [size ="536870912"]
  387 -> 486 [size ="536870912"]
  387 -> 495 [size ="536870912"]
  387 -> 513 [size ="536870912"]
  387 -> 514 [size ="536870912"]
  387 -> 515 [size ="536870912"]
  387 -> 519 [size ="536870912"]
  387 -> 520 [size ="536870912"]
  387 -> 542 [size ="536870912"]
  387 -> 544 [size ="536870912"]
  388 [size="39857225938", alpha="0.09"]
  388 -> 414 [size ="838860800"]
  388 -> 417 [size ="838860800"]
  388 -> 440 [size ="838860800"]
  388 -> 458 [size ="838860800"]
  388 -> 470 [size ="838860800"]
  388 -> 498 [size ="838860800"]
  388 -> 536 [size ="838860800"]
  388 -> 544 [size ="838860800"]
  388 -> 556 [size ="838860800"]
  388 -> 575 [size ="838860800"]
  389 [size="134217728000", alpha="0.06"]
  389 -> 417 [size ="209715200"]
  389 -> 451 [size ="209715200"]
  389 -> 466 [size ="209715200"]
  389 -> 470 [size ="209715200"]
  389 -> 481 [size ="209715200"]
  389 -> 544 [size ="209715200"]
  390 [size="8279358162", alpha="0.16"]
  390 -> 416 [size ="134217728"]
  390 -> 421 [size ="134217728"]
  390 -> 440 [size ="134217728"]
  390 -> 445 [size ="134217728"]
  390 -> 450 [size ="134217728"]
  390 -> 485 [size ="134217728"]
  390 -> 498 [size ="134217728"]
  390 -> 506 [size ="134217728"]
  390 -> 538 [size ="134217728"]
  390 -> 555 [size ="134217728"]
  390 -> 566 [size ="134217728"]
  391 [size="50789820097", alpha="0.19"]
  391 -> 413 [size ="838860800"]
  391 -> 431 [size ="838860800"]
  391 -> 433 [size ="838860800"]
  391 -> 456 [size ="838860800"]
  391 -> 485 [size ="838860800"]
  391 -> 547 [size ="838860800"]
  392 [size="28991029248", alpha="0.03"]
  392 -> 471 [size ="75497472"]
  392 -> 498 [size ="75497472"]
  392 -> 549 [size ="75497472"]
  393 [size="782757789696", alpha="0.20"]
  393 -> 427 [size ="679477248"]
  393 -> 470 [size ="679477248"]
  393 -> 488 [size ="679477248"]
  393 -> 498 [size ="679477248"]
  393 -> 507 [size ="679477248"]
  393 -> 509 [size ="679477248"]
  393 -> 538 [size ="679477248"]
  394 [size="164012838294", alpha="0.16"]
  394 -> 429 [size ="679477248"]
  394 -> 435 [size ="679477248"]
  394 -> 439 [size ="679477248"]
  394 -> 445 [size ="679477248"]
  394 -> 471 [size ="679477248"]
  394 -> 511 [size ="679477248"]
  394 -> 526 [size ="679477248"]
  394 -> 548 [size ="679477248"]
  394 -> 566 [size ="679477248"]
  395 [size="375165351", alpha="0.16"]
  395 -> 414 [size ="33554432"]
  395 -> 419 [size ="33554432"]
  395 -> 475 [size ="33554432"]
  395 -> 481 [size ="33554432"]
  395 -> 484 [size ="33554432"]
  395 -> 521 [size ="33554432"]
  395 -> 532 [size ="33554432"]
  396 [size="25057085106", alpha="0.14"]
  396 -> 423 [size ="536870912"]
  396 -> 426 [size ="536870912"]
  396 -> 438 [size ="536870912"]
  396 -> 442 [size ="536870912"]
  396 -> 445 [size ="536870912"]
  396 -> 446 [size ="536870912"]
  396 -> 454 [size ="536870912"]
  396 -> 465 [size ="536870912"]
  396 -> 472 [size ="536870912"]
  396 -> 500 [size ="536870912"]
  396 -> 576 [size ="536870912"]
  397 [size="2451726246", alpha="0.17"]
  397 -> 423 [size ="134217728"]
  397 -> 460 [size ="134217728"]
  397 -> 464 [size ="134217728"]
  397 -> 492 [size ="134217728"]
  397 -> 533 [size ="134217728"]
  397 -> 537 [size ="134217728"]
  397 -> 549 [size ="134217728"]
  397 -> 556 [size ="134217728"]
  397 -> 566 [size ="134217728"]
  397 -> 567 [size ="134217728"]
  397 -> 577 [size ="134217728"]
  398 [size="27213626430", alpha="0.02"]
  398 -> 425 [size ="536870912"]
  398 -> 459 [size ="536870912"]
  398 -> 467 [size ="536870912"]
  398 -> 487 [size ="536870912"]
  398 -> 508 [size ="536870912"]
  398 -> 528 [size ="536870912"]
  398 -> 553 [size ="536870912"]
  399 [size="33418691138", alpha="0.17"]
  399 -> 414 [size ="33554432"]
  399 -> 417 [size ="33554432"]
  399 -> 454 [size ="33554432"]
  399 -> 515 [size ="33554432"]
  399 -> 524 [size ="33554432"]
  399 -> 528 [size ="33554432"]
  399 -> 547 [size ="33554432"]
  399 -> 577 [size ="33554432"]
  400 [size="368293445632", alpha="0.19"]
  400 -> 413 [size ="411041792"]
  400 -> 470 [size ="411041792"]
  400 -> 568 [size ="411041792"]
  401 [size="231928233984", alpha="0.12"]
  401 -> 426 [size ="301989888"]
  401 -> 439 [size ="301989888"]
  401 -> 440 [size ="301989888"]
  401 -> 448 [size ="301989888"]
  401 -> 498 [size ="301989888"]
  401 -> 501 [size ="301989888"]
  401 -> 514 [size ="301989888"]
  401 -> 523 [size ="301989888"]
  401 -> 537 [size ="301989888"]
  401 -> 569 [size ="301989888"]
  402 [size="368293445632", alpha="0.05"]
  402 -> 476 [size ="411041792"]
  402 -> 478 [size ="411041792"]
  402 -> 560 [size ="411041792"]
  402 -> 565 [size ="411041792"]
  402 -> 568 [size ="411041792"]
  403 [size="36533506877", alpha="0.02"]
  403 -> 413 [size ="679477248"]
  403 -> 431 [size ="679477248"]
  403 -> 441 [size ="679477248"]
  403 -> 445 [size ="679477248"]
  403 -> 456 [size ="679477248"]
  403 -> 457 [size ="679477248"]
  403 -> 459 [size ="679477248"]
  403 -> 462 [size ="679477248"]
  403 -> 471 [size ="679477248"]
  403 -> 506 [size ="679477248"]
  403 -> 516 [size ="679477248"]
  403 -> 559 [size ="679477248"]
  404 [size="1073741824000", alpha="0.05"]
  404 -> 492 [size ="838860800"]
  404 -> 495 [size ="838860800"]
  404 -> 496 [size ="838860800"]
  405 [size="1073741824000", alpha="0.17"]
  405 -> 434 [size ="838860800"]
  405 -> 440 [size ="838860800"]
  405 -> 492 [size ="838860800"]
  405 -> 515 [size ="838860800"]
  405 -> 558 [size ="838860800"]
  406 [size="27757305432", alpha="0.12"]
  406 -> 486 [size ="134217728"]
  406 -> 546 [size ="134217728"]
  406 -> 558 [size ="134217728"]
  406 -> 559 [size ="134217728"]
  406 -> 562 [size ="134217728"]
  407 [size="388781563134", alpha="0.01"]
  407 -> 437 [size ="301989888"]
  407 -> 524 [size ="301989888"]
  407 -> 564 [size ="301989888"]
  407 -> 568 [size ="301989888"]
  407 -> 570 [size ="301989888"]
  407 -> 577 [size ="301989888"]
  408 [size="61779292985", alpha="0.20"]
  408 -> 428 [size ="75497472"]
  408 -> 459 [size ="75497472"]
  408 -> 461 [size ="75497472"]
  408 -> 465 [size ="75497472"]
  408 -> 469 [size ="75497472"]
  408 -> 481 [size ="75497472"]
  408 -> 482 [size ="75497472"]
  408 -> 488 [size ="75497472"]
  408 -> 499 [size ="75497472"]
  409 [size="368293445632", alpha="0.10"]
  409 -> 445 [size ="411041792"]
  409 -> 452 [size ="411041792"]
  409 -> 454 [size ="411041792"]
  409 -> 484 [size ="411041792"]
  409 -> 486 [size ="411041792"]
  409 -> 524 [size ="411041792"]
  409 -> 525 [size ="411041792"]
  410 [size="8745054533", alpha="0.15"]
  410 -> 484 [size ="301989888"]
  410 -> 524 [size ="301989888"]
  410 -> 573 [size ="301989888"]
  411 [size="16377743120", alpha="0.09"]
  411 -> 444 [size ="536870912"]
  411 -> 461 [size ="536870912"]
  411 -> 474 [size ="536870912"]
  411 -> 475 [size ="536870912"]
  411 -> 481 [size ="536870912"]
  411 -> 545 [size ="536870912"]
  411 -> 547 [size ="536870912"]
  411 -> 560 [size ="536870912"]
  412 [size="16490663648", alpha="0.13"]
  412 -> 465 [size ="536870912"]
  412 -> 482 [size ="536870912"]
  412 -> 485 [size ="536870912"]
  412 -> 518 [size ="536870912"]
  412 -> 525 [size ="536870912"]
  412 -> 569 [size ="536870912"]
  412 -> 573 [size ="536870912"]
  413 [size="769093262974", alpha="0.03"]
  413 -> 546 [size ="679477248"]
  413 -> 553 [size ="679477248"]
  413 -> 557 [size ="679477248"]
  413 -> 565 [size ="679477248"]
  413 -> 607 [size ="679477248"]
  414 [size="404326919", alpha="0.05"]
  414 -> 540 [size ="33554432"]
  414 -> 547 [size ="33554432"]
  414 -> 586 [size ="33554432"]
  414 -> 601 [size ="33554432"]
  414 -> 603 [size ="33554432"]
  414 -> 607 [size ="33554432"]
  414 -> 618 [size ="33554432"]
  415 [size="25765998808", alpha="0.06"]
  415 -> 521 [size ="536870912"]
  415 -> 564 [size ="536870912"]
  415 -> 575 [size ="536870912"]
  415 -> 605 [size ="536870912"]
  415 -> 607 [size ="536870912"]
  416 [size="11782091241", alpha="0.19"]
  416 -> 522 [size ="838860800"]
  416 -> 535 [size ="838860800"]
  416 -> 543 [size ="838860800"]
  416 -> 570 [size ="838860800"]
  416 -> 574 [size ="838860800"]
  416 -> 626 [size ="838860800"]
  416 -> 628 [size ="838860800"]
  416 -> 629 [size ="838860800"]
  417 [size="68854506008", alpha="0.07"]
  417 -> 546 [size ="301989888"]
  417 -> 562 [size ="301989888"]
  417 -> 607 [size ="301989888"]
  418 [size="8589934592", alpha="0.04"]
  418 -> 540 [size ="33554432"]
  418 -> 549 [size ="33554432"]
  418 -> 589 [size ="33554432"]
  418 -> 596 [size ="33554432"]
  418 -> 611 [size ="33554432"]
  419 [size="14798697996", alpha="0.12"]
  419 -> 526 [size ="33554432"]
  419 -> 551 [size ="33554432"]
  419 -> 559 [size ="33554432"]
  419 -> 573 [size ="33554432"]
  419 -> 587 [size ="33554432"]
  420 [size="8589934592", alpha="0.12"]
  420 -> 555 [size ="33554432"]
  420 -> 564 [size ="33554432"]
  421 [size="8589934592", alpha="0.00"]
  421 -> 549 [size ="33554432"]
  421 -> 578 [size ="33554432"]
  422 [size="702509477032", alpha="0.19"]
  422 -> 535 [size ="679477248"]
  422 -> 544 [size ="679477248"]
  422 -> 547 [size ="679477248"]
  422 -> 560 [size ="679477248"]
  422 -> 562 [size ="679477248"]
  422 -> 568 [size ="679477248"]
  422 -> 593 [size ="679477248"]
  422 -> 612 [size ="679477248"]
  423 [size="12139418420", alpha="0.05"]
  423 -> 567 [size ="209715200"]
  423 -> 575 [size ="209715200"]
  423 -> 577 [size ="209715200"]
  423 -> 594 [size ="209715200"]
  423 -> 623 [size ="209715200"]
  424 [size="134217728000", alpha="0.08"]
  424 -> 549 [size ="209715200"]
  424 -> 629 [size ="209715200"]
  424 -> 630 [size ="209715200"]
  425 [size="1118000739", alpha="0.16"]
  425 -> 532 [size ="75497472"]
  425 -> 562 [size ="75497472"]
  425 -> 565 [size ="75497472"]
  425 -> 567 [size ="75497472"]
  426 [size="12321884730", alpha="0.16"]
  426 -> 538 [size ="209715200"]
  426 -> 547 [size ="209715200"]
  426 -> 549 [size ="209715200"]
  426 -> 602 [size ="209715200"]
  427 [size="231928233984", alpha="0.07"]
  427 -> 563 [size ="301989888"]
  427 -> 572 [size ="301989888"]
  428 [size="5619437328", alpha="0.16"]
  428 -> 529 [size ="209715200"]
  428 -> 572 [size ="209715200"]
  428 -> 573 [size ="209715200"]
  428 -> 577 [size ="209715200"]
  428 -> 605 [size ="209715200"]
  428 -> 626 [size ="209715200"]
  428 -> 629 [size ="209715200"]
  429 [size="634371311313", alpha="0.11"]
  429 -> 545 [size ="838860800"]
  429 -> 554 [size ="838860800"]
  429 -> 569 [size ="838860800"]
  429 -> 605 [size ="838860800"]
  430 [size="6054498990", alpha="0.08"]
  430 -> 547 [size ="134217728"]
  430 -> 549 [size ="134217728"]
  430 -> 555 [size ="134217728"]
  430 -> 576 [size ="134217728"]
  431 [size="134217728000", alpha="0.08"]
  431 -> 552 [size ="209715200"]
  431 -> 584 [size ="209715200"]
  431 -> 597 [size ="209715200"]
  431 -> 629 [size ="209715200"]
  432 [size="217261567349", alpha="0.08"]
  432 -> 542 [size ="301989888"]
  432 -> 546 [size ="301989888"]
  432 -> 548 [size ="301989888"]
  432 -> 603 [size ="301989888"]
  432 -> 626 [size ="301989888"]
  432 -> 628 [size ="301989888"]
  433 [size="99140593921", alpha="0.10"]
  433 -> 525 [size ="301989888"]
  433 -> 535 [size ="301989888"]
  433 -> 566 [size ="301989888"]
  433 -> 613 [size ="301989888"]
  434 [size="511347126210", alpha="0.12"]
  434 -> 550 [size ="679477248"]
  434 -> 562 [size ="679477248"]
  434 -> 569 [size ="679477248"]
  434 -> 572 [size ="679477248"]
  434 -> 589 [size ="679477248"]
  434 -> 601 [size ="679477248"]
  434 -> 616 [size ="679477248"]
  434 -> 629 [size ="679477248"]
  435 [size="782757789696", alpha="0.00"]
  435 -> 524 [size ="679477248"]
  435 -> 558 [size ="679477248"]
  435 -> 573 [size ="679477248"]
  435 -> 576 [size ="679477248"]
  435 -> 590 [size ="679477248"]
  435 -> 612 [size ="679477248"]
  436 [size="10480800303", alpha="0.02"]
  436 -> 551 [size ="209715200"]
  437 [size="25368691548", alpha="0.11"]
  437 -> 527 [size ="536870912"]
  437 -> 546 [size ="536870912"]
  437 -> 564 [size ="536870912"]
  437 -> 577 [size ="536870912"]
  438 [size="14855719278", alpha="0.10"]
  438 -> 538 [size ="301989888"]
  438 -> 548 [size ="301989888"]
  438 -> 574 [size ="301989888"]
  438 -> 575 [size ="301989888"]
  438 -> 603 [size ="301989888"]
  438 -> 612 [size ="301989888"]
  439 [size="25854267869", alpha="0.11"]
  439 -> 524 [size ="75497472"]
  439 -> 528 [size ="75497472"]
  439 -> 568 [size ="75497472"]
  439 -> 579 [size ="75497472"]
  439 -> 598 [size ="75497472"]
  439 -> 626 [size ="75497472"]
  440 [size="393836354", alpha="0.03"]
  440 -> 576 [size ="33554432"]
  441 [size="382373111278", alpha="0.02"]
  441 -> 534 [size ="301989888"]
  441 -> 566 [size ="301989888"]
  441 -> 568 [size ="301989888"]
  441 -> 574 [size ="301989888"]
  442 [size="32214959722", alpha="0.00"]
  442 -> 598 [size ="679477248"]
  442 -> 613 [size ="679477248"]
  442 -> 614 [size ="679477248"]
  442 -> 617 [size ="679477248"]
  443 [size="782757789696", alpha="0.16"]
  443 -> 576 [size ="679477248"]
  444 [size="1073741824000", alpha="0.19"]
  444 -> 568 [size ="838860800"]
  444 -> 631 [size ="838860800"]
  445 [size="6159888447", alpha="0.11"]
  445 -> 540 [size ="411041792"]
  445 -> 546 [size ="411041792"]
  445 -> 559 [size ="411041792"]
  445 -> 577 [size ="411041792"]
  445 -> 605 [size ="411041792"]
  445 -> 615 [size ="411041792"]
  446 [size="122837681424", alpha="0.03"]
  446 -> 544 [size ="134217728"]
  446 -> 546 [size ="134217728"]
  446 -> 564 [size ="134217728"]
  446 -> 575 [size ="134217728"]
  446 -> 595 [size ="134217728"]
  446 -> 627 [size ="134217728"]
  447 [size="8589934592", alpha="0.16"]
  447 -> 564 [size ="33554432"]
  447 -> 568 [size ="33554432"]
  447 -> 572 [size ="33554432"]
  448 [size="38285438006", alpha="0.12"]
  448 -> 558 [size ="679477248"]
  448 -> 560 [size ="679477248"]
  448 -> 584 [size ="679477248"]
  448 -> 626 [size ="679477248"]
  449 [size="31463016906", alpha="0.16"]
  449 -> 542 [size ="838860800"]
  449 -> 564 [size ="838860800"]
  449 -> 575 [size ="838860800"]
  449 -> 590 [size ="838860800"]
  449 -> 610 [size ="838860800"]
  449 -> 621 [size ="838860800"]
  449 -> 624 [size ="838860800"]
  450 [size="3059132649", alpha="0.16"]
  450 -> 538 [size ="75497472"]
  450 -> 542 [size ="75497472"]
  450 -> 568 [size ="75497472"]
  450 -> 577 [size ="75497472"]
  451 [size="25897257017", alpha="0.20"]
  451 -> 522 [size ="679477248"]
  451 -> 529 [size ="679477248"]
  451 -> 536 [size ="679477248"]
  451 -> 560 [size ="679477248"]
  451 -> 562 [size ="679477248"]
  451 -> 569 [size ="679477248"]
  451 -> 576 [size ="679477248"]
  451 -> 577 [size ="679477248"]
  451 -> 578 [size ="679477248"]
  451 -> 580 [size ="679477248"]
  452 [size="237057294760", alpha="0.15"]
  452 -> 548 [size ="536870912"]
  452 -> 562 [size ="536870912"]
  452 -> 629 [size ="536870912"]
  453 [size="8243863398", alpha="0.12"]
  453 -> 522 [size ="134217728"]
  453 -> 537 [size ="134217728"]
  453 -> 570 [size ="134217728"]
  453 -> 630 [size ="134217728"]
  454 [size="368293445632", alpha="0.16"]
  454 -> 624 [size ="411041792"]
  455 [size="501380060740", alpha="0.01"]
  455 -> 522 [size ="536870912"]
  455 -> 525 [size ="536870912"]
  455 -> 581 [size ="536870912"]
  455 -> 594 [size ="536870912"]
  456 [size="645235074973", alpha="0.15"]
  456 -> 551 [size ="679477248"]
  456 -> 563 [size ="679477248"]
  456 -> 564 [size ="679477248"]
  456 -> 571 [size ="679477248"]
  456 -> 573 [size ="679477248"]
  456 -> 622 [size ="679477248"]
  457 [size="11627143668", alpha="0.14"]
  457 -> 557 [size ="33554432"]
  457 -> 568 [size ="33554432"]
  458 [size="399666044140", alpha="0.16"]
  458 -> 521 [size ="301989888"]
  458 -> 616 [size ="301989888"]
  459 [size="18719455376", alpha="0.15"]
  459 -> 535 [size ="33554432"]
  459 -> 537 [size ="33554432"]
  459 -> 551 [size ="33554432"]
  459 -> 567 [size ="33554432"]
  459 -> 590 [size ="33554432"]
  460 [size="44016777002", alpha="0.18"]
  460 -> 526 [size ="33554432"]
  460 -> 531 [size ="33554432"]
  460 -> 537 [size ="33554432"]
  460 -> 555 [size ="33554432"]
  460 -> 571 [size ="33554432"]
  460 -> 602 [size ="33554432"]
  460 -> 616 [size ="33554432"]
  461 [size="254253128755", alpha="0.07"]
  461 -> 566 [size ="411041792"]
  461 -> 586 [size ="411041792"]
  461 -> 614 [size ="411041792"]
  462 [size="1073741824000", alpha="0.01"]
  462 -> 525 [size ="838860800"]
  462 -> 592 [size ="838860800"]
  463 [size="733955541696", alpha="0.16"]
  463 -> 541 [size ="536870912"]
  463 -> 576 [size ="536870912"]
  463 -> 627 [size ="536870912"]
  464 [size="231928233984", alpha="0.17"]
  464 -> 523 [size ="301989888"]
  464 -> 525 [size ="301989888"]
  464 -> 529 [size ="301989888"]
  464 -> 541 [size ="301989888"]
  464 -> 618 [size ="301989888"]
  465 [size="50601082225", alpha="0.13"]
  465 -> 569 [size ="838860800"]
  465 -> 597 [size ="838860800"]
  465 -> 614 [size ="838860800"]
  466 [size="15423364628", alpha="0.11"]
  466 -> 538 [size ="411041792"]
  466 -> 547 [size ="411041792"]
  466 -> 597 [size ="411041792"]
  466 -> 623 [size ="411041792"]
  466 -> 627 [size ="411041792"]
  467 [size="25900176512", alpha="0.16"]
  467 -> 542 [size ="75497472"]
  467 -> 559 [size ="75497472"]
  467 -> 629 [size ="75497472"]
  467 -> 631 [size ="75497472"]
  468 [size="134217728000", alpha="0.01"]
  468 -> 529 [size ="209715200"]
  468 -> 542 [size ="209715200"]
  468 -> 552 [size ="209715200"]
  468 -> 571 [size ="209715200"]
  468 -> 591 [size ="209715200"]
  468 -> 600 [size ="209715200"]
  468 -> 604 [size ="209715200"]
  469 [size="28991029248", alpha="0.15"]
  469 -> 522 [size ="75497472"]
  469 -> 523 [size ="75497472"]
  469 -> 534 [size ="75497472"]
  469 -> 535 [size ="75497472"]
  469 -> 540 [size ="75497472"]
  469 -> 543 [size ="75497472"]
  469 -> 569 [size ="75497472"]
  469 -> 589 [size ="75497472"]
  469 -> 602 [size ="75497472"]
  470 [size="36039746845", alpha="0.01"]
  470 -> 538 [size ="33554432"]
  470 -> 546 [size ="33554432"]
  470 -> 562 [size ="33554432"]
  470 -> 614 [size ="33554432"]
  471 [size="12995813296", alpha="0.08"]
  471 -> 529 [size ="536870912"]
  471 -> 542 [size ="536870912"]
  471 -> 549 [size ="536870912"]
  471 -> 555 [size ="536870912"]
  471 -> 562 [size ="536870912"]
  471 -> 567 [size ="536870912"]
  471 -> 574 [size ="536870912"]
  471 -> 577 [size ="536870912"]
  472 [size="8589934592", alpha="0.15"]
  472 -> 555 [size ="33554432"]
  472 -> 615 [size ="33554432"]
  472 -> 624 [size ="33554432"]
  473 [size="2784160105", alpha="0.04"]
  473 -> 530 [size ="301989888"]
  473 -> 545 [size ="301989888"]
  474 [size="18483684877", alpha="0.08"]
  474 -> 569 [size ="411041792"]
  475 [size="24742832678", alpha="0.01"]
  475 -> 526 [size ="33554432"]
  475 -> 603 [size ="33554432"]
  475 -> 630 [size ="33554432"]
  476 [size="5825404229", alpha="0.05"]
  476 -> 529 [size ="209715200"]
  476 -> 535 [size ="209715200"]
  476 -> 547 [size ="209715200"]
  476 -> 563 [size ="209715200"]
  476 -> 569 [size ="209715200"]
  476 -> 602 [size ="209715200"]
  476 -> 621 [size ="209715200"]
  476 -> 629 [size ="209715200"]
  477 [size="782757789696", alpha="0.01"]
  478 [size="1380557433232", alpha="0.07"]
  478 -> 540 [size ="838860800"]
  478 -> 570 [size ="838860800"]
  478 -> 605 [size ="838860800"]
  479 [size="370827589838", alpha="0.03"]
  479 -> 521 [size ="411041792"]
  479 -> 522 [size ="411041792"]
  479 -> 523 [size ="411041792"]
  479 -> 537 [size ="411041792"]
  479 -> 538 [size ="411041792"]
  479 -> 545 [size ="411041792"]
  479 -> 548 [size ="411041792"]
  479 -> 569 [size ="411041792"]
  479 -> 594 [size ="411041792"]
  480 [size="320155224643", alpha="0.10"]
  480 -> 564 [size ="209715200"]
  480 -> 565 [size ="209715200"]
  480 -> 584 [size ="209715200"]
  480 -> 605 [size ="209715200"]
  480 -> 609 [size ="209715200"]
  480 -> 618 [size ="209715200"]
  480 -> 622 [size ="209715200"]
  481 [size="213756096476", alpha="0.17"]
  481 -> 522 [size ="536870912"]
  481 -> 546 [size ="536870912"]
  481 -> 550 [size ="536870912"]
  481 -> 558 [size ="536870912"]
  481 -> 586 [size ="536870912"]
  481 -> 604 [size ="536870912"]
  482 [size="25538847139", alpha="0.14"]
  482 -> 549 [size ="679477248"]
  482 -> 564 [size ="679477248"]
  482 -> 573 [size ="679477248"]
  482 -> 577 [size ="679477248"]
  482 -> 605 [size ="679477248"]
  482 -> 626 [size ="679477248"]
  483 [size="5817942978", alpha="0.02"]
  483 -> 521 [size ="134217728"]
  483 -> 549 [size ="134217728"]
  483 -> 557 [size ="134217728"]
  483 -> 565 [size ="134217728"]
  483 -> 573 [size ="134217728"]
  484 [size="43151841161", alpha="0.05"]
  484 -> 524 [size ="33554432"]
  484 -> 525 [size ="33554432"]
  484 -> 573 [size ="33554432"]
  485 [size="486109663052", alpha="0.17"]
  485 -> 535 [size ="536870912"]
  485 -> 549 [size ="536870912"]
  485 -> 567 [size ="536870912"]
  485 -> 576 [size ="536870912"]
  485 -> 577 [size ="536870912"]
  486 [size="19256748438", alpha="0.07"]
  486 -> 529 [size ="679477248"]
  486 -> 531 [size ="679477248"]
  486 -> 550 [size ="679477248"]
  487 [size="69822530247", alpha="0.19"]
  487 -> 539 [size ="75497472"]
  487 -> 549 [size ="75497472"]
  487 -> 568 [size ="75497472"]
  487 -> 569 [size ="75497472"]
  487 -> 586 [size ="75497472"]
  488 [size="146812429608", alpha="0.00"]
  488 -> 576 [size ="411041792"]
  488 -> 602 [size ="411041792"]
  488 -> 625 [size ="411041792"]
  489 [size="368293445632", alpha="0.04"]
  489 -> 537 [size ="411041792"]
  489 -> 564 [size ="411041792"]
  489 -> 617 [size ="411041792"]
  490 [size="1073741824000", alpha="0.19"]
  490 -> 526 [size ="838860800"]
  490 -> 575 [size ="838860800"]
  491 [size="126392438532", alpha="0.18"]
  491 -> 528 [size ="134217728"]
  491 -> 542 [size ="134217728"]
  491 -> 557 [size ="134217728"]
  491 -> 565 [size ="134217728"]
  491 -> 619 [size ="134217728"]
  491 -> 628 [size ="134217728"]
  492 [size="782757789696", alpha="0.05"]
  492 -> 529 [size ="679477248"]
  492 -> 540 [size ="679477248"]
  492 -> 565 [size ="679477248"]
  492 -> 596 [size ="679477248"]
  493 [size="2726777929", alpha="0.10"]
  493 -> 524 [size ="75497472"]
  493 -> 531 [size ="75497472"]
  493 -> 540 [size ="75497472"]
  493 -> 547 [size ="75497472"]
  493 -> 620 [size ="75497472"]
  494 [size="23954015729", alpha="0.19"]
  494 -> 546 [size ="679477248"]
  494 -> 551 [size ="679477248"]
  494 -> 566 [size ="679477248"]
  494 -> 609 [size ="679477248"]
  495 [size="68719476736", alpha="0.16"]
  495 -> 522 [size ="134217728"]
  495 -> 529 [size ="134217728"]
  495 -> 560 [size ="134217728"]
  495 -> 616 [size ="134217728"]
  495 -> 624 [size ="134217728"]
  496 [size="37439037735", alpha="0.09"]
  496 -> 557 [size ="75497472"]
  496 -> 560 [size ="75497472"]
  496 -> 562 [size ="75497472"]
  496 -> 596 [size ="75497472"]
  497 [size="226261232484", alpha="0.15"]
  497 -> 529 [size ="301989888"]
  497 -> 540 [size ="301989888"]
  497 -> 550 [size ="301989888"]
  497 -> 565 [size ="301989888"]
  498 [size="899879968192", alpha="0.14"]
  498 -> 521 [size ="679477248"]
  498 -> 527 [size ="679477248"]
  498 -> 549 [size ="679477248"]
  498 -> 598 [size ="679477248"]
  498 -> 601 [size ="679477248"]
  498 -> 613 [size ="679477248"]
  498 -> 631 [size ="679477248"]
  499 [size="134407635344", alpha="0.11"]
  499 -> 529 [size ="209715200"]
  499 -> 589 [size ="209715200"]
  499 -> 605 [size ="209715200"]
  500 [size="6648533662", alpha="0.04"]
  500 -> 521 [size ="134217728"]
  500 -> 525 [size ="134217728"]
  500 -> 543 [size ="134217728"]
  500 -> 552 [size ="134217728"]
  500 -> 555 [size ="134217728"]
  500 -> 565 [size ="134217728"]
  500 -> 573 [size ="134217728"]
  500 -> 614 [size ="134217728"]
  501 [size="68416591619", alpha="0.07"]
  501 -> 521 [size ="75497472"]
  501 -> 540 [size ="75497472"]
  501 -> 543 [size ="75497472"]
  501 -> 548 [size ="75497472"]
  501 -> 559 [size ="75497472"]
  501 -> 562 [size ="75497472"]
  501 -> 569 [size ="75497472"]
  501 -> 573 [size ="75497472"]
  501 -> 618 [size ="75497472"]
  502 [size="1073741824000", alpha="0.19"]
  502 -> 533 [size ="838860800"]
  502 -> 563 [size ="838860800"]
  502 -> 568 [size ="838860800"]
  503 [size="549755813888", alpha="0.01"]
  503 -> 524 [size ="536870912"]
  503 -> 564 [size ="536870912"]
  503 -> 565 [size ="536870912"]
  503 -> 613 [size ="536870912"]
  504 [size="487165598561", alpha="0.01"]
  504 -> 546 [size ="411041792"]
  504 -> 559 [size ="411041792"]
  504 -> 560 [size ="411041792"]
  504 -> 569 [size ="411041792"]
  504 -> 622 [size ="411041792"]
  505 [size="134217728000", alpha="0.14"]
  505 -> 559 [size ="209715200"]
  505 -> 627 [size ="209715200"]
  506 [size="1258411494", alpha="0.03"]
  506 -> 546 [size ="134217728"]
  506 -> 593 [size ="134217728"]
  506 -> 608 [size ="134217728"]
  506 -> 618 [size ="134217728"]
  506 -> 631 [size ="134217728"]
  507 [size="150450562164", alpha="0.13"]
  507 -> 522 [size ="301989888"]
  507 -> 533 [size ="301989888"]
  507 -> 542 [size ="301989888"]
  508 [size="1073741824000", alpha="0.15"]
  508 -> 549 [size ="838860800"]
  508 -> 560 [size ="838860800"]
  508 -> 577 [size ="838860800"]
  509 [size="194927669940", alpha="0.01"]
  509 -> 537 [size ="134217728"]
  509 -> 584 [size ="134217728"]
  509 -> 587 [size ="134217728"]
  509 -> 598 [size ="134217728"]
  510 [size="368293445632", alpha="0.11"]
  510 -> 524 [size ="411041792"]
  510 -> 549 [size ="411041792"]
  510 -> 584 [size ="411041792"]
  511 [size="28991029248", alpha="0.17"]
  511 -> 568 [size ="75497472"]
  511 -> 605 [size ="75497472"]
  512 [size="752994698", alpha="0.04"]
  512 -> 521 [size ="33554432"]
  512 -> 541 [size ="33554432"]
  512 -> 601 [size ="33554432"]
  512 -> 607 [size ="33554432"]
  513 [size="549755813888", alpha="0.03"]
  513 -> 528 [size ="536870912"]
  513 -> 529 [size ="536870912"]
  513 -> 593 [size ="536870912"]
  513 -> 615 [size ="536870912"]
  513 -> 623 [size ="536870912"]
  514 [size="5034692384", alpha="0.18"]
  514 -> 525 [size ="134217728"]
  514 -> 556 [size ="134217728"]
  514 -> 576 [size ="134217728"]
  514 -> 597 [size ="134217728"]
  514 -> 622 [size ="134217728"]
  515 [size="1549549216", alpha="0.04"]
  515 -> 535 [size ="33554432"]
  515 -> 560 [size ="33554432"]
  515 -> 563 [size ="33554432"]
  515 -> 581 [size ="33554432"]
  515 -> 597 [size ="33554432"]
  515 -> 628 [size ="33554432"]
  516 [size="25287130152", alpha="0.18"]
  516 -> 569 [size ="536870912"]
  516 -> 626 [size ="536870912"]
  517 [size="231928233984", alpha="0.00"]
  517 -> 541 [size ="301989888"]
  517 -> 563 [size ="301989888"]
  517 -> 573 [size ="301989888"]
  517 -> 631 [size ="301989888"]
  518 [size="1073741824000", alpha="0.11"]
  518 -> 529 [size ="838860800"]
  518 -> 621 [size ="838860800"]
  519 [size="7797079179", alpha="0.09"]
  519 -> 529 [size ="134217728"]
  519 -> 567 [size ="134217728"]
  519 -> 603 [size ="134217728"]
  519 -> 615 [size ="134217728"]
  519 -> 618 [size ="134217728"]
  520 [size="1371999667085", alpha="0.18"]
  520 -> 535 [size ="838860800"]
  520 -> 562 [size ="838860800"]
  520 -> 630 [size ="838860800"]
  521 [size="9288014897", alpha="0.18"]
  521 -> 596 [size ="411041792"]
  521 -> 607 [size ="411041792"]
  521 -> 641 [size ="411041792"]
  521 -> 668 [size ="411041792"]
  521 -> 692 [size ="411041792"]
  521 -> 694 [size ="411041792"]
  522 [size="231928233984", alpha="0.15"]
  522 -> 593 [size ="301989888"]
  522 -> 624 [size ="301989888"]
  522 -> 626 [size ="301989888"]
  522 -> 673 [size ="301989888"]
  522 -> 692 [size ="301989888"]
  522 -> 693 [size ="301989888"]
  522 -> 695 [size ="301989888"]
  522 -> 697 [size ="301989888"]
  523 [size="8556380848", alpha="0.20"]
  523 -> 593 [size ="411041792"]
  523 -> 598 [size ="411041792"]
  523 -> 604 [size ="411041792"]
  523 -> 682 [size ="411041792"]
  524 [size="7733732080", alpha="0.02"]
  524 -> 593 [size ="536870912"]
  524 -> 613 [size ="536870912"]
  524 -> 625 [size ="536870912"]
  524 -> 630 [size ="536870912"]
  524 -> 642 [size ="536870912"]
  524 -> 648 [size ="536870912"]
  524 -> 653 [size ="536870912"]
  524 -> 670 [size ="536870912"]
  524 -> 671 [size ="536870912"]
  524 -> 680 [size ="536870912"]
  524 -> 681 [size ="536870912"]
  524 -> 685 [size ="536870912"]
  524 -> 686 [size ="536870912"]
  525 [size="110800990388", alpha="0.07"]
  525 -> 606 [size ="75497472"]
  525 -> 618 [size ="75497472"]
  525 -> 633 [size ="75497472"]
  525 -> 637 [size ="75497472"]
  525 -> 662 [size ="75497472"]
  525 -> 677 [size ="75497472"]
  525 -> 680 [size ="75497472"]
  525 -> 700 [size ="75497472"]
  526 [size="18683396804", alpha="0.12"]
  526 -> 590 [size ="301989888"]
  526 -> 598 [size ="301989888"]
  526 -> 603 [size ="301989888"]
  526 -> 607 [size ="301989888"]
  526 -> 611 [size ="301989888"]
  526 -> 614 [size ="301989888"]
  526 -> 623 [size ="301989888"]
  526 -> 626 [size ="301989888"]
  526 -> 638 [size ="301989888"]
  526 -> 669 [size ="301989888"]
  526 -> 677 [size ="301989888"]
  526 -> 697 [size ="301989888"]
  527 [size="809619392504", alpha="0.03"]
  527 -> 589 [size ="536870912"]
  527 -> 612 [size ="536870912"]
  527 -> 622 [size ="536870912"]
  527 -> 681 [size ="536870912"]
  527 -> 691 [size ="536870912"]
  527 -> 698 [size ="536870912"]
  528 [size="11375908023", alpha="0.02"]
  528 -> 598 [size ="411041792"]
  528 -> 608 [size ="411041792"]
  528 -> 612 [size ="411041792"]
  528 -> 644 [size ="411041792"]
  528 -> 677 [size ="411041792"]
  528 -> 680 [size ="411041792"]
  529 [size="13177096342", alpha="0.14"]
  529 -> 580 [size ="33554432"]
  529 -> 582 [size ="33554432"]
  529 -> 650 [size ="33554432"]
  529 -> 690 [size ="33554432"]
  530 [size="26685617716", alpha="0.09"]
  530 -> 603 [size ="679477248"]
  530 -> 614 [size ="679477248"]
  530 -> 644 [size ="679477248"]
  530 -> 646 [size ="679477248"]
  530 -> 658 [size ="679477248"]
  530 -> 659 [size ="679477248"]
  530 -> 665 [size ="679477248"]
  530 -> 681 [size ="679477248"]
  530 -> 694 [size ="679477248"]
  531 [size="230359208326", alpha="0.04"]
  531 -> 590 [size ="209715200"]
  531 -> 598 [size ="209715200"]
  531 -> 626 [size ="209715200"]
  531 -> 630 [size ="209715200"]
  531 -> 652 [size ="209715200"]
  531 -> 659 [size ="209715200"]
  531 -> 683 [size ="209715200"]
  531 -> 699 [size ="209715200"]
  532 [size="68719476736", alpha="0.06"]
  532 -> 590 [size ="134217728"]
  532 -> 597 [size ="134217728"]
  532 -> 607 [size ="134217728"]
  532 -> 624 [size ="134217728"]
  532 -> 629 [size ="134217728"]
  532 -> 666 [size ="134217728"]
  532 -> 691 [size ="134217728"]
  533 [size="54014238828", alpha="0.08"]
  533 -> 583 [size ="75497472"]
  533 -> 602 [size ="75497472"]
  533 -> 603 [size ="75497472"]
  533 -> 622 [size ="75497472"]
  533 -> 624 [size ="75497472"]
  534 [size="271322913167", alpha="0.12"]
  534 -> 610 [size ="209715200"]
  534 -> 632 [size ="209715200"]
  534 -> 660 [size ="209715200"]
  534 -> 693 [size ="209715200"]
  534 -> 698 [size ="209715200"]
  535 [size="8589934592", alpha="0.15"]
  535 -> 644 [size ="33554432"]
  535 -> 689 [size ="33554432"]
  535 -> 700 [size ="33554432"]
  536 [size="19563696791", alpha="0.07"]
  536 -> 596 [size ="411041792"]
  536 -> 604 [size ="411041792"]
  536 -> 616 [size ="411041792"]
  536 -> 621 [size ="411041792"]
  536 -> 627 [size ="411041792"]
  536 -> 636 [size ="411041792"]
  536 -> 660 [size ="411041792"]
  537 [size="3058157212", alpha="0.19"]
  537 -> 602 [size ="134217728"]
  537 -> 665 [size ="134217728"]
  537 -> 683 [size ="134217728"]
  538 [size="1347393800038", alpha="0.06"]
  538 -> 593 [size ="838860800"]
  538 -> 612 [size ="838860800"]
  538 -> 632 [size ="838860800"]
  538 -> 681 [size ="838860800"]
  539 [size="43516127930", alpha="0.16"]
  539 -> 602 [size ="33554432"]
  539 -> 612 [size ="33554432"]
  539 -> 629 [size ="33554432"]
  539 -> 640 [size ="33554432"]
  539 -> 647 [size ="33554432"]
  539 -> 648 [size ="33554432"]
  539 -> 678 [size ="33554432"]
  539 -> 690 [size ="33554432"]
  539 -> 693 [size ="33554432"]
  539 -> 694 [size ="33554432"]
  540 [size="167743641988", alpha="0.18"]
  540 -> 586 [size ="536870912"]
  540 -> 612 [size ="536870912"]
  540 -> 625 [size ="536870912"]
  540 -> 661 [size ="536870912"]
  540 -> 666 [size ="536870912"]
  540 -> 668 [size ="536870912"]
  541 [size="368293445632", alpha="0.10"]
  541 -> 584 [size ="411041792"]
  541 -> 604 [size ="411041792"]
  541 -> 631 [size ="411041792"]
  541 -> 679 [size ="411041792"]
  541 -> 683 [size ="411041792"]
  542 [size="42503568500", alpha="0.04"]
  542 -> 616 [size ="838860800"]
  542 -> 617 [size ="838860800"]
  542 -> 633 [size ="838860800"]
  542 -> 656 [size ="838860800"]
  542 -> 665 [size ="838860800"]
  543 [size="16501440162", alpha="0.08"]
  543 -> 581 [size ="838860800"]
  543 -> 618 [size ="838860800"]
  543 -> 640 [size ="838860800"]
  543 -> 670 [size ="838860800"]
  543 -> 690 [size ="838860800"]
  543 -> 697 [size ="838860800"]
  544 [size="276013934667", alpha="0.15"]
  544 -> 581 [size ="679477248"]
  544 -> 585 [size ="679477248"]
  544 -> 637 [size ="679477248"]
  544 -> 663 [size ="679477248"]
  544 -> 679 [size ="679477248"]
  544 -> 685 [size ="679477248"]
  545 [size="782757789696", alpha="0.16"]
  545 -> 590 [size ="679477248"]
  545 -> 617 [size ="679477248"]
  545 -> 644 [size ="679477248"]
  546 [size="782757789696", alpha="0.06"]
  546 -> 597 [size ="679477248"]
  546 -> 613 [size ="679477248"]
  546 -> 622 [size ="679477248"]
  546 -> 631 [size ="679477248"]
  546 -> 641 [size ="679477248"]
  546 -> 655 [size ="679477248"]
  546 -> 682 [size ="679477248"]
  546 -> 693 [size ="679477248"]
  547 [size="68894463564", alpha="0.03"]
  547 -> 604 [size ="134217728"]
  547 -> 639 [size ="134217728"]
  547 -> 640 [size ="134217728"]
  547 -> 641 [size ="134217728"]
  547 -> 642 [size ="134217728"]
  547 -> 695 [size ="134217728"]
  547 -> 697 [size ="134217728"]
  548 [size="9462388169", alpha="0.09"]
  548 -> 595 [size ="838860800"]
  548 -> 627 [size ="838860800"]
  548 -> 639 [size ="838860800"]
  548 -> 656 [size ="838860800"]
  548 -> 671 [size ="838860800"]
  548 -> 673 [size ="838860800"]
  548 -> 698 [size ="838860800"]
  549 [size="72434610390", alpha="0.15"]
  549 -> 630 [size ="209715200"]
  549 -> 635 [size ="209715200"]
  549 -> 654 [size ="209715200"]
  549 -> 656 [size ="209715200"]
  549 -> 680 [size ="209715200"]
  550 [size="8589934592", alpha="0.12"]
  550 -> 585 [size ="33554432"]
  550 -> 586 [size ="33554432"]
  550 -> 693 [size ="33554432"]
  551 [size="877262968", alpha="0.13"]
  551 -> 590 [size ="33554432"]
  551 -> 606 [size ="33554432"]
  551 -> 612 [size ="33554432"]
  551 -> 660 [size ="33554432"]
  551 -> 667 [size ="33554432"]
  551 -> 678 [size ="33554432"]
  551 -> 682 [size ="33554432"]
  551 -> 700 [size ="33554432"]
  552 [size="306356481232", alpha="0.10"]
  552 -> 585 [size ="301989888"]
  552 -> 587 [size ="301989888"]
  552 -> 636 [size ="301989888"]
  552 -> 647 [size ="301989888"]
  552 -> 660 [size ="301989888"]
  552 -> 666 [size ="301989888"]
  553 [size="8589934592", alpha="0.10"]
  553 -> 588 [size ="33554432"]
  553 -> 602 [size ="33554432"]
  553 -> 604 [size ="33554432"]
  553 -> 623 [size ="33554432"]
  553 -> 669 [size ="33554432"]
  553 -> 683 [size ="33554432"]
  554 [size="18131494494", alpha="0.15"]
  554 -> 610 [size ="301989888"]
  554 -> 614 [size ="301989888"]
  554 -> 627 [size ="301989888"]
  554 -> 631 [size ="301989888"]
  554 -> 636 [size ="301989888"]
  554 -> 641 [size ="301989888"]
  554 -> 646 [size ="301989888"]
  554 -> 663 [size ="301989888"]
  554 -> 673 [size ="301989888"]
  554 -> 679 [size ="301989888"]
  554 -> 681 [size ="301989888"]
  554 -> 693 [size ="301989888"]
  555 [size="42584642794", alpha="0.01"]
  555 -> 618 [size ="75497472"]
  555 -> 661 [size ="75497472"]
  555 -> 683 [size ="75497472"]
  555 -> 686 [size ="75497472"]
  555 -> 693 [size ="75497472"]
  556 [size="368293445632", alpha="0.20"]
  556 -> 590 [size ="411041792"]
  556 -> 615 [size ="411041792"]
  556 -> 639 [size ="411041792"]
  556 -> 650 [size ="411041792"]
  556 -> 652 [size ="411041792"]
  556 -> 667 [size ="411041792"]
  556 -> 676 [size ="411041792"]
  556 -> 677 [size ="411041792"]
  556 -> 678 [size ="411041792"]
  557 [size="18918913038", alpha="0.05"]
  557 -> 607 [size ="33554432"]
  557 -> 613 [size ="33554432"]
  557 -> 628 [size ="33554432"]
  557 -> 630 [size ="33554432"]
  557 -> 649 [size ="33554432"]
  557 -> 677 [size ="33554432"]
  558 [size="8589934592", alpha="0.15"]
  558 -> 586 [size ="33554432"]
  558 -> 597 [size ="33554432"]
  558 -> 598 [size ="33554432"]
  558 -> 637 [size ="33554432"]
  558 -> 667 [size ="33554432"]
  558 -> 695 [size ="33554432"]
  559 [size="123459613110", alpha="0.18"]
  559 -> 578 [size ="209715200"]
  559 -> 613 [size ="209715200"]
  559 -> 626 [size ="209715200"]
  559 -> 628 [size ="209715200"]
  559 -> 630 [size ="209715200"]
  559 -> 654 [size ="209715200"]
  559 -> 673 [size ="209715200"]
  559 -> 680 [size ="209715200"]
  559 -> 689 [size ="209715200"]
  559 -> 693 [size ="209715200"]
  560 [size="368293445632", alpha="0.16"]
  560 -> 589 [size ="411041792"]
  560 -> 599 [size ="411041792"]
  560 -> 607 [size ="411041792"]
  560 -> 641 [size ="411041792"]
  560 -> 643 [size ="411041792"]
  560 -> 646 [size ="411041792"]
  560 -> 654 [size ="411041792"]
  560 -> 660 [size ="411041792"]
  560 -> 690 [size ="411041792"]
  560 -> 692 [size ="411041792"]
  561 [size="4739731771", alpha="0.01"]
  561 -> 613 [size ="75497472"]
  561 -> 623 [size ="75497472"]
  561 -> 644 [size ="75497472"]
  561 -> 645 [size ="75497472"]
  561 -> 692 [size ="75497472"]
  562 [size="368293445632", alpha="0.01"]
  562 -> 631 [size ="411041792"]
  562 -> 636 [size ="411041792"]
  562 -> 641 [size ="411041792"]
  562 -> 643 [size ="411041792"]
  562 -> 656 [size ="411041792"]
  562 -> 682 [size ="411041792"]
  562 -> 685 [size ="411041792"]
  562 -> 694 [size ="411041792"]
  563 [size="36039353220", alpha="0.20"]
  563 -> 581 [size ="134217728"]
  563 -> 615 [size ="134217728"]
  563 -> 636 [size ="134217728"]
  564 [size="33113072113", alpha="0.15"]
  564 -> 579 [size ="33554432"]
  564 -> 666 [size ="33554432"]
  565 [size="8589934592", alpha="0.07"]
  565 -> 616 [size ="33554432"]
  565 -> 619 [size ="33554432"]
  565 -> 647 [size ="33554432"]
  565 -> 682 [size ="33554432"]
  566 [size="481273758401", alpha="0.13"]
  566 -> 586 [size ="301989888"]
  566 -> 621 [size ="301989888"]
  566 -> 672 [size ="301989888"]
  566 -> 679 [size ="301989888"]
  566 -> 688 [size ="301989888"]
  567 [size="12592076552", alpha="0.12"]
  567 -> 586 [size ="411041792"]
  567 -> 598 [size ="411041792"]
  567 -> 600 [size ="411041792"]
  567 -> 608 [size ="411041792"]
  567 -> 617 [size ="411041792"]
  567 -> 646 [size ="411041792"]
  567 -> 665 [size ="411041792"]
  567 -> 669 [size ="411041792"]
  567 -> 678 [size ="411041792"]
  568 [size="161371490304", alpha="0.05"]
  568 -> 607 [size ="134217728"]
  568 -> 623 [size ="134217728"]
  568 -> 636 [size ="134217728"]
  569 [size="8589934592", alpha="0.14"]
  569 -> 585 [size ="33554432"]
  569 -> 608 [size ="33554432"]
  569 -> 633 [size ="33554432"]
  569 -> 698 [size ="33554432"]
  570 [size="134217728000", alpha="0.13"]
  570 -> 585 [size ="209715200"]
  570 -> 612 [size ="209715200"]
  570 -> 632 [size ="209715200"]
  570 -> 682 [size ="209715200"]
  570 -> 694 [size ="209715200"]
  571 [size="48469259547", alpha="0.05"]
  571 -> 581 [size ="838860800"]
  571 -> 597 [size ="838860800"]
  571 -> 612 [size ="838860800"]
  571 -> 615 [size ="838860800"]
  571 -> 628 [size ="838860800"]
  571 -> 630 [size ="838860800"]
  571 -> 657 [size ="838860800"]
  571 -> 666 [size ="838860800"]
  571 -> 667 [size ="838860800"]
  571 -> 669 [size ="838860800"]
  571 -> 671 [size ="838860800"]
  571 -> 690 [size ="838860800"]
  571 -> 694 [size ="838860800"]
  571 -> 700 [size ="838860800"]
  572 [size="8589934592", alpha="0.12"]
  572 -> 601 [size ="33554432"]
  572 -> 616 [size ="33554432"]
  572 -> 650 [size ="33554432"]
  572 -> 656 [size ="33554432"]
  572 -> 681 [size ="33554432"]
  572 -> 682 [size ="33554432"]
  573 [size="9599987114", alpha="0.07"]
  573 -> 586 [size ="536870912"]
  573 -> 623 [size ="536870912"]
  573 -> 641 [size ="536870912"]
  573 -> 660 [size ="536870912"]
  574 [size="838788093870", alpha="0.13"]
  574 -> 584 [size ="838860800"]
  574 -> 586 [size ="838860800"]
  574 -> 590 [size ="838860800"]
  574 -> 645 [size ="838860800"]
  574 -> 656 [size ="838860800"]
  574 -> 670 [size ="838860800"]
  574 -> 699 [size ="838860800"]
  575 [size="782757789696", alpha="0.18"]
  575 -> 581 [size ="679477248"]
  575 -> 590 [size ="679477248"]
  575 -> 614 [size ="679477248"]
  576 [size="68719476736", alpha="0.08"]
  576 -> 616 [size ="134217728"]
  576 -> 623 [size ="134217728"]
  576 -> 635 [size ="134217728"]
  576 -> 648 [size ="134217728"]
  576 -> 655 [size ="134217728"]
  576 -> 695 [size ="134217728"]
  577 [size="404324338704", alpha="0.12"]
  577 -> 601 [size ="536870912"]
  578 [size="198589706812", alpha="0.19"]
  578 -> 633 [size ="411041792"]
  578 -> 636 [size ="411041792"]
  578 -> 672 [size ="411041792"]
  579 [size="586304179192", alpha="0.17"]
  579 -> 638 [size ="411041792"]
  579 -> 661 [size ="411041792"]
  580 [size="782757789696", alpha="0.17"]
  580 -> 666 [size ="679477248"]
  580 -> 670 [size ="679477248"]
  581 [size="231928233984", alpha="0.11"]
  581 -> 638 [size ="301989888"]
  581 -> 643 [size ="301989888"]
  581 -> 666 [size ="301989888"]
  581 -> 677 [size ="301989888"]
  582 [size="229392162088", alpha="0.12"]
  582 -> 633 [size ="838860800"]
  582 -> 636 [size ="838860800"]
  582 -> 644 [size ="838860800"]
  582 -> 646 [size ="838860800"]
  582 -> 658 [size ="838860800"]
  582 -> 675 [size ="838860800"]
  583 [size="368293445632", alpha="0.04"]
  583 -> 635 [size ="411041792"]
  583 -> 646 [size ="411041792"]
  583 -> 651 [size ="411041792"]
  583 -> 657 [size ="411041792"]
  583 -> 661 [size ="411041792"]
  583 -> 662 [size ="411041792"]
  583 -> 685 [size ="411041792"]
  583 -> 688 [size ="411041792"]
  583 -> 691 [size ="411041792"]
  583 -> 695 [size ="411041792"]
  584 [size="68719476736", alpha="0.14"]
  584 -> 654 [size ="134217728"]
  584 -> 672 [size ="134217728"]
  584 -> 688 [size ="134217728"]
  584 -> 690 [size ="134217728"]
  584 -> 696 [size ="134217728"]
  585 [size="371490583069", alpha="0.05"]
  585 -> 640 [size ="301989888"]
  585 -> 670 [size ="301989888"]
  586 [size="28991029248", alpha="0.08"]
  586 -> 637 [size ="75497472"]
  586 -> 647 [size ="75497472"]
  586 -> 662 [size ="75497472"]
  586 -> 663 [size ="75497472"]
  586 -> 672 [size ="75497472"]
  586 -> 692 [size ="75497472"]
  587 [size="540330326171", alpha="0.20"]
  588 [size="97286081658", alpha="0.19"]
  588 -> 679 [size ="75497472"]
  589 [size="16122111973", alpha="0.16"]
  589 -> 687 [size ="33554432"]
  589 -> 694 [size ="33554432"]
  590 [size="368293445632", alpha="0.02"]
  590 -> 638 [size ="411041792"]
  590 -> 640 [size ="411041792"]
  590 -> 644 [size ="411041792"]
  590 -> 662 [size ="411041792"]
  590 -> 669 [size ="411041792"]
  591 [size="374064377890", alpha="0.08"]
  591 -> 649 [size ="838860800"]
  591 -> 652 [size ="838860800"]
  591 -> 665 [size ="838860800"]
  591 -> 669 [size ="838860800"]
  591 -> 676 [size ="838860800"]
  591 -> 699 [size ="838860800"]
  592 [size="8589934592", alpha="0.06"]
  592 -> 650 [size ="33554432"]
  592 -> 661 [size ="33554432"]
  592 -> 680 [size ="33554432"]
  592 -> 681 [size ="33554432"]
  593 [size="17449580730", alpha="0.03"]
  593 -> 670 [size ="301989888"]
  593 -> 687 [size ="301989888"]
  593 -> 694 [size ="301989888"]
  594 [size="782757789696", alpha="0.03"]
  594 -> 634 [size ="679477248"]
  594 -> 680 [size ="679477248"]
  594 -> 681 [size ="679477248"]
  594 -> 694 [size ="679477248"]
  595 [size="167199815733", alpha="0.07"]
  595 -> 633 [size ="411041792"]
  595 -> 640 [size ="411041792"]
  595 -> 658 [size ="411041792"]
  595 -> 668 [size ="411041792"]
  596 [size="4647085836", alpha="0.06"]
  596 -> 638 [size ="134217728"]
  596 -> 640 [size ="134217728"]
  596 -> 646 [size ="134217728"]
  596 -> 660 [size ="134217728"]
  596 -> 677 [size ="134217728"]
  596 -> 693 [size ="134217728"]
  596 -> 697 [size ="134217728"]
  597 [size="70297385875", alpha="0.13"]
  597 -> 667 [size ="75497472"]
  597 -> 672 [size ="75497472"]
  597 -> 682 [size ="75497472"]
  598 [size="231928233984", alpha="0.07"]
  598 -> 650 [size ="301989888"]
  599 [size="2855362105", alpha="0.01"]
  599 -> 634 [size ="75497472"]
  599 -> 652 [size ="75497472"]
  599 -> 658 [size ="75497472"]
  600 [size="549755813888", alpha="0.01"]
  600 -> 637 [size ="536870912"]
  600 -> 638 [size ="536870912"]
  600 -> 660 [size ="536870912"]
  600 -> 662 [size ="536870912"]
  600 -> 667 [size ="536870912"]
  600 -> 680 [size ="536870912"]
  601 [size="180732254437", alpha="0.05"]
  601 -> 680 [size ="209715200"]
  602 [size="21546856370", alpha="0.15"]
  602 -> 681 [size ="679477248"]
  602 -> 700 [size ="679477248"]
  603 [size="617277177712", alpha="0.05"]
  603 -> 638 [size ="536870912"]
  603 -> 650 [size ="536870912"]
  603 -> 659 [size ="536870912"]
  603 -> 664 [size ="536870912"]
  603 -> 672 [size ="536870912"]
  604 [size="549755813888", alpha="0.02"]
  604 -> 635 [size ="536870912"]
  604 -> 637 [size ="536870912"]
  604 -> 640 [size ="536870912"]
  604 -> 643 [size ="536870912"]
  604 -> 650 [size ="536870912"]
  604 -> 688 [size ="536870912"]
  604 -> 698 [size ="536870912"]
  605 [size="4712478610", alpha="0.09"]
  605 -> 637 [size ="301989888"]
  605 -> 638 [size ="301989888"]
  605 -> 640 [size ="301989888"]
  605 -> 646 [size ="301989888"]
  605 -> 661 [size ="301989888"]
  605 -> 666 [size ="301989888"]
  605 -> 669 [size ="301989888"]
  606 [size="8589934592", alpha="0.18"]
  606 -> 666 [size ="33554432"]
  606 -> 667 [size ="33554432"]
  606 -> 682 [size ="33554432"]
  606 -> 684 [size ="33554432"]
  606 -> 695 [size ="33554432"]
  606 -> 697 [size ="33554432"]
  607 [size="25287638270", alpha="0.01"]
  607 -> 633 [size ="411041792"]
  607 -> 635 [size ="411041792"]
  607 -> 646 [size ="411041792"]
  607 -> 661 [size ="411041792"]
  607 -> 687 [size ="411041792"]
  608 [size="231928233984", alpha="0.04"]
  608 -> 648 [size ="301989888"]
  608 -> 656 [size ="301989888"]
  608 -> 682 [size ="301989888"]
  608 -> 695 [size ="301989888"]
  609 [size="1246436620", alpha="0.18"]
  609 -> 637 [size ="33554432"]
  609 -> 643 [size ="33554432"]
  609 -> 655 [size ="33554432"]
  609 -> 656 [size ="33554432"]
  609 -> 667 [size ="33554432"]
  609 -> 671 [size ="33554432"]
  609 -> 674 [size ="33554432"]
  609 -> 695 [size ="33554432"]
  610 [size="3695810045", alpha="0.17"]
  610 -> 668 [size ="75497472"]
  610 -> 689 [size ="75497472"]
  611 [size="33109790506", alpha="0.19"]
  611 -> 632 [size ="75497472"]
  611 -> 658 [size ="75497472"]
  611 -> 659 [size ="75497472"]
  611 -> 665 [size ="75497472"]
  611 -> 672 [size ="75497472"]
  611 -> 681 [size ="75497472"]
  612 [size="15573255458", alpha="0.16"]
  612 -> 633 [size ="679477248"]
  612 -> 635 [size ="679477248"]
  612 -> 643 [size ="679477248"]
  612 -> 660 [size ="679477248"]
  612 -> 692 [size ="679477248"]
  613 [size="298618595665", alpha="0.19"]
  613 -> 652 [size ="209715200"]
  613 -> 656 [size ="209715200"]
  613 -> 670 [size ="209715200"]
  613 -> 698 [size ="209715200"]
  614 [size="6206376422", alpha="0.05"]
  614 -> 648 [size ="134217728"]
  614 -> 652 [size ="134217728"]
  615 [size="97610990658", alpha="0.05"]
  615 -> 635 [size ="75497472"]
  615 -> 638 [size ="75497472"]
  615 -> 666 [size ="75497472"]
  616 [size="15267681303", alpha="0.04"]
  616 -> 642 [size ="301989888"]
  616 -> 650 [size ="301989888"]
  616 -> 659 [size ="301989888"]
  616 -> 660 [size ="301989888"]
  616 -> 662 [size ="301989888"]
  616 -> 670 [size ="301989888"]
  616 -> 693 [size ="301989888"]
  617 [size="782757789696", alpha="0.04"]
  617 -> 676 [size ="679477248"]
  618 [size="740529883", alpha="0.05"]
  618 -> 635 [size ="33554432"]
  618 -> 669 [size ="33554432"]
  618 -> 672 [size ="33554432"]
  618 -> 692 [size ="33554432"]
  619 [size="20607194628", alpha="0.08"]
  619 -> 637 [size ="679477248"]
  619 -> 688 [size ="679477248"]
  620 [size="12778081610", alpha="0.09"]
  620 -> 644 [size ="33554432"]
  620 -> 667 [size ="33554432"]
  620 -> 677 [size ="33554432"]
  620 -> 698 [size ="33554432"]
  621 [size="13976845638", alpha="0.02"]
  621 -> 670 [size ="33554432"]
  622 [size="148164442905", alpha="0.07"]
  622 -> 641 [size ="679477248"]
  622 -> 667 [size ="679477248"]
  623 [size="131885592787", alpha="0.06"]
  623 -> 644 [size ="411041792"]
  623 -> 647 [size ="411041792"]
  623 -> 662 [size ="411041792"]
  623 -> 670 [size ="411041792"]
  624 [size="134217728000", alpha="0.02"]
  624 -> 635 [size ="209715200"]
  624 -> 639 [size ="209715200"]
  624 -> 642 [size ="209715200"]
  624 -> 680 [size ="209715200"]
  624 -> 697 [size ="209715200"]
  625 [size="28991029248", alpha="0.15"]
  625 -> 636 [size ="75497472"]
  625 -> 648 [size ="75497472"]
  625 -> 652 [size ="75497472"]
  625 -> 695 [size ="75497472"]
  626 [size="24171315875", alpha="0.01"]
  626 -> 636 [size ="679477248"]
  626 -> 641 [size ="679477248"]
  626 -> 649 [size ="679477248"]
  626 -> 677 [size ="679477248"]
  627 [size="939304386754", alpha="0.02"]
  627 -> 635 [size ="838860800"]
  627 -> 665 [size ="838860800"]
  628 [size="202933150935", alpha="0.14"]
  629 [size="12991302709", alpha="0.00"]
  629 -> 640 [size ="411041792"]
  629 -> 685 [size ="411041792"]
  630 [size="86406084842", alpha="0.03"]
  630 -> 646 [size ="301989888"]
  630 -> 677 [size ="301989888"]
  630 -> 690 [size ="301989888"]
  631 [size="14197557908", alpha="0.03"]
  631 -> 669 [size ="301989888"]
  632 [size="28991029248", alpha="0.06"]
  633 [size="30010719860", alpha="0.15"]
  634 [size="29443141028", alpha="0.15"]
  635 [size="463181647396", alpha="0.01"]
  636 [size="6802714687", alpha="0.06"]
  637 [size="72743258052", alpha="0.14"]
  638 [size="7833775052", alpha="0.09"]
  639 [size="494010017560", alpha="0.15"]
  640 [size="1139938944792", alpha="0.10"]
  641 [size="549755813888", alpha="0.14"]
  642 [size="7496835476", alpha="0.00"]
  643 [size="1236509772", alpha="0.13"]
  644 [size="68719476736", alpha="0.20"]
  645 [size="870509345507", alpha="0.15"]
  646 [size="28991029248", alpha="0.09"]
  647 [size="42664509245", alpha="0.03"]
  648 [size="1073741824000", alpha="0.18"]
  649 [size="28991029248", alpha="0.05"]
  650 [size="8589934592", alpha="0.07"]
  651 [size="16228329702", alpha="0.06"]
  652 [size="6336274085", alpha="0.09"]
  653 [size="231928233984", alpha="0.17"]
  654 [size="134217728000", alpha="0.06"]
  655 [size="4694903173", alpha="0.06"]
  656 [size="549755813888", alpha="0.16"]
  657 [size="812926114747", alpha="0.10"]
  658 [size="4006706416", alpha="0.16"]
  659 [size="909861707375", alpha="0.19"]
  660 [size="134217728000", alpha="0.04"]
  661 [size="231928233984", alpha="0.02"]
  662 [size="197173890446", alpha="0.01"]
  663 [size="1321721602", alpha="0.17"]
  664 [size="17707346679", alpha="0.05"]
  665 [size="68719476736", alpha="0.11"]
  666 [size="549755813888", alpha="0.04"]
  667 [size="883400865235", alpha="0.00"]
  668 [size="3850316657", alpha="0.02"]
  669 [size="8589934592", alpha="0.03"]
  670 [size="415484870", alpha="0.15"]
  671 [size="7691140796", alpha="0.12"]
  672 [size="8297053272", alpha="0.09"]
  673 [size="277127035561", alpha="0.19"]
  674 [size="782757789696", alpha="0.00"]
  675 [size="38880081719", alpha="0.16"]
  676 [size="68719476736", alpha="0.18"]
  677 [size="28991029248", alpha="0.04"]
  678 [size="789032928", alpha="0.15"]
  679 [size="145913092229", alpha="0.08"]
  680 [size="351120025805", alpha="0.13"]
  681 [size="2892805804", alpha="0.03"]
  682 [size="1012812442238", alpha="0.12"]
  683 [size="763002873674", alpha="0.20"]
  684 [size="7319172645", alpha="0.10"]
  685 [size="421067215856", alpha="0.05"]
  686 [size="231928233984", alpha="0.08"]
  687 [size="28991029248", alpha="0.09"]
  688 [size="134217728000", alpha="0.05"]
  689 [size="226245194040", alpha="0.13"]
  690 [size="31374517064", alpha="0.17"]
  691 [size="1100575207989", alpha="0.08"]
  692 [size="28991029248", alpha="0.05"]
  693 [size="782757789696", alpha="0.02"]
  694 [size="13622123213", alpha="0.01"]
  695 [size="1426414401925", alpha="0.12"]
  696 [size="108125058769", alpha="0.06"]
  697 [size="134217728000", alpha="0.13"]
  698 [size="646179701544", alpha="0.10"]
  699 [size="8589934592", alpha="0.04"]
  700 [size="8886163340", alpha="0.13"]
}
