Time,Waiting Queue,Processors Queue,Number of available processors
0,"[0, 1, 2, 3, 4, 5, 6, 7, 8, 9, 10, 11, 12, 13, 14]",[],3500
3369,"[1, 3, 5, 7, 8, 10, 11, 12, 13, 14]","[0, 2, 6, 9]",1183
3745,"[3, 8, 10, 11, 12, 13, 14, 28, 34]","[2, 6, 9, 1, 5, 7]",981
3840,"[8, 10, 11, 12, 13, 14, 28, 34]","[6, 9, 1, 5, 7, 3]",1305
4332,"[8, 10, 12, 14, 28, 34]","[6, 1, 5, 7, 3, 11, 13]",247
6007,"[8, 10, 12, 14, 28, 34]","[6, 1, 5, 7, 11, 13]",819
6092,"[8, 10, 12, 14, 34]","[6, 1, 5, 11, 13, 28]",587
6183,"[8, 10, 12, 14, 34, 38, 42]","[6, 1, 5, 11, 28]",1305
8529,"[8, 10, 12, 34, 42]","[6, 1, 5, 11, 14, 38]",531
10424,"[8, 10, 12, 34, 39]","[6, 5, 11, 14, 38, 42]",572
10664,"[8, 10, 12, 34, 39, 29]","[5, 11, 14, 38, 42]",949
11481,"[8, 10, 12, 34, 39, 17]","[5, 14, 38, 42, 29]",739
11793,"[8, 10, 12, 34, 39, 15, 18, 32, 41]","[14, 38, 42, 29, 17]",486
13311,"[8, 10, 12, 34, 39, 15, 18, 41, 21, 23, 25]","[38, 42, 29, 17, 32]",1039
15400,"[8, 10, 12, 34, 39, 15, 41, 21, 23, 25]","[38, 42, 29, 32, 18]",729
15724,"[8, 10, 12, 34, 39, 15, 21, 23, 25]","[38, 29, 32, 18, 41]",614
17195,"[8, 10, 12, 34, 39, 15, 21, 25]","[29, 32, 18, 41, 23]",690
18412,"[8, 10, 12, 34, 39, 15, 21, 25]","[32, 18, 41, 23]",1400
18663,"[10, 12, 34, 39, 15, 21, 25]","[32, 41, 23, 8]",1006
19363,"[10, 12, 34, 39, 15, 21]","[41, 23, 8, 25]",539
22107,"[10, 12, 34, 39, 15, 21]","[41, 23, 8]",1276
22606,"[10, 12, 34, 15, 21, 16, 19, 20, 40, 43]","[41, 23, 39]",1511
24311,"[12, 34, 15, 21, 16, 19, 20, 40, 43]","[41, 39, 10]",465
24916,"[12, 34, 15, 21, 19, 20, 40, 43]","[39, 10, 16]",526
26692,"[12, 34, 15, 21, 20, 40, 43]","[10, 16, 19]",1474
26750,"[34, 15, 21, 20, 40, 43]","[10, 16, 12]",341
28102,"[34, 15, 21, 20, 40, 43, 27, 31, 36, 37]","[16, 12]",1748
29452,"[15, 21, 20, 40, 43, 27, 31, 36, 22, 24, 26, 30, 33, 35]","[16, 34, 37]",1324
31000,"[21, 20, 40, 43, 27, 31, 36, 22, 24, 26, 30, 33, 35]","[16, 37, 15]",1619
32144,"[20, 40, 43, 27, 31, 36, 22, 24, 30, 33, 35]","[16, 37, 21, 26]",1186
36013,"[20, 40, 27, 31, 36, 22, 24, 30, 33, 35]","[16, 37, 21, 43]",784
36252,"[20, 40, 27, 31, 36, 24, 30, 33, 35]","[16, 37, 21, 22]",1069
36501,"[20, 40, 27, 36, 24, 30, 33, 35, 66]","[37, 21, 22, 31]",484
37039,"[20, 40, 27, 36, 24, 30, 33, 35, 66, 53]","[21, 22, 31]",826
37095,"[20, 40, 27, 36, 24, 30, 35, 66, 53]","[22, 31, 33]",1373
42143,"[40, 27, 36, 24, 30, 35, 66, 53]","[22, 31, 33]",1373
42310,"[27, 36, 24, 30, 35, 66, 53, 45, 55]","[22, 33, 40]",1078
43440,"[27, 24, 30, 35, 66, 53, 45, 55, 44, 48]","[33, 40, 36]",673
45103,"[27, 24, 30, 35, 66, 53, 45, 55, 44, 48]","[33, 40]",1618
45821,"[24, 30, 35, 66, 53, 45, 55, 44, 48, 65]","[33, 27]",1588
48578,"[30, 35, 66, 53, 45, 55, 44, 48]","[33, 27, 24]",722
50670,"[30, 35, 66, 53, 45, 55, 44, 48, 51, 56]","[27, 24]",1292
50941,"[35, 66, 53, 45, 55, 44, 48, 51, 60]","[24, 30, 56]",1393
52172,"[66, 53, 45, 55, 44, 48, 51, 60, 46, 59, 67]","[30, 56, 35]",1043
54031,"[66, 45, 55, 44, 48, 51, 60, 46, 59, 67]","[30, 35, 53]",414
54705,"[66, 45, 55, 44, 48, 51, 60, 46, 59, 67]","[30, 35]",1358
55736,"[45, 55, 44, 48, 51, 60, 46, 59, 67, 47, 58, 61, 64]","[30, 66]",1522
55952,"[55, 44, 48, 60, 46, 59, 67, 47, 58, 64, 49, 50, 52, 54, 57, 62, 63]","[66, 45, 51, 61]",959
56511,"[55, 44, 48, 60, 59, 67, 47, 58, 49, 50, 52, 54, 57, 62, 63]","[66, 45, 51, 46, 64]",273
56686,"[55, 44, 48, 60, 59, 67, 47, 58, 49, 50, 52, 54, 57, 62, 63, 78]","[66, 45, 51, 46]",378
56870,"[55, 44, 48, 60, 59, 67, 47, 58, 49, 50, 54, 57, 62, 63, 78]","[66, 45, 46, 52]",568
58970,"[55, 44, 48, 60, 59, 47, 58, 49, 50, 54, 57, 62, 63, 78]","[66, 45, 46, 52]",568
59104,"[55, 44, 48, 60, 59, 58, 49, 50, 54, 57, 62, 63, 78]","[66, 45, 52, 47]",616
60602,"[55, 44, 48, 60, 59, 49, 50, 54, 57, 62, 63]","[45, 52, 47, 58, 78]",1061
61083,"[55, 44, 60, 59, 49, 50, 54, 57, 62, 63]","[52, 47, 58, 78, 48]",946
62265,"[55, 44, 60, 59, 49, 54, 57, 62, 63]","[52, 47, 78, 48, 50]",464
63866,"[55, 44, 60, 59, 49, 54, 57, 63]","[47, 78, 48, 50, 62]",441
64349,"[55, 44, 60, 59, 49, 54, 57]","[78, 48, 50, 62, 63]",676
66682,"[55, 44, 60, 59, 49, 54, 57]","[78, 48, 62, 63]",1563
66913,"[44, 60, 59, 49, 54, 57, 76]","[78, 62, 63, 55]",1335
67853,"[60, 59, 49, 54, 57, 76]","[78, 63, 55, 44]",398
69578,"[60, 59, 49, 54, 57, 76]","[78, 63, 55]",1690
70965,"[59, 49, 54, 57]","[78, 63, 60, 76]",1281
71786,"[59, 54, 57, 81, 85]","[78, 60, 76, 49]",562
73083,"[59, 54, 57, 85]","[78, 76, 49, 81]",1171
74838,"[59, 57, 85, 70]","[78, 76, 81, 54]",1427
76619,"[57, 85, 70]","[76, 81, 54, 59]",336
78918,"[57, 85, 70, 71, 72, 79, 80, 86, 88]","[76, 81, 54]",1629
80629,"[85, 70, 71, 79, 80, 86, 88]","[81, 54, 57, 72]",773
82426,"[85, 71, 79, 86, 88, 73, 74, 82, 87]","[81, 54, 72, 70, 80]",1443
82800,"[71, 79, 86, 73, 74, 82, 87]","[81, 54, 70, 80, 85, 88]",280
82990,"[71, 79, 86, 73, 74, 82, 87, 68, 69, 75, 77, 83, 84]","[81, 70, 80, 85, 88]",1074
83560,"[71, 86, 73, 74, 82, 68, 69, 75, 77, 83, 84]","[81, 70, 85, 88, 79, 87]",354
83673,"[71, 86, 73, 74, 82, 68, 69, 75, 77, 83, 84, 95]","[70, 85, 88, 79, 87]",739
84855,"[71, 86, 74, 82, 68, 69, 75, 77, 83, 84]","[70, 88, 79, 87, 73, 95]",1093
85467,"[71, 74, 82, 68, 69, 75, 77, 83, 84]","[70, 88, 79, 73, 95, 86]",502
86993,"[71, 74, 82, 68, 69, 75, 77, 83, 84]","[88, 79, 73, 95, 86]",915
87481,"[71, 82, 68, 69, 75, 77, 83, 84]","[79, 73, 95, 86, 74]",666
88431,"[71, 82, 68, 69, 75, 77, 83, 84]","[79, 73, 86, 74]",896
89365,"[71, 82, 69, 75, 77, 83, 84]","[79, 73, 86, 68]",685
90069,"[71, 82, 69, 75, 77, 84, 93]","[79, 73, 68, 83]",948
94513,"[71, 82, 75, 77, 84, 93, 96, 100]","[73, 68, 83, 69]",760
95312,"[71, 82, 75, 77, 84, 100]","[73, 68, 69, 93, 96]",693
96025,"[71, 82, 75, 77, 84, 100]","[73, 68, 93, 96]",1516
96998,"[82, 75, 77, 84, 100]","[73, 68, 93, 71]",602
97376,"[82, 75, 77, 84, 100, 99]","[73, 93, 71]",1391
97710,"[82, 77, 84, 100]","[93, 71, 75, 99]",567
99909,"[82, 77, 84, 100, 97, 98]","[93, 75, 99]",1731
101964,"[77, 84, 100, 97, 98]","[75, 99, 82]",717
104309,"[77, 84, 97, 98, 113, 124]","[75, 99, 82]",717
104535,"[77, 84, 98, 124]","[75, 99, 97, 113]",1722
106014,"[84, 98, 124, 91]","[99, 97, 113, 77]",1097
106233,"[98, 124, 91]","[97, 113, 77, 84]",685
106757,"[98, 91]","[97, 77, 84, 124]",394
108147,"[98, 91, 89, 90]","[97, 84, 124]",1944
111792,"[91, 89, 117]","[97, 84, 124, 98]",259
112536,"[91, 89, 117]","[97, 84, 124]",1944
113091,[117],"[97, 84, 91, 89]",813
114112,"[117, 122, 125, 126]","[84, 91, 89]",1211
116070,"[117, 122, 126]","[84, 91, 89]",1211
116233,"[117, 122, 92, 94]","[91, 89, 126]",1583
116832,"[122, 92, 94, 102, 128, 129]","[89, 126, 117]",1248
120772,"[122, 94, 128, 129]","[89, 126, 92, 102]",1560
123781,"[94, 128, 129]","[89, 92, 102, 122]",523
123942,"[128, 129]","[89, 92, 122, 94]",644
124743,"[129, 104, 116]","[92, 122, 94, 128]",720
126021,"[129, 104]","[92, 94, 128, 116]",1740
126561,[104],"[92, 94, 128, 129]",780
128228,"[104, 101, 103, 110, 112, 118, 130]","[94, 128, 129]",1314
128722,"[101, 103, 110, 112, 118, 105, 106, 107, 108, 109, 111, 114, 115, 119, 120, 121, 123, 127]","[128, 129, 104, 130]",506
128783,"[101, 103, 110, 112, 118, 106, 107, 109, 111, 114, 115, 119, 120, 121, 123, 127]","[128, 104, 130, 105, 108]",1378
130497,"[103, 112, 118, 106, 107, 109, 111, 114, 115, 119, 120, 121, 127]","[128, 104, 130, 105, 101, 110, 123]",132
131248,"[103, 112, 118, 106, 107, 109, 111, 114, 115, 119, 120, 121, 127]","[128, 130, 105, 101, 110, 123]",1016
131324,"[112, 118, 106, 109, 111, 114, 115, 119, 120, 121, 127]","[128, 130, 105, 110, 123, 103, 107]",694
131379,"[112, 106, 109, 111, 114, 115, 119, 120, 121, 127]","[128, 130, 105, 110, 103, 107, 118]",151
132047,"[112, 106, 109, 111, 114, 115, 119, 120, 121, 127]","[128, 130, 110, 103, 107, 118]",570
133377,"[112, 109, 111, 115, 119, 120, 121, 127]","[128, 130, 110, 103, 107, 118, 106]",272
133941,"[112, 109, 111, 115, 119, 120, 121, 127, 152]","[130, 110, 103, 107, 118, 106]",720
135011,"[112, 111, 115, 119, 120, 121, 127, 152, 138, 139]","[130, 103, 107, 118, 106, 109]",752
135528,"[112, 115, 120, 121, 127, 152, 138, 139]","[130, 103, 107, 106, 109, 111, 119]",643
136726,"[112, 115, 120, 127, 152, 138, 139, 131]","[130, 103, 107, 106, 109, 111, 121]",398
137684,"[112, 115, 120, 127, 152, 139, 131]","[130, 103, 106, 109, 111, 121, 138]",307
139163,"[112, 115, 120, 127, 152, 139, 131]","[103, 106, 109, 111, 121, 138]",603
139982,"[112, 115, 120, 127, 152, 139, 150]","[103, 109, 111, 121, 138, 131]",579
142081,"[112, 115, 120, 127, 152, 139]","[109, 111, 121, 138, 131, 150]",844
143199,"[112, 115, 120, 152, 139]","[109, 111, 121, 138, 150, 127]",420
144146,"[112, 115, 120, 152, 139, 134, 136]","[109, 111, 121, 138, 150]",1166
144712,"[115, 120, 152, 139, 134, 136, 140, 147, 151]","[111, 121, 138, 150, 112]",775
145540,"[115, 120, 152, 139, 136, 140, 147]","[111, 121, 150, 112, 134, 151]",441
146796,"[115, 120, 152, 139, 136, 140, 147, 149]","[121, 150, 112, 134, 151]",909
150632,"[115, 120, 139, 136, 140, 147, 149]","[150, 112, 134, 151, 152]",564
151727,"[115, 120, 139, 140, 147, 149, 133, 142, 153]","[150, 134, 151, 152, 136]",1042
151799,"[115, 120, 140, 147, 149, 133, 142, 153]","[150, 134, 151, 136, 139]",916
152143,"[115, 120, 147, 149, 133, 142, 153]","[134, 151, 136, 139, 140]",846
152815,"[115, 120, 149, 133, 142, 153]","[134, 136, 139, 140, 147]",585
154314,"[115, 120, 133, 142, 153]","[134, 136, 139, 140, 149]",677
155096,"[115, 120, 133, 153]","[134, 136, 140, 149, 142]",1219
156691,"[115, 120, 153]","[134, 140, 149, 142, 133]",552
159662,"[115, 120, 153]","[140, 149, 142, 133]",852
160045,"[115, 120]","[149, 142, 133, 153]",782
160380,"[115, 120]","[142, 133, 153]",1297
161787,"[115, 120]","[142, 153]",2447
165944,"[120, 141, 144, 146, 154]","[142, 153]",2447
165956,"[141, 146, 154]","[142, 120, 144]",825
165962,"[141, 146, 154, 162]","[120, 144]",1275
170885,"[146, 154, 162, 132, 135, 137, 143, 145, 148]","[144, 141]",1621
171591,"[154, 162, 132, 135, 143, 145, 148]","[144, 146, 137]",1260
172930,"[162, 132, 135, 143, 145, 148]","[146, 137, 154]",1028
175382,"[162, 132, 143, 145, 148, 155]","[146, 137, 135]",1672
177052,"[132, 143, 145, 148, 155, 164]","[137, 135, 162]",1421
179090,"[132, 145, 148, 155, 164]","[137, 135, 143]",1755
180184,"[145, 148, 155, 164]","[135, 143, 132]",466
180809,"[145, 148, 164]","[143, 132, 155]",534
182433,"[145, 148, 164, 156]","[132, 155]",1569
184333,"[148, 164, 157, 159]","[155, 145, 156]",1720
186899,"[159, 160, 163, 165, 166]","[155, 145, 156, 157, 164]",780
187498,"[160, 163, 165, 166]","[155, 145, 157, 164, 159]",548
189120,"[160, 163, 165, 158, 161]","[155, 157, 164, 159, 166]",1033
189438,"[160, 163, 158, 161, 170]","[155, 157, 159, 166, 165]",842
189632,"[160, 163, 158, 161, 185, 195]","[157, 159, 166, 165, 170]",1127
191825,"[160, 163, 158, 161]","[159, 166, 165, 170, 185, 195]",618
193506,"[160, 163, 158, 161, 180, 181, 198]","[159, 165, 170, 185, 195]",1122
194225,"[160, 163, 158, 161, 181]","[159, 165, 185, 195, 180, 198]",256
194256,"[160, 163, 158, 161, 181]","[159, 165, 195, 180, 198]",567
196088,"[160, 163, 158, 161]","[159, 165, 195, 198, 181]",1015
196917,"[160, 163, 158, 161, 167, 192, 194, 197]","[159, 195, 198, 181]",1836
198205,"[163, 158, 161, 192, 194, 197, 183]","[195, 198, 181, 160, 167]",599
201246,"[163, 158, 161, 194, 197, 183, 168, 171, 173, 179, 187]","[195, 198, 181, 167, 192]",1398
203904,"[158, 161, 194, 183, 168, 171, 173, 179, 187]","[195, 198, 181, 167, 192, 163]",236
204072,"[158, 161, 194, 183, 168, 171, 173, 179, 187]","[198, 181, 167, 192, 163]",744
205468,"[158, 161, 194, 183, 171, 173, 179, 187]","[198, 167, 192, 163, 168]",596
207700,"[158, 161, 194, 183, 171, 179, 187]","[198, 167, 192, 163, 173]",610
207950,"[158, 161, 194, 183, 171, 179, 186, 188]","[198, 167, 192, 173, 187]",1275
209007,"[158, 194, 183, 171, 179, 188]","[198, 167, 173, 187, 161, 186]",654
209221,"[158, 194, 183, 171, 179]","[198, 167, 173, 161, 186, 188]",631
210141,"[158, 194, 183, 171, 179]","[198, 173, 161, 186, 188]",1050
210257,"[158, 183, 171, 179]","[198, 173, 161, 188, 194]",92
211884,"[158, 183, 171, 179, 175, 176, 177, 182, 184, 190, 196]","[198, 173, 188, 194]",1228
212332,"[158, 171, 179, 175, 176, 177, 182, 184, 190, 196]","[173, 188, 194, 183]",425
214097,"[158, 171, 179, 175, 177, 182, 184, 190, 196]","[188, 194, 183, 176]",616
215000,"[158, 171, 179, 177, 182, 184, 190, 196]","[188, 194, 176, 175]",1049
215366,"[158, 179, 177, 182, 184, 190, 196]","[194, 176, 175, 171]",577
216113,"[158, 179, 177, 182, 184, 190, 196]","[176, 175, 171]",1617
217207,"[158, 177, 184, 190, 196]","[176, 171, 179, 182]",586
219124,"[158, 177, 184, 190, 196]","[176, 171, 182]",1453
220682,"[158, 184, 196]","[176, 182, 177, 190]",1089
222106,"[158, 196]","[176, 182, 190, 184]",669
224809,"[158, 196]","[176, 190, 184]",1415
226155,"[158, 199]","[176, 190, 196]",1739
226257,[199],"[190, 196, 158]",427
229246,[199],"[196, 158]",1187
229781,"[169, 172, 174, 178, 189, 191, 193]","[196, 199]",1863
229816,"[172, 178, 191, 193, 215]","[199, 169, 174, 189]",907
232068,"[172, 191, 193, 215, 207, 208, 210]","[199, 169, 174, 178]",749
232697,"[172, 193, 215, 207, 208, 210]","[199, 169, 174, 191]",970
235175,"[193, 215, 207, 208, 210]","[199, 174, 191, 172]",553
236798,"[193, 215, 207, 210]","[174, 191, 172, 208]",1077
239560,"[215, 207, 210, 209, 213]","[191, 172, 208, 193]",973
240108,"[207, 210, 209, 213, 201, 206, 214, 216]","[191, 208, 193, 215]",1253
241206,"[210, 209, 213, 201, 206, 216, 220]","[191, 208, 193, 215, 207]",242
243357,"[210, 209, 213, 201, 206, 216, 220]","[191, 208, 193, 207]",904
244123,"[209, 213, 201, 206, 216, 220, 200, 203, 204, 205, 211, 212]","[191, 208, 207, 210]",856
244502,"[209, 201, 206, 216, 220, 200, 203, 204, 205, 212]","[191, 207, 210, 213, 211]",462
245911,"[209, 201, 206, 216, 200, 203, 204, 205, 202, 217]","[207, 210, 213, 211, 220, 212]",539
246931,"[209, 206, 216, 200, 203, 204, 205, 202, 217]","[210, 213, 211, 220, 212, 201]",1062
247261,"[206, 216, 200, 203, 204, 205, 202]","[210, 213, 211, 220, 212, 201, 209]",163
247487,"[206, 216, 200, 203, 204, 205, 202]","[210, 213, 211, 212, 201, 209]",509
250863,"[206, 216, 200, 203, 204, 202, 230]","[213, 211, 212, 201, 209, 205]",712
253531,"[216, 200, 203, 204, 202, 230]","[213, 211, 212, 209, 205, 206]",567
255741,"[216, 203, 204, 202, 230, 234]","[213, 211, 212, 205, 206, 200]",944
255963,"[216, 204, 202, 230, 234, 229]","[213, 212, 205, 206, 200, 203]",258
256345,"[216, 204, 202, 230, 234, 229]","[212, 205, 206, 200, 203]",898
256988,"[216, 230, 234, 229, 238]","[212, 205, 206, 203, 204, 202]",534
258468,"[216, 230, 229, 238]","[212, 206, 203, 204, 202, 234]",490
258748,"[216, 230, 229, 238, 219]","[212, 203, 204, 202, 234]",1123
261649,"[230, 229, 238, 219]","[212, 204, 202, 234, 216]",958
262530,"[229, 238, 219, 223, 224, 226, 235]","[212, 204, 202, 234, 230]",1105
264254,"[238, 223, 224, 226, 235]","[212, 204, 202, 230, 229, 219]",552
264455,"[238, 224, 226]","[212, 204, 202, 230, 229, 219, 223]",263
264676,"[238, 224, 226, 227, 228, 231, 232]","[212, 204, 230, 229, 219, 223]",544
268401,"[238, 224, 226, 228, 231, 232]","[212, 204, 229, 219, 223, 227]",898
268595,"[224, 226, 228, 232, 221, 225]","[212, 229, 219, 223, 227, 238, 231]",634
269626,"[224, 226, 228, 232, 225]","[212, 229, 219, 223, 227, 238, 221]",177
270436,"[224, 226, 228, 232, 225, 218, 222, 233, 236, 237]","[229, 219, 223, 227, 238, 221]",292
270907,"[224, 226, 228, 232, 225, 222, 233, 236, 237]","[229, 219, 223, 238, 221, 218]",687
271118,"[224, 226, 228, 232, 225, 233, 236, 237]","[219, 223, 238, 221, 218, 222]",814
271494,"[224, 226, 228, 225, 233, 236, 237, 248]","[223, 238, 221, 218, 222, 232]",519
272310,"[224, 226, 228, 225, 233, 236, 248]","[223, 221, 218, 222, 232, 237]",839
272870,"[224, 226, 228, 225, 236, 248]","[223, 221, 222, 232, 237, 233]",143
275288,"[224, 226, 228, 225, 236, 248]","[223, 221, 222, 237, 233]",847
278259,"[224, 226, 228, 225, 248, 263]","[221, 222, 237, 233, 236]",593
281060,"[224, 226, 228, 225, 263, 240, 244]","[221, 222, 237, 236, 248]",1004
281585,"[226, 228, 225, 263, 240, 244]","[221, 237, 236, 248, 224]",544
281590,"[226, 228, 225, 263, 240, 244]","[237, 236, 248, 224]",1087
282650,"[226, 225, 263, 240, 244, 246, 258]","[236, 248, 224, 228]",665
284152,"[226, 225, 263, 240, 244]","[236, 224, 228, 246, 258]",468
284419,"[226, 225, 263, 240, 244, 251]","[236, 228, 246, 258]",1460
284991,"[225, 263, 240, 244, 251]","[236, 228, 258, 226]",713
288666,"[225, 263, 240, 244, 251, 239, 245, 253, 255]","[236, 228, 258]",1956
288957,"[263, 240, 244, 251, 239, 253, 255, 250, 252, 262]","[228, 258, 225, 245]",738
290069,"[263, 240, 244, 251, 239, 250, 252, 262, 241, 254, 257, 259]","[258, 225, 245, 253, 255]",930
290571,"[263, 240, 244, 251, 239, 252, 262, 241, 254, 259]","[258, 225, 245, 253, 255, 250]",435
291564,"[263, 240, 244, 251, 239, 252, 262, 241, 254, 259, 242, 243, 247, 249, 256, 260, 261]","[258, 245, 253, 255, 250]",1369
294995,"[240, 244, 251, 239, 252, 262, 241, 254, 259, 242, 247, 249, 256, 260, 261]","[258, 245, 253, 255, 250, 243]",1258
295806,"[244, 251, 239, 252, 262, 241, 254, 259, 242, 247, 249, 256, 260, 261]","[258, 245, 253, 255, 243, 240]",719
296243,"[244, 251, 239, 262, 241, 254, 259, 242, 247, 249, 256, 260, 261]","[258, 245, 255, 243, 240, 252]",412
296397,"[244, 251, 239, 262, 241, 254, 259, 247, 249, 256, 260, 261]","[258, 255, 243, 240, 252, 242]",832
298183,"[244, 251, 239, 262, 254, 259, 247, 249, 256, 260]","[258, 255, 243, 240, 242, 241, 261]",650
298897,"[244, 251, 239, 262, 254, 259, 247, 256, 260]","[258, 255, 243, 242, 241, 261, 249]",1117
299755,"[244, 251, 239, 254, 259, 247, 256, 260]","[258, 243, 242, 241, 261, 249, 262]",598
299805,"[244, 251, 239, 254, 259, 247, 260]","[258, 243, 242, 261, 249, 262, 256]",519
302648,"[244, 251, 239, 254, 259, 247, 268, 272]","[258, 243, 261, 249, 262, 256, 260]",420
303867,"[244, 251, 239, 254, 259, 247, 268]","[258, 261, 249, 262, 256, 260, 272]",409
304231,"[244, 251, 239, 254, 259, 247, 268]","[258, 261, 249, 256, 260, 272]",1294
304456,"[244, 251, 254, 259, 247, 268]","[258, 261, 256, 260, 272, 239]",719
306741,"[244, 251, 254, 259, 247]","[258, 256, 260, 272, 239, 268]",512
309377,"[244, 251, 254, 259, 247]","[256, 260, 272, 239, 268]",628
309390,"[244, 251, 254, 259, 247, 267]","[260, 272, 239, 268]",1183
309465,"[244, 251, 259, 247, 267, 276]","[260, 272, 268, 254]",1145
311670,"[244, 251, 247, 267, 276, 273, 274]","[260, 272, 268, 254]",1145
312774,"[244, 251, 267, 273, 274, 270, 271, 275]","[260, 272, 268, 247, 276]",1193
312807,"[244, 251, 273, 270, 271, 275]","[272, 268, 247, 276, 267, 274]",717
317032,"[244, 251, 270, 271, 275]","[272, 268, 276, 267, 274, 273]",972
318034,"[244, 251, 271, 275]","[272, 276, 267, 274, 273, 270]",1044
319403,"[244, 251, 271]","[272, 276, 267, 273, 270, 275]",754
320817,"[244, 251, 271]","[272, 276, 267, 270, 275]",1298
321289,"[244, 251, 271]","[272, 276, 270, 275]",1578
321833,"[251, 271]","[272, 276, 270, 244]",1152
321883,"[251, 271, 295]","[272, 270, 244]",1485
323849,"[251, 271]","[272, 244, 295]",1106
324479,"[251, 271]","[272, 244]",1960
326350,"[271, 264, 269]","[272, 251]",1768
328695,"[264, 269, 265, 266, 277]","[272, 271]",1652
330328,"[269, 266]","[272, 264, 265, 277]",1825
330636,[294],"[272, 264, 265, 269, 266]",1649
332376,[296],"[264, 265, 269, 266, 294]",1529
332397,"[282, 285, 286]","[264, 265, 266, 294, 296]",1110
334500,"[285, 286, 283, 290, 291, 298]","[264, 266, 294, 296, 282]",587
336576,"[285, 286, 290, 291, 298]","[264, 266, 296, 282, 283]",330
340380,"[285, 286, 290, 291, 298]","[264, 266, 296, 282]",829
340435,"[286, 290, 291, 298]","[264, 266, 282, 285]",1084
340556,"[286, 290, 281, 289, 293, 299]","[266, 282, 285, 291, 298]",656
341399,"[286, 290, 289, 299]","[266, 285, 291, 298, 281, 293]",1066
341575,"[286, 290, 299]","[266, 285, 291, 281, 293, 289]",883
343885,"[286, 290]","[266, 285, 291, 281, 293, 299]",1040
344007,"[286, 290, 278, 279, 280, 284, 287, 288, 292, 297]","[285, 291, 281, 293, 299]",1477
345435,"[290, 278, 279, 280, 287, 288, 292, 297]","[285, 291, 281, 293, 299, 286]",168
346700,"[290, 278, 279, 280, 287, 292, 297]","[285, 291, 281, 293, 299, 288]",1347
347315,"[290, 279, 287, 292, 297]","[285, 291, 293, 299, 288, 278, 280]",650
348343,"[290, 279, 287, 292, 297]","[285, 291, 293, 299, 278, 280]",780
348512,"[290, 279, 292, 297]","[285, 291, 293, 278, 280, 287]",612
349142,"[290, 279, 292, 297]","[285, 291, 293, 278, 287]",1055
349650,"[290, 292, 297, 301]","[291, 293, 278, 287, 279]",781
350325,"[290, 297, 301, 307]","[293, 278, 287, 279, 292]",548
351654,"[290, 297, 301]","[293, 278, 279, 292, 307]",816
352319,"[290, 297, 304, 305]","[293, 278, 279, 307, 301]",773
352700,"[290, 297, 304]","[293, 279, 307, 301, 305]",809
354520,"[290, 297, 304]","[293, 279, 307, 305]",1518
356231,"[290, 297]","[293, 307, 305, 304]",1270
357915,"[290, 297]","[293, 307, 305]",2407
359162,[297],"[293, 307, 290]",1225
359173,[297],"[293, 290]",1626
360294,"[297, 300, 308]",[290],1815
362215,"[300, 308, 302, 303, 309, 310]",[297],1798
364252,"[308, 303, 310, 306, 311, 312]","[300, 302, 309]",1714
365004,"[303, 306, 312]","[300, 302, 309, 310, 311]",220
367690,"[303, 306, 312]","[300, 302, 309, 310]",1120
368147,"[306, 312]","[300, 302, 309, 303]",631
370617,[312],"[302, 309, 303, 306]",764
371843,"[313, 321, 322, 323]","[302, 309, 303, 306]",764
371865,"[313, 315]","[309, 303, 306, 321, 323, 322]",579
373246,[313],"[303, 306, 321, 323, 322, 315]",704
373487,"[313, 316, 318, 319, 325, 327]","[303, 321, 323, 322, 315]",1245
373626,"[316, 318, 319, 325, 327]","[303, 323, 322, 315, 313]",365
373824,"[318, 319, 325, 327, 314, 317, 320, 324, 326]","[323, 322, 315, 313, 316]",1192
375014,"[319, 327, 314, 317, 320, 324, 341]","[323, 322, 315, 313, 316, 318, 326]",473
376020,"[319, 327, 314, 317, 320, 324, 341]","[323, 322, 315, 316, 318, 326]",1465
376283,"[327, 314, 320, 324, 341]","[322, 315, 316, 318, 326, 319, 317]",503
377908,"[327, 314, 320, 324, 328, 334]","[315, 316, 318, 326, 319, 317, 341]",197
378237,"[327, 314, 320, 324, 328]","[315, 316, 318, 326, 317, 341, 334]",633
379033,"[327, 314, 320, 324, 346]","[315, 316, 318, 317, 341, 334, 328]",561
380117,"[327, 314, 320, 324, 346]","[315, 316, 318, 317, 334, 328]",1057
380126,"[314, 320, 324, 346, 353]","[315, 318, 317, 334, 328, 327]",490
380753,"[314, 320, 324, 346, 336]","[318, 317, 334, 328, 327, 353]",574
382501,"[314, 320, 324, 346, 330, 340, 348, 350]","[318, 317, 334, 328, 353, 336]",1074
385165,"[314, 324, 346, 330, 348, 350]","[318, 317, 334, 328, 353, 320, 340]",415
385855,"[314, 324, 346, 348, 350]","[318, 334, 328, 353, 320, 340, 330]",695
385991,"[314, 324, 346, 350]","[318, 328, 353, 320, 340, 330, 348]",567
386712,"[314, 324, 346, 343, 345, 349, 351]","[318, 328, 353, 340, 330, 348, 350]",771
386766,"[314, 324, 346, 345, 349, 351, 339]","[328, 353, 340, 330, 348, 350, 343]",466
387095,"[314, 324, 346, 349, 351, 339]","[353, 340, 330, 348, 350, 343, 345]",583
387844,"[314, 324, 346, 351, 339]","[353, 340, 330, 350, 343, 345, 349]",571
387903,"[314, 324, 346, 339]","[353, 330, 350, 343, 345, 349, 351]",265
389697,"[314, 324, 346, 339]","[353, 350, 343, 345, 349, 351]",635
390807,"[314, 324, 346, 364]","[353, 350, 343, 345, 349, 351]",635
390843,"[314, 324, 346, 364]","[353, 350, 343, 345, 351]",951
391720,"[314, 346, 364]","[353, 350, 345, 351, 324]",748
393032,"[314, 346, 364]","[350, 345, 351, 324]",1234
393310,"[314, 364]","[350, 351, 324, 346]",392
394803,"[314, 364, 329, 332, 338, 352, 354]","[350, 351, 346]",1324
395539,"[314, 329, 332, 338, 352]","[350, 346, 364, 354]",666
396688,"[314, 332, 338, 352]","[350, 364, 354, 329]",1193
397095,"[314, 338, 352]","[350, 364, 329, 332]",181
398568,"[314, 338, 352]","[350, 329, 332]",1272
398998,"[314, 352]","[329, 332, 338]",827
402147,"[314, 352]","[332, 338]",1392
402853,"[314, 365]","[338, 352]",1262
403110,[314],"[352, 365]",2076
407220,"[331, 333, 335, 337, 342, 344, 347, 355]","[352, 365]",2076
408306,"[333, 337, 342]","[352, 331, 335, 344, 355, 347]",360
408360,"[333, 337, 342, 370]","[331, 335, 344, 355, 347]",1597
408631,"[337, 342, 370, 369]","[331, 335, 344, 347, 333]",1270
408984,"[342, 370, 369, 362]","[331, 335, 347, 333, 337]",267
409913,"[342, 370, 369, 362, 360, 361, 363]","[331, 335, 347, 337]",1001
412717,"[342, 370, 362, 360, 361, 363]","[331, 335, 347, 337]",1001
414843,"[342, 370, 362, 360, 361, 363]","[331, 335, 347]",2238
416631,"[370, 362, 360, 361, 363, 359, 366]","[331, 347, 342]",1028
416686,"[370, 362, 360, 361, 363, 366, 367, 368]","[347, 342, 359]",1021
417315,"[370, 362, 360, 361, 363, 366, 367, 357]","[342, 359, 368]",1392
418944,"[370, 360, 361, 363, 366, 367, 357, 356, 358]","[359, 368, 362]",1619
420277,"[370, 360, 361, 363, 367, 357, 356, 358]","[359, 362, 366]",540
421778,"[370, 360, 361, 363, 367, 357, 356]","[359, 366, 358]",1369
422818,"[370, 360, 361, 363, 357, 356]","[359, 358, 367]",1525
425151,"[370, 360, 361, 363]","[358, 367, 357, 356]",512
425457,"[370, 360, 361, 363]","[358, 367, 357]",1221
426635,"[370, 360, 361, 363, 372]","[358, 367]",1969
427690,"[360, 361, 363, 372]","[358, 370]",1296
430051,"[360, 361, 363]","[370, 372]",1271
430618,"[360, 361, 363, 375]",[372],3019
434956,"[361, 363, 371, 373, 380, 381]","[372, 375]",2682
435189,"[363, 371, 380, 381]","[375, 361, 373]",808
436763,"[363, 371, 380, 381]","[375, 361]",1222
436813,"[363, 380, 381]","[361, 371]",358
438897,"[363, 380, 381, 376]",[371],2299
439683,"[380, 381, 376, 383, 404]",[363],1643
442654,"[381, 376, 383, 374, 377, 378, 379]","[380, 404]",1988
443279,"[376, 383, 374, 377, 378, 379, 405]","[404, 381]",1658
447137,"[383, 377, 378, 379, 405, 387, 391]","[404, 376, 374]",1503
448029,"[377, 379, 405, 387, 391, 386, 392, 396, 397, 401]","[404, 374, 383, 378]",613
448414,"[377, 405, 387, 391, 386, 392, 396, 397, 401, 394, 402]","[404, 383, 378, 379]",1092
448649,"[405, 387, 391, 386, 396, 397, 401, 394, 402]","[383, 378, 379, 377, 392]",423
452907,"[405, 387, 391, 386, 396, 397, 401, 394, 402]","[378, 379, 377, 392]",1368
455174,"[387, 391, 386, 397, 401, 394, 402, 389, 395, 403]","[378, 379, 392, 405, 396]",1043
455400,"[391, 386, 397, 401, 402, 389, 395, 403, 385, 398]","[378, 392, 405, 396, 387, 394]",607
456045,"[391, 386, 397, 401, 402, 395, 403, 385, 398]","[378, 405, 396, 387, 394, 389]",619
456868,"[391, 386, 397, 401, 402, 395, 403, 398]","[378, 405, 396, 394, 389, 385]",769
458064,"[391, 386, 397, 401, 395, 403, 398, 382, 384, 388, 390, 393, 399, 400]","[405, 396, 394, 389, 385, 402]",622
460037,"[391, 386, 397, 401, 395, 403, 398, 382, 388, 390, 393, 399, 400]","[405, 394, 389, 385, 402, 384]",498
461175,"[391, 386, 397, 401, 395, 403, 398, 382, 390, 399, 400]","[394, 389, 385, 402, 384, 388, 393]",692
461987,"[391, 386, 397, 401, 395, 398, 382, 390, 399, 400]","[389, 385, 402, 384, 388, 393, 403]",539
462592,"[391, 386, 397, 401, 395, 398, 382, 390, 400]","[389, 385, 402, 384, 393, 403, 399]",440
462616,"[391, 386, 397, 401, 395, 398, 382, 390, 400]","[389, 385, 402, 384, 403, 399]",638
463867,"[391, 386, 397, 401, 395, 398, 382, 390, 415]","[389, 385, 402, 384, 399, 400]",820
464233,"[391, 397, 401, 395, 398, 382, 390, 415]","[389, 385, 384, 399, 400, 386]",723
464544,"[391, 397, 401, 395, 398, 390, 415]","[389, 384, 399, 400, 386, 382]",317
465863,"[391, 397, 401, 395, 398, 390, 415]","[389, 384, 399, 400, 386]",1011
466022,"[391, 401, 395, 398, 390, 415]","[384, 399, 400, 386, 397]",504
466376,"[391, 401, 395, 398, 390, 415]","[399, 400, 386, 397]",1059
468942,"[391, 395, 398, 390, 415, 420]","[399, 400, 386, 397]",1059
472271,"[391, 398, 390, 415, 420]","[400, 386, 397, 395]",630
472576,"[391, 398, 390, 415]","[400, 386, 395, 420]",986
473625,"[391, 390, 415, 408]","[386, 395, 420, 398]",764
473760,"[391, 390, 415, 417]","[395, 420, 398, 408]",1155
479111,"[391, 390, 415, 421]","[420, 398, 408, 417]",965
479560,"[391, 390, 415, 409, 412, 414, 416, 419]","[420, 408, 417, 421]",1302
480033,"[390, 415, 409, 412, 414, 416, 419]","[420, 408, 421, 391]",985
484176,"[390, 415, 412, 416, 419]","[420, 421, 391, 409, 414]",423
484315,"[390, 415, 412, 416, 419]","[420, 391, 409, 414]",818
485388,"[390, 415, 412, 419]","[391, 409, 414, 416]",573
485944,"[390, 415, 412, 419, 406, 410, 411, 418]","[409, 414, 416]",1806
487120,"[415, 412, 419, 410, 411, 418]","[409, 416, 390, 406]",1045
488356,"[415, 412, 419, 411, 418]","[409, 416, 390, 410]",463
489921,"[415, 412, 419, 411, 418]","[409, 416, 390]",1419
491093,"[415, 419, 411, 418]","[409, 390, 412]",1057
491666,"[415, 419, 411, 407, 413]","[409, 412, 418]",1645
494479,"[419, 411, 407, 413, 427]","[412, 418, 415]",390
495183,"[419, 411, 407, 413, 435]","[418, 415, 427]",1350
496601,"[411, 407, 413, 435, 424]","[418, 427, 419]",1463
497548,"[407, 413, 435, 424]","[418, 419, 411]",213
497885,"[407, 413, 435, 424]","[419, 411]",784
500875,"[413, 435, 424, 431, 434, 441]","[411, 407]",1665
501628,"[435, 431, 434, 440]","[407, 413, 424, 441]",1589
505979,"[431, 440, 423, 425, 426, 429, 432, 436, 438, 439]","[407, 424, 441, 435, 434]",612
507738,"[431, 423, 425, 429, 432, 436, 438, 439]","[407, 424, 441, 435, 434, 426]",287
508428,"[431, 423, 425, 429, 432, 436, 439, 422, 428, 430, 433, 437, 442]","[424, 441, 435, 434, 426, 438]",521
509045,"[431, 423, 425, 429, 432, 436, 422, 428, 433, 437, 442]","[424, 441, 434, 426, 438, 439, 430]",620
509308,"[431, 423, 425, 429, 432, 436, 422, 433, 437, 442]","[424, 441, 434, 438, 439, 430, 428]",527
509694,"[431, 423, 425, 429, 432, 436, 422, 433, 442, 444]","[441, 434, 438, 439, 430, 428, 437]",526
509746,"[431, 423, 425, 429, 432, 436, 422, 433, 442]","[441, 438, 439, 430, 428, 437, 444]",957
510341,"[431, 423, 425, 429, 432, 436, 422, 433]","[438, 439, 430, 428, 437, 444, 442]",861
512397,"[431, 423, 425, 429, 432, 436, 422, 433]","[438, 439, 430, 428, 437, 444]",1645
513827,"[423, 425, 429, 432, 436, 422, 433]","[439, 430, 428, 437, 444, 431]",728
514265,"[423, 425, 429, 432, 436, 422, 433]","[430, 428, 437, 444, 431]",938
514773,"[423, 425, 429, 432, 436, 422, 433]","[428, 437, 444, 431]",1111
515190,"[423, 425, 429, 432, 436, 422, 433]","[428, 437, 431]",1581
516312,"[425, 429, 432, 436, 422, 433, 449]","[428, 437, 423]",1544
517524,"[429, 432, 436, 422, 433, 449]","[428, 423, 425]",551
517801,"[429, 432, 436, 422, 433, 449]","[428, 425]",1725
521632,"[432, 436, 422, 433, 449]","[425, 429]",975
521983,"[432, 436, 422, 433, 443, 451, 454]","[429, 449]",1716
522559,"[436, 422, 433, 443, 454]","[449, 432, 451]",1393
524673,"[422, 433, 443, 454, 469]","[449, 432, 436]",358
525518,"[422, 433, 443, 454, 469, 445, 455, 458]","[449, 432]",1590
526953,"[433, 443, 454, 469, 445, 455, 458, 447, 452]","[449, 422]",1596
528873,"[443, 454, 469, 445, 455, 447, 452]","[449, 422, 433]",442
530456,"[443, 454, 469, 445, 455, 447, 452, 446]","[449, 422]",1596
531379,"[454, 469, 455, 447, 452, 446, 448, 450, 453, 456, 457]","[449, 443, 445]",1564
533720,"[469, 447, 452, 446, 448, 450, 453, 456, 457]","[449, 443, 454, 455]",868
534532,"[469, 447, 446, 448, 450, 456, 457]","[443, 454, 455, 452, 453]",647
534550,"[469, 447, 448, 450, 456, 457]","[443, 455, 452, 453, 446]",800
536765,"[469, 447, 450, 457]","[443, 455, 452, 453, 448, 456]",852
537244,"[469, 447]","[443, 455, 452, 448, 456, 450, 457]",278
540487,"[469, 447]","[443, 455, 452, 448, 450, 457]",507
540955,"[469, 447, 459]","[443, 452, 448, 450, 457]",1227
541171,"[469, 459, 462]","[452, 448, 450, 457, 447]",562
541963,"[469, 459, 462, 464, 465]","[452, 450, 457, 447]",922
542686,"[469, 462, 464, 465, 460]","[450, 457, 447, 459]",799
544765,"[469, 462, 465, 460]","[450, 447, 459, 464]",802
547351,"[469, 462, 465, 460, 463, 468]","[450, 459, 464]",1969
548192,"[462, 465, 460, 468, 461, 466, 467]","[459, 464, 469, 463]",713
549288,"[462, 465, 460, 461, 466, 467]","[459, 464, 469, 468]",303
549705,"[462, 465, 460, 461, 466, 467]","[459, 469, 468]",747
551559,"[462, 465, 460, 461, 467]","[459, 468, 466]",1466
552965,"[465, 460, 461]","[468, 466, 462, 467]",824
553728,"[465, 461, 473]","[468, 462, 467, 460]",751
554684,"[465, 461, 473]","[468, 462, 467]",1569
557772,"[461, 473, 478]","[468, 462, 467]",1569
558076,"[473, 474]","[468, 467, 461, 478]",1094
559399,"[473, 482, 483]","[467, 461, 478, 474]",766
560386,"[473, 470, 472, 475, 476, 479]","[467, 478, 474, 482, 483]",1276
562463,"[473, 472, 476, 479, 486]","[467, 478, 474, 482, 470, 475]",487
563315,"[473, 472, 476, 479, 486, 492]","[467, 478, 482, 470, 475]",1395
564665,"[473, 476, 479, 486, 492]","[467, 478, 482, 470, 472]",473
565672,"[473, 476, 479, 486, 492, 494]","[467, 482, 470, 472]",691
565912,"[473, 476, 486, 492, 494]","[467, 470, 472, 479]",275
565925,"[473, 476, 486, 492]","[467, 472, 479, 494]",1068
566836,"[473, 476, 492, 471, 477, 480, 481]","[472, 479, 494, 486]",991
567108,"[473, 476, 471, 477, 480, 481]","[472, 479, 486, 492]",592
567672,"[473, 476, 471, 480, 481]","[479, 486, 492, 477]",1229
574079,"[473, 471, 480, 481, 495]","[479, 486, 492, 476]",567
574163,"[473, 471, 481, 495, 491, 497]","[479, 486, 492, 480]",1265
574377,"[473, 481, 495, 491, 497]","[479, 492, 480, 471]",1131
575799,"[473, 495, 491, 497]","[492, 480, 471, 481]",965
576900,"[473, 491, 497]","[480, 471, 481, 495]",700
581167,"[473, 491, 497]","[480, 471, 495]",1519
583303,"[491, 497]","[480, 471, 473]",782
584361,"[491, 497, 484]","[480, 473]",1494
585238,"[497, 484, 487, 493]","[480, 491]",1821
589578,"[484, 487, 485, 488, 489, 490, 496]","[491, 497, 493]",649
589816,"[484, 487, 485, 488, 490, 496]","[491, 497, 489]",717
591097,"[484, 487, 485, 488, 496, 499]","[497, 489, 490]",1246
591620,"[487, 485, 488, 496, 499]","[489, 490, 484]",1745
595532,"[485, 496, 499]","[489, 490, 484, 488]",1001
595659,"[485, 499]","[489, 484, 488, 496]",873
595697,"[485, 499]","[484, 488, 496]",1248
596213,[485],"[488, 496, 499]",1094
599540,[485],"[488, 499]",1862
600717,[],"[488, 485]",1156
601125,[],[485],1900
604184,[498],[],3500
609880,[],[],3500
