Time,Waiting Queue,Processors Queue,Number of available processors
0,"[0, 1, 2, 3, 4, 5, 6, 7, 8, 9, 10, 11, 12, 13, 14, 15, 16]",[],1500
5438,"[3, 7, 11, 15]","[0, 2, 4, 6, 8, 12, 14, 16, 1, 5, 9, 13]",300
7399,[15],"[0, 2, 4, 6, 8, 12, 14, 16, 1, 9, 13, 3, 11, 7]",188
8929,[22],"[0, 4, 6, 8, 12, 14, 16, 1, 9, 13, 3, 11, 7, 15]",207
12167,[50],"[0, 4, 8, 12, 14, 16, 1, 9, 13, 3, 11, 7, 15, 22]",215
15174,[],"[0, 4, 8, 12, 14, 16, 1, 13, 3, 11, 7, 15, 22, 50]",266
17665,[44],"[0, 4, 12, 14, 16, 1, 13, 3, 11, 7, 15, 22, 50]",338
19833,[],"[0, 4, 12, 14, 16, 1, 3, 11, 7, 15, 22, 50, 44]",374
20871,[41],"[0, 4, 12, 14, 16, 1, 11, 7, 15, 22, 50, 44]",442
22926,[24],"[0, 4, 14, 16, 1, 11, 7, 15, 22, 50, 44, 41]",476
23785,[],"[0, 14, 16, 1, 11, 7, 15, 22, 50, 44, 41, 24]",504
24179,[],"[0, 14, 16, 1, 11, 7, 15, 22, 44, 41, 24]",644
24494,"[18, 23, 34]","[0, 14, 1, 11, 7, 15, 22, 44, 41, 24]",752
29191,[],"[0, 14, 1, 11, 7, 15, 44, 41, 24, 18, 34, 23]",656
30588,[],"[0, 14, 1, 11, 7, 15, 44, 41, 18, 34, 23]",739
31109,"[26, 29, 42]","[0, 14, 1, 7, 15, 44, 41, 18, 34, 23]",835
35651,[],"[0, 14, 1, 7, 15, 44, 41, 34, 23, 26, 42, 29]",698
36428,[],"[0, 14, 7, 15, 44, 41, 34, 23, 26, 42, 29]",772
37275,[],"[0, 14, 7, 15, 41, 34, 23, 26, 42, 29]",846
39935,"[19, 21, 46, 49]","[0, 14, 15, 41, 34, 23, 26, 42, 29]",896
41827,[49],"[0, 14, 15, 34, 23, 26, 42, 29, 19, 46, 21]",802
45834,"[25, 27, 28, 33, 36, 39, 47, 48]","[14, 15, 34, 23, 26, 42, 29, 19, 46, 21, 49]",860
46811,"[33, 48, 17, 20, 43]","[14, 34, 23, 26, 42, 29, 19, 46, 21, 49, 25, 28, 36, 47, 27, 39]",391
48069,[20],"[14, 23, 26, 42, 29, 19, 46, 21, 49, 25, 28, 36, 47, 27, 39, 33, 17, 43, 48]",145
56059,[58],"[14, 23, 26, 42, 29, 19, 46, 21, 49, 25, 28, 36, 47, 27, 39, 33, 17, 48, 20]",254
56813,[],"[14, 23, 26, 42, 29, 46, 21, 49, 25, 28, 36, 47, 27, 39, 33, 17, 48, 20, 58]",179
57510,[],"[14, 23, 26, 42, 29, 46, 21, 49, 28, 36, 47, 27, 39, 33, 17, 48, 20, 58]",356
59710,[],"[14, 23, 26, 42, 29, 46, 21, 49, 28, 36, 47, 27, 39, 33, 48, 20, 58]",486
65275,[],"[14, 23, 26, 42, 29, 21, 49, 28, 36, 47, 27, 39, 33, 48, 20, 58]",595
66371,[],"[14, 23, 26, 42, 29, 21, 49, 28, 36, 27, 39, 33, 48, 20, 58]",731
76849,[],"[14, 23, 26, 42, 29, 21, 49, 28, 36, 39, 33, 48, 20, 58]",845
81814,[57],"[14, 23, 26, 42, 21, 49, 28, 36, 39, 33, 48, 20, 58]",903
82698,[],"[14, 23, 26, 42, 21, 49, 28, 36, 33, 48, 20, 58, 57]",935
83172,[],"[14, 23, 26, 42, 21, 49, 28, 36, 33, 48, 20, 57]",1045
92314,[],"[14, 23, 26, 42, 21, 49, 28, 33, 48, 20, 57]",1115
100464,[],"[14, 23, 26, 42, 21, 49, 28, 33, 20, 57]",1180
103415,"[61, 78]","[14, 23, 42, 21, 49, 28, 33, 20, 57]",1237
106499,[73],"[14, 23, 42, 49, 28, 33, 20, 57, 61, 78]",1144
110906,[],"[14, 23, 49, 28, 33, 20, 57, 61, 78, 73]",995
112790,[],"[14, 23, 49, 28, 33, 57, 61, 78, 73]",1062
123487,[],"[14, 23, 49, 28, 33, 57, 78, 73]",1140
125968,[110],"[14, 23, 49, 28, 33, 57, 78]",1348
139482,[52],"[14, 49, 28, 33, 57, 78, 110]",1324
147809,[],"[14, 49, 28, 33, 57, 110, 52]",1265
162394,[],"[14, 49, 28, 33, 57, 110]",1384
166558,[],"[14, 49, 28, 33, 57]",1448
192582,[],"[14, 49, 28, 33]",1476
198486,"[30, 31, 32, 35, 37, 38, 40, 45]","[49, 28, 33]",1482
204585,"[35, 45]","[49, 28, 33, 30, 32, 37, 40, 38]",1244
218808,[],"[49, 28, 33, 30, 32, 37, 40, 38, 35]",1222
232975,[],"[49, 28, 33, 30, 32, 37, 40, 35]",1332
239802,"[53, 59]","[49, 28, 33, 32, 37, 40, 35]",1413
240402,"[65, 82]","[49, 28, 33, 32, 37, 40, 53, 59]",1377
249321,"[64, 75]","[49, 28, 33, 32, 37, 53, 59, 65, 82]",1307
271851,[],"[49, 28, 33, 32, 37, 53, 59, 65, 82, 64]",1279
279736,[],"[49, 28, 33, 32, 37, 59, 65, 82, 64]",1323
286177,[],"[49, 28, 33, 32, 37, 59, 82, 64]",1354
308250,[],"[49, 28, 33, 32, 37, 59, 64]",1428
310668,"[51, 62]","[28, 33, 32, 37, 59, 64]",1436
320895,[],"[28, 33, 32, 37, 59, 64, 51]",1367
330949,[],"[28, 33, 32, 37, 59, 64]",1436
382773,[],"[28, 33, 32, 37, 59]",1464
468167,[60],"[28, 33, 32, 59]",1471
555786,[],"[28, 33, 32, 59]",1471
599533,[],"[28, 33, 32]",1485
755305,"[63, 66, 67, 69, 71, 72, 83, 84]","[28, 32]",1491
771467,"[69, 84]","[28, 32, 63, 67, 71, 66, 72]",1149
773247,[],"[28, 32, 67, 71, 66, 72, 69, 84]",921
777317,[],"[28, 32, 67, 71, 66, 72, 84]",1020
781955,[92],"[28, 32, 71, 66, 72, 84]",1168
784786,[],"[28, 32, 71, 72, 84, 92]",1199
795154,[],"[28, 32, 72, 84, 92]",1281
799521,[86],"[28, 32, 72, 92]",1441
814050,[],"[28, 32, 92, 86]",1460
867769,"[56, 81]","[32, 92, 86]",1464
869446,[],"[32, 92, 56, 81]",1291
891166,[],"[32, 92, 56]",1397
905579,[97],"[32, 92]",1489
918025,[],"[32, 92]",1489
989140,"[54, 55, 68, 70, 74, 76, 77, 79, 80]",[92],1494
1001607,"[70, 79]","[92, 54, 68, 74, 77, 80, 76]",1182
1003038,[88],"[92, 54, 68, 74, 77, 76, 70, 79]",1089
1004604,"[87, 95, 99, 107]","[92, 54, 74, 77, 76, 70, 79, 88]",1135
1011025,[107],"[92, 54, 74, 77, 76, 70, 79, 88, 87, 95]",979
1016227,[91],"[92, 54, 77, 76, 70, 79, 88, 87, 95, 107]",1017
1018264,[],"[92, 54, 77, 76, 70, 79, 87, 95, 107, 91]",1034
1035376,[122],"[92, 54, 77, 76, 70, 79, 87, 107, 91]",1088
1037199,[],"[92, 54, 77, 76, 70, 79, 107, 91, 122]",1179
1038603,[],"[92, 54, 77, 76, 70, 107, 91, 122]",1270
1055478,"[101, 103, 106]","[92, 77, 76, 70, 107, 91, 122]",1298
1065483,[],"[92, 77, 76, 70, 107, 122, 101, 106, 103]",1104
1067824,"[96, 108]","[92, 77, 70, 107, 122, 101, 106, 103]",1146
1076582,[],"[92, 77, 70, 107, 122, 101, 106, 103, 96]",1106
1077684,[],"[92, 77, 70, 107, 122, 101, 103, 96]",1191
1081965,[],"[92, 77, 70, 107, 122, 103, 96]",1344
1096613,"[90, 102]","[92, 77, 107, 122, 103, 96]",1390
1118431,[],"[92, 77, 107, 122, 103, 96, 90]",1340
1135445,[],"[92, 77, 107, 122, 103, 90]",1380
1138759,[],"[77, 107, 122, 103, 90]",1386
1145847,[],"[77, 107, 122, 90]",1425
1185289,[],"[77, 107, 122]",1475
1456545,"[85, 89, 93, 94, 98, 100, 104, 105, 109]","[107, 122]",1481
1463805,"[94, 105]","[107, 122, 85, 93, 98, 109, 89, 100]",1073
1467969,[121],"[107, 122, 85, 93, 109, 89, 100, 94, 105]",827
1469394,[],"[107, 122, 85, 93, 109, 89, 94, 105, 121]",859
1470766,[113],"[107, 122, 85, 93, 109, 94, 105, 121]",968
1474836,"[118, 123]","[107, 122, 85, 109, 94, 105, 121, 113]",1017
1476958,[111],"[107, 122, 85, 109, 105, 121, 113, 118, 123]",864
1488568,[116],"[107, 122, 85, 109, 121, 113, 118, 123, 111]",896
1489438,[],"[107, 122, 85, 109, 113, 118, 123, 111, 116]",952
1492897,[],"[107, 122, 85, 109, 113, 118, 123, 116]",1062
1493189,[],"[107, 122, 85, 109, 113, 118, 116]",1269
1493219,"[112, 115]","[107, 122, 109, 113, 118, 116]",1302
1501000,[],"[107, 122, 109, 113, 118, 112, 115]",1163
1507585,[],"[107, 122, 109, 113, 118, 115]",1252
1510031,[],"[107, 109, 113, 118, 115]",1263
1517963,"[138, 148]","[107, 109, 118, 115]",1333
1520810,"[124, 125]","[109, 118, 115, 138, 148]",1318
1522785,[136],"[109, 115, 138, 148, 124, 125]",1320
1536768,[139],"[109, 115, 138, 148, 124, 136]",1351
1537563,[],"[109, 115, 138, 124, 136, 139]",1270
1541552,[],"[109, 115, 138, 124, 136]",1356
1541795,[],"[109, 115, 124, 136]",1374
1547690,"[135, 160]","[109, 124, 136]",1445
1577342,"[131, 146, 162]","[109, 136, 135, 160]",1300
1581658,[],"[109, 136, 160, 131, 162, 146]",1264
1585230,[],"[109, 136, 160, 162, 146]",1390
1588335,[],"[109, 136, 162, 146]",1458
1589308,[],"[109, 162, 146]",1483
1801090,"[114, 117, 119, 120, 126]","[162, 146]",1489
1821807,"[120, 130, 164]","[162, 146, 114, 126, 117]",1276
1825801,"[127, 128, 129, 149, 153, 156]","[162, 146, 114, 117, 120, 164, 130]",1310
1838573,[149],"[162, 146, 114, 117, 120, 164, 130, 127, 129, 128, 156]",1150
1847854,[175],"[162, 146, 114, 117, 120, 164, 130, 127, 129, 128, 156]",1150
1847861,[],"[162, 146, 114, 117, 120, 164, 127, 129, 128, 156, 175]",1021
1850696,[],"[162, 146, 114, 117, 120, 164, 127, 128, 156, 175]",1056
1852686,[],"[162, 146, 114, 117, 120, 164, 128, 156, 175]",1112
1854127,[],"[162, 146, 114, 117, 120, 128, 156, 175]",1184
1857940,[],"[162, 146, 114, 117, 120, 128, 156]",1358
1878304,[],"[162, 146, 114, 117, 120, 128]",1392
1883304,[],"[162, 146, 114, 117, 120]",1427
1898936,"[150, 151, 152, 158, 167]","[162, 146, 114, 120]",1474
1931017,[158],"[162, 146, 114, 120, 150, 152, 167]",1355
1943307,[],"[162, 146, 114, 120, 152, 167, 158]",1306
1948059,[],"[162, 146, 114, 120, 152, 167]",1432
1960081,"[132, 140, 144, 154, 157, 161, 165]","[162, 146, 120, 152, 167]",1437
1975320,[154],"[162, 146, 120, 152, 167, 132, 144, 157, 165, 140]",1187
1978825,[170],"[162, 146, 120, 167, 132, 144, 157, 165, 140, 154]",1164
1980658,[],"[162, 146, 120, 167, 132, 144, 165, 140, 154, 170]",1163
1996618,[],"[162, 146, 120, 167, 132, 144, 140, 154, 170]",1231
2006731,[],"[162, 146, 120, 132, 144, 140, 154, 170]",1236
2012358,[],"[162, 146, 120, 132, 144, 140, 154]",1355
2014630,[],"[162, 146, 120, 144, 140, 154]",1404
2026639,[],"[162, 146, 120, 144, 140]",1464
2064959,[],"[162, 146, 120, 144]",1468
2111631,"[133, 134, 137, 141, 142, 143, 145, 147, 155, 159, 163, 166, 168]","[162, 146, 144]",1478
2116675,"[141, 147, 166, 192, 196]","[162, 146, 144, 133, 137, 145, 155, 163, 168, 134, 143, 159]",1011
2116897,"[192, 185]","[162, 146, 144, 133, 137, 145, 155, 163, 168, 143, 159, 141, 166, 196, 147]",804
2119301,[],"[162, 146, 144, 133, 137, 145, 155, 163, 168, 159, 141, 166, 196, 147, 192, 185]",788
2119379,[],"[162, 146, 144, 133, 137, 155, 163, 168, 159, 141, 166, 196, 147, 192, 185]",833
2121742,[],"[162, 146, 133, 137, 155, 163, 168, 159, 141, 166, 196, 147, 192, 185]",844
2123626,[182],"[162, 146, 133, 155, 163, 168, 159, 141, 166, 196, 147, 192, 185]",880
2135396,[],"[162, 146, 133, 163, 168, 159, 141, 166, 196, 147, 192, 185, 182]",748
2136556,[],"[162, 146, 133, 168, 159, 141, 166, 196, 147, 192, 185, 182]",809
2136621,[],"[162, 146, 133, 168, 159, 141, 166, 196, 147, 192, 185]",971
2138900,[207],"[162, 146, 133, 168, 159, 141, 166, 147, 192, 185]",1046
2144232,"[178, 189]","[162, 146, 133, 168, 159, 166, 147, 192, 185, 207]",1175
2145716,"[174, 188, 190, 199]","[162, 146, 133, 168, 166, 147, 192, 185, 207, 178, 189]",1143
2146077,[199],"[162, 146, 133, 166, 147, 192, 185, 207, 178, 189, 174, 190, 188]",1073
2154953,[],"[162, 146, 133, 166, 147, 192, 185, 207, 178, 189, 174, 188, 199]",897
2156788,"[179, 180, 195, 198, 200]","[162, 146, 166, 147, 192, 185, 207, 178, 189, 174, 188, 199]",977
2157207,"[198, 172]","[162, 146, 147, 192, 185, 207, 178, 189, 174, 188, 199, 179, 195, 200, 180]",801
2157367,[],"[162, 146, 147, 192, 185, 207, 178, 174, 188, 199, 179, 195, 200, 180, 198, 172]",689
2159236,[],"[162, 146, 147, 192, 185, 207, 178, 174, 188, 179, 195, 200, 180, 198, 172]",910
2169306,[],"[162, 146, 147, 192, 185, 207, 178, 174, 188, 179, 195, 200, 180, 172]",1054
2180468,[],"[162, 146, 147, 192, 185, 207, 174, 188, 179, 195, 200, 180, 172]",1151
2183253,[],"[162, 146, 147, 192, 185, 207, 174, 188, 195, 200, 180, 172]",1246
2188082,[],"[162, 146, 147, 192, 185, 207, 174, 188, 195, 200, 172]",1307
2200407,"[173, 176, 183]","[146, 147, 192, 185, 207, 174, 188, 195, 200, 172]",1314
2201749,[],"[146, 147, 192, 185, 207, 188, 195, 200, 172, 173, 183, 176]",1123
2216556,[205],"[146, 147, 192, 185, 207, 188, 195, 200, 172, 173, 176]",1299
2220213,[],"[146, 147, 192, 207, 188, 195, 200, 172, 173, 176, 205]",1263
2238961,[],"[146, 147, 192, 207, 188, 195, 200, 172, 176, 205]",1321
2263425,[],"[146, 147, 192, 207, 188, 195, 200, 172, 176]",1368
2276732,[],"[146, 147, 192, 207, 188, 195, 172, 176]",1409
2280859,[],"[146, 147, 192, 207, 188, 172, 176]",1450
2322628,[],"[146, 147, 192, 207, 188, 176]",1456
2331527,[],"[146, 147, 207, 188, 176]",1477
2424410,[],"[146, 147, 207, 176]",1482
2451080,[],"[147, 207, 176]",1486
2537107,"[169, 171, 177, 181, 184, 186, 187, 191, 193, 194, 197]","[207, 176]",1491
2556892,"[181, 191]","[207, 176, 169, 177, 184, 187, 193, 171, 186, 194]",1151
2565858,[202],"[207, 176, 169, 177, 184, 187, 193, 186, 194, 181, 191]",1069
2570731,[],"[207, 176, 169, 177, 184, 187, 193, 186, 194, 181, 191]",1069
2571236,[],"[207, 176, 177, 184, 187, 193, 186, 194, 181, 191]",1172
2571886,[],"[207, 176, 177, 184, 187, 193, 186, 194, 181]",1291
2572082,[213],"[207, 176, 177, 184, 187, 193, 186, 194]",1321
2580889,[],"[207, 176, 177, 187, 193, 186, 194, 213]",1378
2582646,"[209, 215]","[207, 176, 187, 193, 186, 194, 213]",1424
2582684,[],"[207, 176, 187, 193, 186, 194, 209, 215]",1133
2593894,[],"[207, 176, 187, 193, 186, 194, 209]",1360
2599997,[],"[207, 176, 187, 193, 186, 194]",1430
2628748,[],"[207, 176, 187, 193, 186]",1474
2736601,"[204, 214]","[207, 176, 187, 193]",1481
2757056,[],"[207, 176, 187, 193, 214]",1450
2786384,[],"[207, 176, 187, 193]",1481
2834731,[201],"[207, 187, 193]",1485
2852819,[],"[207, 187, 193]",1485
2904354,"[203, 206, 210, 217]","[207, 187]",1490
2920035,"[217, 220]","[207, 187, 203, 206]",1431
2947984,[],"[207, 187, 203, 206, 220]",1335
2957160,[],"[207, 187, 203, 206]",1431
2964264,"[219, 239]","[207, 187, 206]",1485
3007738,[],"[207, 187, 206, 239]",1400
3011128,[],"[207, 187, 206]",1485
3045466,"[230, 243, 259]","[187, 206]",1490
3059344,[],"[187, 206, 230, 259]",1377
3075364,[],"[187, 206, 259]",1430
3082947,[],"[187, 206]",1490
3161767,"[208, 211, 212, 216, 218]",[206],1495
3169822,"[216, 221, 227, 255]","[206, 208, 212, 218]",1299
3171015,"[255, 224, 237, 241, 252]","[206, 208, 218, 216, 227, 221]",1118
3174510,[241],"[206, 208, 218, 216, 227, 221, 255, 237, 224]",984
3175862,[],"[206, 208, 218, 216, 227, 221, 237, 224, 241]",879
3175992,[242],"[206, 218, 216, 227, 221, 237, 224, 241]",1003
3192375,[274],"[206, 218, 216, 227, 221, 237, 224, 242]",1041
3192501,[],"[206, 218, 216, 227, 221, 237, 224, 274]",1055
3194258,[],"[206, 218, 216, 227, 237, 224, 274]",1205
3202250,"[235, 238, 249, 256, 263]","[206, 218, 227, 237, 224, 274]",1249
3205200,"[256, 225, 229, 233, 240, 244, 246, 247, 248, 254, 257, 258, 260, 261]","[218, 227, 237, 224, 274, 235, 249, 263, 238]",1087
3205908,"[233, 247, 258]","[218, 237, 224, 274, 235, 249, 263, 238, 256, 229, 240, 246, 248, 257, 260, 225, 244, 254, 261]",58
3218817,"[233, 247]","[218, 237, 224, 274, 235, 249, 263, 238, 256, 229, 240, 246, 257, 260, 225, 244, 254, 261, 258]",335
3219238,[],"[218, 237, 224, 274, 235, 249, 263, 238, 256, 229, 240, 246, 257, 260, 225, 254, 261, 258, 233, 247]",332
3221697,[],"[218, 237, 224, 274, 235, 249, 263, 238, 256, 229, 240, 257, 260, 225, 254, 261, 258, 233, 247]",427
3222080,[],"[218, 237, 224, 274, 235, 249, 263, 238, 256, 229, 240, 257, 260, 254, 261, 258, 233, 247]",482
3223978,[],"[218, 224, 274, 235, 249, 263, 238, 256, 229, 240, 257, 260, 254, 261, 258, 233, 247]",516
3224096,[],"[218, 224, 274, 235, 249, 238, 256, 229, 240, 257, 260, 254, 261, 258, 233, 247]",574
3224176,[],"[218, 224, 235, 249, 238, 256, 229, 240, 257, 260, 254, 261, 258, 233, 247]",683
3225180,[280],"[218, 224, 249, 238, 256, 229, 240, 257, 260, 254, 261, 258, 233, 247]",720
3227867,[],"[218, 224, 238, 256, 229, 240, 257, 260, 254, 261, 258, 233, 247, 280]",736
3232372,[],"[218, 224, 238, 256, 229, 240, 260, 254, 261, 258, 233, 247, 280]",816
3233167,[],"[218, 238, 256, 229, 240, 260, 254, 261, 258, 233, 247, 280]",860
3233741,[],"[218, 238, 256, 229, 240, 254, 261, 258, 233, 247, 280]",965
3237908,[],"[218, 238, 256, 229, 240, 254, 261, 258, 233, 280]",1109
3241762,[],"[218, 238, 256, 229, 240, 261, 258, 233, 280]",1191
3242388,[],"[218, 238, 256, 229, 240, 261, 258, 280]",1261
3243846,[],"[218, 238, 229, 240, 261, 258, 280]",1325
3248348,[],"[218, 238, 229, 240, 261, 258]",1377
3282241,[264],"[218, 238, 240, 261, 258]",1430
3290873,[],"[218, 238, 261, 258, 264]",1306
3293278,[],"[218, 238, 261, 258]",1481
3431017,[265],"[218, 238, 258]",1487
3462538,[],"[218, 238, 258]",1487
3959984,[],"[218, 238]",1492
4138978,[],[218],1496
4337225,"[222, 223, 226, 228, 231, 232, 234, 236, 245, 250, 251, 253, 262]",[],1500
4341449,"[228, 236, 253]","[222, 226, 234, 245, 251, 262, 223, 232, 250]",1144
4345914,[],"[222, 234, 245, 251, 262, 223, 232, 250, 228, 253, 236]",1090
4351140,[],"[222, 234, 245, 251, 262, 232, 250, 228, 253, 236]",1129
4351842,[],"[222, 234, 245, 251, 232, 250, 228, 253, 236]",1175
4358036,[],"[222, 234, 245, 232, 250, 228, 253, 236]",1247
4363320,[],"[234, 245, 232, 250, 228, 253, 236]",1310
4382324,[273],"[234, 245, 232, 250, 228, 236]",1396
4405034,[],"[234, 245, 232, 250, 228, 236]",1396
4411329,[],"[234, 245, 232, 250, 228]",1448
4487739,[266],"[234, 232, 250, 228]",1471
4507999,[309],"[234, 232, 250, 228]",1471
4600207,[],"[234, 232, 250, 228]",1471
4758648,"[272, 275]","[232, 250, 228]",1479
4765937,[],"[232, 250, 228, 275]",1425
4766156,[],"[232, 250, 228]",1479
4824043,"[268, 270, 271]","[232, 228]",1488
4835317,"[283, 292]","[232, 228, 268, 270]",1369
4853054,[],"[232, 228, 268, 270, 283]",1254
4854874,[],"[232, 228, 268, 270]",1369
4873666,[281],"[232, 228, 270]",1444
4906557,[],"[232, 228, 270]",1444
4910007,"[291, 294, 301]","[232, 228]",1488
4937402,[],"[232, 228, 301, 294]",1381
4949728,[],"[232, 228, 294]",1432
4962961,[324],"[232, 228]",1488
4971494,[],"[232, 228]",1488
5063273,[269],[228],1495
5088000,"[267, 276, 277, 278, 279]",[269],1431
5102837,"[278, 282, 284, 286, 302]","[267, 277, 279, 276]",1361
5115193,"[286, 306]","[267, 277, 276, 278, 284, 302, 282]",1036
5124647,[],"[267, 277, 276, 278, 284, 302, 282, 286]",909
5126255,[299],"[267, 277, 276, 284, 302, 282, 286]",1027
5130973,[],"[267, 277, 276, 284, 282, 286, 299]",1065
5135285,[],"[267, 277, 276, 284, 282, 286]",1122
5135758,[320],"[267, 277, 276, 284, 282]",1249
5139708,[293],"[267, 276, 284, 282, 320]",1288
5140413,[],"[267, 276, 284, 282, 293]",1177
5143552,[],"[267, 276, 284, 293]",1263
5146102,[],"[267, 276, 293]",1334
5154904,[],"[267, 276]",1458
5213003,"[287, 288, 289, 290, 305, 312]",[276],1495
5225964,[290],"[276, 287, 289, 305, 312]",916
5228809,[326],"[276, 289, 305, 312, 290]",1076
5230537,[],"[276, 289, 305, 312, 326]",1009
5236400,[],"[276, 289, 312, 326]",1175
5238212,[],"[276, 289, 326]",1270
5239598,[],"[276, 289]",1386
5249914,[316],[276],1495
5274228,[],[276],1495
6056376,"[285, 295, 296, 297, 298, 300, 303, 304, 307, 308, 310, 311]",[],1500
6057849,"[297, 304, 311]","[285, 296, 303, 307, 310, 295, 300, 308]",819
6059758,[],"[285, 296, 303, 307, 310, 300, 308, 297, 311, 304]",630
6060673,[],"[285, 303, 307, 310, 300, 308, 297, 311, 304]",700
6067479,[334],"[285, 303, 307, 300, 308, 297, 311, 304]",728
6073679,"[317, 322]","[285, 303, 307, 300, 297, 311, 304, 334]",870
6075971,[],"[285, 303, 307, 300, 297, 304, 334, 317, 322]",880
6077353,[],"[285, 303, 307, 300, 297, 304, 334, 317]",913
6081961,[333],"[285, 303, 307, 297, 304, 334, 317]",1069
6082221,"[318, 323]","[285, 307, 297, 304, 334, 317, 333]",1018
6085069,[336],"[285, 297, 304, 334, 317, 333, 318, 323]",901
6085538,[],"[297, 304, 334, 317, 333, 318, 323, 336]",880
6086717,"[319, 325, 328, 330, 331, 335]","[297, 334, 317, 333, 318, 323, 336]",1019
6091388,[330],"[297, 334, 317, 333, 318, 323, 319, 328, 331, 325, 335]",616
6096033,"[341, 366]","[297, 334, 317, 333, 318, 323, 319, 328, 331, 325, 330]",710
6100269,[],"[297, 334, 317, 333, 318, 319, 328, 331, 325, 330, 341, 366]",798
6101489,[],"[297, 334, 317, 318, 319, 328, 331, 325, 330, 341, 366]",917
6103986,[],"[297, 334, 317, 318, 319, 328, 331, 325, 330, 366]",940
6104163,[],"[297, 334, 317, 319, 328, 331, 325, 330, 366]",1066
6107002,[370],"[297, 334, 317, 328, 331, 325, 330, 366]",1233
6115374,[352],"[297, 334, 328, 331, 325, 330, 366, 370]",1158
6119514,"[337, 374]","[297, 334, 328, 325, 330, 366, 370, 352]",1275
6127870,[],"[297, 334, 325, 330, 366, 370, 352, 337, 374]",1180
6129041,[],"[297, 334, 325, 330, 366, 370, 352, 374]",1315
6133599,[],"[297, 334, 325, 330, 366, 352, 374]",1408
6172811,[],"[297, 334, 325, 330, 366, 352]",1453
6184675,[399],"[297, 334, 325, 330, 352]",1458
6203383,[],"[297, 334, 325, 330, 352]",1458
6217917,[],"[297, 334, 330, 352]",1467
6237291,[],"[297, 334, 330]",1474
6282800,[],"[297, 334]",1489
6961767,"[354, 363]",[297],1495
7015176,"[313, 314, 315, 321, 327, 329, 332]","[354, 363]",1481
7030712,"[321, 347, 357]","[354, 363, 315, 327, 332, 314, 329]",1149
7033369,[346],"[354, 363, 315, 327, 332, 329, 321, 357, 347]",1060
7043619,"[345, 349, 350]","[354, 363, 327, 332, 329, 321, 357, 347, 346]",1077
7048471,[],"[354, 363, 327, 332, 329, 321, 357, 346, 345, 350, 349]",865
7048712,[],"[354, 327, 332, 329, 321, 357, 346, 345, 350, 349]",873
7054113,"[355, 356]","[354, 332, 329, 321, 357, 346, 345, 350, 349]",943
7056110,[],"[354, 332, 329, 321, 357, 346, 350, 349, 355, 356]",840
7058375,[376],"[354, 332, 329, 321, 357, 346, 349, 355, 356]",1093
7064321,"[340, 351, 353, 361, 371]","[354, 332, 321, 357, 346, 349, 355, 356, 376]",1137
7070269,"[361, 338, 339, 342, 343, 344, 359, 362, 367, 368, 373, 375]","[354, 332, 357, 346, 349, 355, 356, 376, 340, 353, 371, 351]",980
7074800,"[342, 362, 375]","[354, 332, 357, 346, 349, 355, 356, 376, 340, 353, 351, 361, 339, 343, 359, 367, 373, 338, 344, 368]",540
7075162,[409],"[354, 332, 357, 346, 349, 355, 356, 376, 340, 353, 351, 361, 339, 343, 359, 367, 373, 344, 368, 342, 375, 362]",482
7081483,[],"[354, 332, 357, 346, 349, 355, 356, 376, 340, 353, 361, 339, 343, 359, 367, 373, 344, 368, 342, 375, 362, 409]",451
7082615,[],"[354, 332, 357, 346, 349, 355, 356, 376, 353, 361, 339, 343, 359, 367, 373, 344, 368, 342, 375, 362, 409]",528
7083219,[],"[354, 332, 357, 346, 349, 355, 356, 353, 361, 339, 343, 359, 367, 373, 344, 368, 342, 375, 362, 409]",565
7083341,[407],"[354, 332, 357, 346, 349, 355, 356, 353, 361, 343, 359, 367, 373, 344, 368, 342, 375, 362, 409]",587
7084903,[],"[354, 332, 357, 346, 349, 356, 353, 361, 343, 359, 367, 373, 344, 368, 342, 375, 362, 409, 407]",664
7090373,[],"[354, 332, 357, 346, 349, 356, 353, 343, 359, 367, 373, 344, 368, 342, 375, 362, 409, 407]",766
7093316,[],"[354, 332, 357, 346, 349, 356, 353, 343, 359, 367, 373, 344, 368, 342, 362, 409, 407]",792
7096767,"[391, 413]","[354, 332, 357, 346, 349, 356, 353, 343, 359, 367, 373, 344, 342, 362, 409, 407]",922
7097950,[421],"[354, 332, 357, 346, 349, 356, 353, 343, 359, 367, 373, 344, 342, 362, 407, 391, 413]",926
7099817,[],"[354, 332, 357, 346, 349, 356, 353, 343, 359, 367, 373, 344, 362, 407, 391, 413, 421]",872
7101436,[],"[354, 332, 357, 346, 349, 356, 353, 343, 359, 367, 373, 344, 362, 407, 391, 421]",894
7102020,[],"[354, 332, 357, 346, 349, 356, 353, 359, 367, 373, 344, 362, 407, 391, 421]",991
7106151,[],"[354, 332, 357, 346, 349, 356, 359, 367, 373, 344, 362, 407, 391, 421]",1031
7119704,[],"[354, 332, 357, 346, 349, 356, 359, 367, 373, 344, 362, 391, 421]",1060
7121631,[],"[354, 332, 357, 349, 356, 359, 367, 373, 344, 362, 391, 421]",1093
7125763,[],"[354, 332, 357, 349, 356, 359, 367, 373, 344, 362, 421]",1183
7126011,[382],"[354, 332, 357, 349, 356, 359, 367, 373, 362, 421]",1245
7127132,[396],"[354, 332, 357, 349, 359, 367, 373, 362, 421, 382]",1276
7127240,[394],"[354, 332, 357, 349, 359, 367, 373, 421, 382, 396]",1285
7144441,[],"[354, 332, 357, 349, 359, 367, 373, 382, 396, 394]",1375
7152914,"[348, 358, 360, 364, 365, 369, 372]","[354, 357, 349, 359, 367, 373, 382, 396, 394]",1385
7159684,[364],"[354, 357, 349, 359, 367, 373, 382, 396, 394, 360, 365, 372, 358, 369]",870
7162304,[385],"[354, 357, 349, 359, 367, 373, 382, 396, 394, 360, 365, 372, 369, 364]",885
7162425,[],"[354, 357, 359, 367, 373, 382, 396, 394, 360, 365, 372, 369, 364, 385]",859
7174335,[],"[354, 357, 359, 367, 373, 382, 396, 394, 360, 365, 372, 364, 385]",1025
7175541,[389],"[354, 357, 359, 367, 373, 382, 396, 394, 360, 372, 364, 385]",1159
7175569,[],"[354, 357, 359, 367, 373, 382, 394, 360, 372, 364, 385, 389]",1116
7175867,[],"[354, 357, 359, 367, 373, 382, 394, 360, 372, 364, 389]",1178
7184520,[381],"[354, 357, 359, 367, 373, 382, 394, 360, 372, 389]",1276
7197037,[],"[354, 357, 359, 367, 373, 382, 394, 360, 372, 381]",1348
7199967,"[390, 393]","[354, 357, 359, 367, 373, 382, 394, 372, 381]",1410
7216027,[],"[354, 357, 359, 367, 373, 382, 394, 372, 381, 390]",1353
7247247,[377],"[354, 357, 359, 367, 373, 382, 394, 381, 390]",1393
7257293,[],"[354, 357, 359, 367, 373, 382, 394, 381, 377]",1432
7268537,[],"[354, 357, 359, 367, 373, 382, 394, 381]",1450
7357388,[],"[354, 357, 359, 367, 373, 394, 381]",1456
7425545,"[388, 392, 398, 402]","[354, 357, 359, 367, 394, 381]",1462
7444438,[402],"[354, 357, 359, 367, 394, 381, 388, 392]",1399
7449457,"[378, 412]","[357, 359, 367, 394, 381, 388, 392, 402]",1387
7449590,"[401, 411]","[359, 367, 394, 381, 388, 392, 402, 378, 412]",1312
7450339,[],"[359, 367, 394, 381, 388, 392, 378, 412, 401, 411]",1312
7456363,[],"[359, 367, 394, 381, 392, 378, 412, 401, 411]",1369
7464319,[],"[359, 367, 394, 381, 392, 378, 412, 411]",1384
7489552,[],"[359, 367, 394, 381, 392, 412, 411]",1461
7528292,[],"[359, 367, 394, 381, 392, 411]",1465
7529162,"[383, 384, 403, 404, 406, 410]","[359, 394, 381, 392, 411]",1470
7543887,[404],"[359, 394, 381, 392, 411, 383, 406, 384, 410]",1157
7553376,[],"[359, 394, 381, 392, 411, 383, 384, 410, 404]",1170
7553786,[],"[359, 394, 381, 392, 411, 383, 410, 404]",1208
7570053,[],"[359, 394, 381, 392, 411, 410, 404]",1311
7573583,[],"[359, 394, 381, 392, 411, 404]",1396
7592615,[],"[359, 394, 381, 392, 411]",1470
7718556,[],"[359, 394, 381, 392]",1478
7846278,[],"[359, 381, 392]",1483
7871673,[432],"[359, 381]",1489
7882124,[],"[359, 381]",1489
7940753,[],[359],1495
7971210,"[379, 380, 386, 387, 395, 397, 400, 405, 408]",[],1500
7983169,"[387, 405]","[386, 395, 400, 408, 380, 397]",1020
7987085,[],"[386, 395, 400, 408, 397, 387, 405]",958
7996407,[423],"[386, 395, 400, 408, 397, 405]",1153
8003097,[427],"[386, 395, 408, 397, 405, 423]",1136
8009519,"[414, 422]","[386, 395, 408, 397, 423, 427]",989
8015829,[],"[386, 395, 408, 397, 423, 414, 422]",1140
8016656,"[417, 419, 426]","[386, 395, 397, 423, 414, 422]",1210
8018228,[463],"[386, 395, 397, 414, 422, 417, 426, 419]",1186
8021799,[],"[386, 395, 397, 414, 422, 417, 419, 463]",1281
8023147,[],"[386, 395, 397, 422, 417, 419, 463]",1356
8034419,"[446, 453]","[386, 395, 397, 422, 419, 463]",1379
8048520,"[415, 416, 431, 433]","[386, 397, 422, 419, 463, 446, 453]",1259
8057876,[433],"[386, 397, 422, 419, 463, 453, 415, 431, 416]",1240
8058286,[],"[386, 397, 422, 419, 463, 453, 415, 416, 433]",1145
8060491,[],"[386, 397, 422, 419, 463, 415, 416, 433]",1212
8069849,[],"[386, 397, 422, 419, 463, 416, 433]",1281
8072861,"[418, 420]","[397, 422, 419, 463, 416, 433]",1290
8087428,[457],"[397, 422, 419, 463, 416, 418, 420]",1278
8090432,[456],"[397, 422, 419, 463, 416, 420, 457]",1406
8097906,[],"[397, 422, 419, 463, 416, 420, 457]",1406
8119208,[],"[397, 422, 463, 416, 420, 457]",1442
8142246,[450],"[397, 422, 463, 420, 457]",1461
8164180,[],"[397, 422, 463, 420, 457]",1461
8186757,"[424, 425, 428, 429, 430, 434]","[422, 463, 420, 457]",1482
8206131,[429],"[422, 463, 420, 457, 424, 428, 425, 434]",1232
8209384,[443],"[422, 463, 420, 457, 424, 425, 434, 429]",1251
8215512,"[436, 454, 461]","[422, 463, 420, 457, 424, 434, 429, 443]",1181
8219390,[],"[422, 463, 420, 457, 424, 434, 429, 436, 461, 454]",1013
8229427,[437],"[422, 463, 420, 457, 424, 434, 436, 461, 454]",1121
8240890,[],"[422, 463, 420, 457, 424, 434, 461, 454, 437]",1239
8246546,[],"[422, 463, 420, 457, 424, 434, 454, 437]",1358
8275652,[],"[422, 463, 420, 457, 424, 434, 454]",1380
8278282,[],"[422, 463, 420, 457, 424, 434]",1443
8302700,[462],"[422, 463, 420, 457, 434]",1477
8323505,[],"[422, 463, 420, 457, 434]",1477
8363817,"[439, 440, 441, 445, 458]","[422, 463, 420, 457]",1482
8379720,[445],"[422, 463, 420, 457, 439, 458, 440]",1261
8381845,[],"[422, 463, 420, 457, 439, 458, 445]",1212
8382729,[],"[422, 463, 420, 457, 458, 445]",1305
8406216,[],"[422, 463, 420, 457, 445]",1386
8419781,[],"[422, 463, 420, 457]",1482
8647971,"[435, 438, 442, 444, 448, 451, 455, 459]","[463, 420, 457]",1487
8658366,"[444, 459]","[463, 420, 457, 442, 448, 455, 438, 451]",1250
8667424,[],"[463, 420, 457, 442, 448, 438, 451, 444, 459]",1141
8688890,[475],"[463, 420, 457, 442, 438, 451, 444, 459]",1210
8694629,[],"[463, 420, 457, 442, 438, 451, 459, 475]",1210
8697470,[473],"[463, 420, 457, 442, 451, 459, 475]",1270
8704104,[],"[463, 420, 457, 442, 451, 459, 475]",1270
8717801,[472],"[463, 420, 457, 451, 459, 475]",1309
8724015,[],"[463, 420, 457, 451, 475, 472]",1379
8732096,[],"[463, 420, 457, 451, 472]",1473
8734986,[],"[420, 457, 451, 472]",1477
8765750,[],"[420, 457, 451]",1482
8813265,[469],"[420, 457]",1491
8834228,[],"[420, 457]",1491
8871367,[471],[420],1496
8883792,[],[420],1496
9280448,"[447, 449, 452, 460, 464, 465]",[],1500
9297334,[460],"[447, 452, 449, 465]",1316
9298936,"[477, 483]","[452, 449, 465, 460]",1236
9318153,[489],"[449, 465, 460, 477, 483]",1312
9322999,"[468, 482, 490]","[449, 465, 477, 483, 489]",1327
9338868,[],"[449, 465, 477, 483, 489, 468, 482]",1059
9342015,[],"[449, 465, 477, 483, 489, 482]",1241
9347680,[],"[449, 465, 477, 483, 482]",1345
9351665,"[474, 479, 480, 481, 485, 487, 492]","[465, 477, 483, 482]",1387
9354984,[481],"[465, 477, 482, 474, 480, 485, 492, 479, 487]",1064
9361226,[],"[465, 477, 482, 480, 485, 492, 479, 487, 481]",910
9366607,[],"[465, 477, 482, 480, 485, 492, 479, 481]",1097
9369449,[],"[465, 477, 480, 485, 492, 479, 481]",1183
9371434,[],"[465, 477, 480, 485, 492, 479]",1381
9391588,[],"[465, 477, 480, 485, 479]",1402
9398083,[],"[465, 477, 480, 479]",1473
9487030,[],"[465, 477, 479]",1482
9679491,[],"[465, 479]",1490
9702424,"[466, 467, 470, 476, 478, 484, 486, 488, 491]",[479],1495
9717376,"[476, 488]","[479, 466, 470, 478, 486, 491, 467]",1152
9726297,[494],"[479, 466, 470, 478, 486, 467, 476, 488]",1092
9734469,[],"[479, 466, 470, 478, 486, 467, 476, 488]",1092
9739393,[497],"[466, 470, 478, 486, 467, 476, 488]",1097
9752473,[],"[466, 470, 478, 486, 467, 488, 497]",1149
9756582,[],"[466, 470, 478, 467, 488, 497]",1205
9757639,[496],"[466, 470, 467, 488, 497]",1271
9758965,"[504, 508, 509]","[466, 467, 488, 497, 496]",1186
9759111,"[503, 506, 510]","[466, 467, 497, 496, 504, 509, 508]",1039
9764374,[],"[466, 467, 497, 504, 509, 508, 503, 510, 506]",764
9771385,[],"[466, 467, 497, 504, 509, 508, 503, 510]",937
9776324,[],"[466, 467, 497, 504, 509, 508, 503]",1146
9776692,[540],"[466, 467, 504, 509, 508, 503]",1201
9784526,[],"[466, 467, 504, 509, 503, 540]",1250
9792840,[],"[466, 467, 504, 509, 503]",1286
9793294,[],"[466, 467, 509, 503]",1355
9794997,[519],"[466, 467, 503]",1463
9889007,"[493, 505]","[467, 503, 519]",1466
9905466,[],"[467, 503, 519, 493]",1457
9922021,[563],"[467, 503, 493]",1478
10081696,[],"[467, 503, 493]",1478
10160396,[],"[467, 503]",1487
10243387,[521],[467],1494
10258617,[],[467],1494
10272428,"[495, 498, 499, 500, 501, 502, 507]",[],1500
10287301,"[500, 511, 513]","[495, 499, 501, 507, 502]",1159
10287719,"[534, 537]","[495, 499, 501, 507, 500, 513, 511]",1029
10292083,"[514, 531, 544]","[499, 501, 507, 500, 513, 511, 534, 537]",659
10299084,[],"[499, 501, 507, 500, 513, 511, 537, 514, 544, 531]",778
10299787,[567],"[499, 501, 507, 500, 513, 537, 514, 544, 531]",893
10303634,[],"[499, 501, 507, 500, 537, 514, 544, 531, 567]",1025
10305146,[],"[499, 501, 507, 500, 514, 544, 531, 567]",1194
10312545,[],"[499, 501, 507, 500, 514, 544, 531]",1237
10313430,"[535, 536, 539]","[501, 507, 500, 514, 544, 531]",1312
10330121,[],"[501, 507, 500, 544, 531, 535, 539, 536]",1234
10330842,[],"[501, 507, 500, 531, 535, 539, 536]",1271
10333592,"[520, 524, 532]","[507, 500, 531, 535, 539, 536]",1315
10342968,[],"[507, 500, 531, 535, 536, 520, 532, 524]",1269
10343598,[],"[507, 500, 531, 535, 536, 520, 532]",1394
10344818,[],"[507, 500, 535, 536, 520, 532]",1426
10344904,[],"[507, 500, 535, 536, 520]",1446
10399283,[],"[507, 500, 535, 520]",1452
10438905,[584],"[507, 500, 535]",1479
10471984,[],"[507, 500, 535]",1479
10552480,"[512, 515, 523, 525, 526, 528, 529, 530, 533, 541, 542]","[507, 535]",1487
10560037,"[525, 530]","[507, 535, 512, 526, 529, 533, 542, 515, 528, 541]",832
10565860,"[516, 517, 518, 522, 527, 538, 543]","[535, 512, 526, 529, 533, 542, 515, 528, 541, 525, 530]",746
10567917,[522],"[535, 512, 526, 529, 533, 542, 515, 528, 525, 530, 516, 518, 527, 543, 517, 538]",610
10570381,[],"[535, 512, 526, 529, 533, 542, 515, 528, 525, 530, 516, 518, 543, 517, 538, 522]",584
10571252,"[549, 561]","[535, 512, 529, 533, 542, 515, 528, 525, 530, 516, 518, 543, 517, 538, 522]",737
10578309,[],"[535, 512, 533, 542, 515, 528, 525, 530, 516, 518, 543, 517, 538, 522, 549, 561]",691
10582747,[],"[535, 512, 542, 515, 528, 525, 530, 516, 518, 543, 517, 538, 522, 549, 561]",802
10591534,[],"[535, 512, 542, 515, 528, 525, 530, 516, 518, 543, 517, 538, 522, 561]",827
10593852,[569],"[512, 542, 515, 528, 525, 530, 516, 518, 543, 517, 538, 522, 561]",835
10594542,[],"[512, 542, 515, 528, 525, 516, 518, 543, 517, 538, 522, 561, 569]",736
10596207,[],"[512, 542, 515, 528, 525, 516, 518, 517, 538, 522, 561, 569]",854
10599673,"[556, 558, 562, 575]","[512, 542, 515, 525, 516, 518, 517, 538, 522, 561, 569]",901
10606566,[575],"[512, 542, 515, 525, 516, 518, 517, 538, 522, 569, 556, 562, 558]",588
10609295,[],"[512, 542, 515, 525, 516, 518, 517, 538, 522, 569, 556, 562, 575]",574
10614035,[],"[512, 542, 515, 525, 516, 518, 517, 538, 522, 569, 556, 575]",840
10615316,[],"[512, 542, 515, 525, 516, 518, 517, 538, 522, 556, 575]",1012
10615326,[554],"[512, 542, 515, 525, 516, 517, 538, 522, 556, 575]",1094
10617488,[545],"[512, 542, 515, 525, 516, 517, 538, 556, 575, 554]",900
10617510,[],"[512, 542, 515, 525, 516, 517, 538, 575, 554, 545]",927
10619710,[],"[512, 542, 515, 525, 516, 517, 538, 554, 545]",1008
10621941,"[547, 551]","[512, 515, 525, 516, 517, 538, 554, 545]",1055
10630542,[],"[512, 515, 525, 516, 517, 538, 545, 547, 551]",1018
10637489,[],"[512, 515, 525, 516, 517, 538, 545, 551]",1260
10638438,"[553, 566, 570, 583, 585]","[512, 515, 525, 516, 517, 545, 551]",1301
10639817,[583],"[512, 515, 525, 516, 517, 545, 553, 570, 585, 566]",1084
10641295,[550],"[512, 515, 525, 516, 545, 553, 570, 585, 566, 583]",1120
10644632,[],"[512, 515, 525, 516, 553, 570, 585, 566, 583, 550]",1143
10656336,[611],"[512, 515, 525, 516, 553, 570, 566, 583, 550]",1309
10661534,[],"[512, 515, 525, 516, 553, 566, 583, 550, 611]",1277
10674461,[617],"[512, 515, 525, 516, 566, 583, 550, 611]",1335
10677429,[616],"[512, 515, 525, 516, 566, 583, 611, 617]",1195
10681034,[],"[512, 515, 525, 516, 566, 583, 617, 616]",1259
10690222,[],"[512, 515, 525, 516, 566, 583, 616]",1444
10724566,[],"[512, 515, 525, 516, 583, 616]",1449
10777509,[],"[512, 525, 516, 583, 616]",1456
10799033,"[557, 559, 574]","[512, 525, 583, 616]",1461
10808421,[],"[512, 525, 583, 616, 557, 574]",1166
10816989,[],"[512, 525, 583, 616, 557]",1346
10820967,"[546, 548, 579, 581]","[525, 583, 616, 557]",1353
10832690,[581],"[525, 583, 616, 546, 579, 548]",1122
10834846,[],"[525, 583, 616, 546, 548, 581]",1092
10838350,[595],"[525, 583, 616, 546, 581]",1286
10843405,[],"[525, 583, 616, 581, 595]",1333
10849034,"[552, 555, 560, 564, 565, 568, 571, 572, 573, 576, 577, 578, 580, 582]","[583, 616, 581, 595]",1351
10849652,"[564, 572, 578]","[583, 581, 595, 552, 560, 565, 571, 573, 577, 580, 555, 568, 576, 582]",430
10853577,[620],"[583, 581, 595, 552, 560, 571, 573, 577, 580, 555, 568, 576, 582, 564, 578, 572]",271
10856607,[],"[583, 581, 595, 552, 560, 571, 573, 577, 580, 555, 576, 582, 564, 578, 572, 620]",286
10860255,[],"[583, 581, 595, 552, 560, 571, 573, 577, 580, 555, 576, 582, 578, 572, 620]",352
10861300,[613],"[583, 595, 552, 560, 571, 573, 577, 580, 555, 576, 582, 578, 572, 620]",411
10864668,[619],"[583, 595, 552, 560, 571, 573, 577, 555, 576, 582, 578, 572, 620, 613]",605
10869084,[],"[583, 595, 552, 560, 571, 573, 577, 555, 576, 582, 572, 620, 613, 619]",606
10871044,[590],"[583, 595, 552, 560, 571, 573, 577, 555, 576, 572, 620, 613, 619]",749
10873542,[],"[583, 595, 552, 560, 573, 577, 555, 576, 572, 620, 613, 619, 590]",770
10873885,[607],"[583, 595, 552, 560, 573, 577, 555, 572, 620, 613, 619, 590]",817
10874299,[],"[583, 595, 560, 573, 577, 555, 572, 620, 613, 619, 590, 607]",850
10876992,[603],"[583, 595, 560, 577, 555, 572, 620, 613, 619, 590, 607]",899
10879457,[600],"[583, 595, 560, 577, 555, 620, 613, 619, 590, 607, 603]",899
10880653,[],"[583, 595, 560, 577, 555, 620, 619, 590, 607, 603, 600]",777
10883511,[],"[583, 560, 577, 555, 620, 619, 590, 607, 603, 600]",853
10889875,[],"[583, 560, 577, 555, 620, 590, 607, 603, 600]",972
10891154,"[589, 610]","[583, 560, 577, 620, 590, 607, 603, 600]",1036
10893367,"[587, 598, 618, 622]","[583, 560, 620, 590, 607, 603, 600, 589, 610]",978
10897364,[622],"[583, 560, 620, 590, 607, 603, 600, 610, 587, 618, 598]",768
10898199,[],"[583, 560, 620, 590, 603, 600, 610, 587, 618, 598, 622]",777
10902116,[644],"[583, 560, 620, 590, 603, 610, 587, 618, 598, 622]",932
10909174,[],"[583, 560, 620, 590, 603, 610, 618, 598, 622, 644]",1040
10909635,[],"[583, 560, 620, 590, 603, 610, 598, 622, 644]",1160
10918243,[],"[583, 560, 620, 590, 610, 598, 622, 644]",1208
10922468,[],"[583, 560, 620, 590, 610, 598, 644]",1306
10927711,[],"[583, 560, 620, 610, 598, 644]",1360
10934434,[],"[583, 560, 620, 598, 644]",1448
10965449,[],"[583, 560, 620, 598]",1476
11167804,"[588, 591, 592, 593, 599, 609, 621]","[583, 620, 598]",1484
11182783,[593],"[583, 620, 598, 588, 592, 599, 621, 591]",1220
11185919,[],"[583, 620, 598, 588, 592, 599, 621, 593]",1216
11193031,[],"[583, 620, 598, 588, 599, 621, 593]",1287
11201089,[],"[583, 620, 598, 588, 599, 593]",1364
11209538,[],"[583, 620, 598, 599, 593]",1369
11227041,[],"[583, 620, 598, 599]",1459
11227371,[],"[583, 620, 598]",1484
11320043,"[586, 594, 596, 597, 601, 602, 604, 605, 606, 608, 612, 614, 615]","[620, 598]",1489
11330266,"[597, 605, 614]","[620, 598, 586, 596, 601, 604, 606, 612, 615, 594, 602]",541
11335020,[],"[620, 598, 586, 601, 604, 606, 612, 615, 594, 602, 597, 614, 605]",287
11335545,[],"[620, 598, 586, 601, 604, 606, 612, 594, 602, 597, 614, 605]",519
11338173,[],"[620, 598, 601, 604, 606, 612, 594, 602, 597, 614, 605]",718
11340298,[637],"[620, 598, 601, 606, 612, 594, 602, 597, 614, 605]",735
11341448,[642],"[620, 598, 601, 606, 612, 594, 602, 597, 605, 637]",879
11344471,"[633, 635, 650]","[620, 598, 601, 606, 612, 594, 602, 597, 637, 642]",960
11346524,[632],"[620, 598, 601, 606, 612, 594, 597, 637, 642, 633, 650, 635]",713
11348981,[],"[620, 598, 601, 606, 612, 597, 637, 642, 633, 650, 635, 632]",756
11349051,"[638, 651]","[620, 598, 601, 606, 612, 637, 642, 633, 650, 635, 632]",934
11350341,[],"[620, 598, 601, 606, 612, 637, 642, 633, 650, 632, 638, 651]",920
11352654,"[626, 628, 643]","[620, 598, 606, 612, 637, 642, 633, 650, 632, 638, 651]",966
11354507,"[627, 629, 631, 636, 648]","[620, 598, 612, 637, 642, 633, 650, 632, 638, 651, 626, 643, 628]",901
11357995,[636],"[620, 598, 612, 637, 642, 650, 632, 638, 651, 626, 643, 628, 627, 631, 648, 629]",852
11361339,[],"[620, 598, 612, 637, 642, 650, 632, 638, 651, 626, 643, 628, 627, 631, 648, 636]",932
11362151,[],"[620, 598, 612, 642, 650, 632, 638, 651, 626, 643, 628, 627, 631, 648, 636]",976
11367167,[],"[620, 598, 612, 642, 650, 632, 638, 651, 626, 643, 628, 627, 631, 648]",1017
11372177,[],"[620, 598, 612, 642, 650, 638, 651, 626, 643, 628, 627, 631, 648]",1062
11373899,[],"[620, 598, 612, 642, 650, 638, 651, 626, 643, 627, 631, 648]",1100
11374607,[],"[620, 598, 612, 642, 650, 638, 651, 626, 643, 627, 631]",1158
11392824,[],"[620, 598, 612, 642, 638, 651, 626, 643, 627, 631]",1211
11396369,[671],"[620, 598, 612, 642, 638, 651, 626, 627, 631]",1258
11397835,[],"[620, 598, 612, 642, 638, 626, 627, 631, 671]",1247
11401466,[],"[620, 598, 612, 642, 638, 626, 627, 631]",1328
11414709,[],"[620, 598, 612, 642, 638, 627, 631]",1373
11421511,[657],"[620, 598, 612, 642, 638, 631]",1435
11433633,[],"[620, 598, 612, 642, 638, 631]",1435
11466810,[658],"[620, 598, 612, 638, 631]",1471
11492352,[],"[620, 598, 612, 638, 658]",1417
11500249,[],"[620, 598, 612, 638]",1476
11589474,"[623, 624, 645, 649]","[620, 612, 638]",1481
11603151,"[649, 665, 668]","[620, 612, 638, 623, 645]",1209
11604673,[680],"[620, 612, 638, 623, 649, 668, 665]",1084
11611085,[],"[620, 612, 638, 649, 668, 665, 680]",1151
11611831,[],"[620, 612, 638, 649, 665, 680]",1229
11613246,[],"[620, 612, 638, 649, 680]",1366
11650440,[],"[620, 612, 638, 680]",1449
11669264,"[625, 630, 634, 639, 652]","[612, 638, 680]",1455
11675565,[639],"[612, 638, 625, 634, 652, 630]",1092
11680222,"[666, 669]","[612, 638, 625, 634, 630, 639]",973
11686897,[],"[612, 638, 625, 634, 630, 639, 666]",872
11687358,[],"[612, 638, 625, 634, 630, 639]",973
11689640,[],"[612, 638, 625, 634, 630]",1189
11700360,[670],"[612, 638, 634, 630]",1291
11701525,"[655, 687]","[612, 638, 630, 670]",1321
11708147,[691],"[612, 638, 670, 655, 687]",1325
11708979,[],"[612, 638, 670, 655, 691]",1232
11733719,[],"[612, 638, 670, 655]",1379
11758267,[710],"[612, 638, 655]",1446
11767443,[],"[612, 638, 655]",1446
11813642,[],"[612, 638]",1487
11961818,"[640, 641, 646, 647]",[638],1493
11969362,"[647, 685]","[638, 646, 641]",1339
11974502,"[659, 662, 667]","[638, 646, 647, 685]",1353
11985263,[],"[638, 646, 647, 685, 667, 662]",1343
11994755,[],"[638, 646, 647, 667, 662]",1425
12038827,"[661, 676, 681, 682, 690]","[638, 647, 667, 662]",1473
12046530,[682],"[638, 647, 667, 662, 681, 690, 676]",1330
12050504,[],"[638, 647, 667, 662, 681, 690, 676]",1330
12063830,[],"[638, 647, 667, 681, 690, 676]",1335
12069657,[],"[638, 647, 667, 690, 676]",1426
12078959,[],"[638, 647, 667, 676]",1473
12133392,"[653, 654, 660, 663, 664, 674, 684, 688, 692]","[647, 667, 676]",1480
12140946,"[663, 688]","[647, 667, 676, 653, 660, 664, 684, 654, 674]",1231
12148703,[704],"[647, 667, 676, 653, 660, 664, 684, 674, 663, 688]",1133
12157040,[],"[647, 667, 676, 653, 660, 664, 684, 674, 688, 704]",1171
12157534,[711],"[647, 667, 676, 660, 664, 684, 674, 688, 704]",1254
12159650,[],"[647, 667, 676, 660, 664, 684, 674, 704, 711]",1202
12167092,[],"[647, 667, 676, 660, 664, 684, 674, 704]",1275
12173692,[],"[647, 667, 676, 660, 664, 684, 674]",1423
12248996,"[656, 672, 673, 675, 677, 678, 679, 683, 686, 689]","[667, 676, 660, 664, 684, 674]",1433
12250684,"[675, 683]","[667, 676, 660, 664, 684, 674, 656, 673, 677, 679, 686, 678, 689]",991
12256372,[701],"[667, 676, 660, 664, 684, 674, 656, 677, 679, 686, 678, 689, 675, 683]",767
12264326,[],"[667, 676, 660, 664, 684, 674, 656, 677, 679, 686, 678, 675, 683, 701]",672
12265623,[],"[667, 676, 660, 664, 684, 674, 656, 677, 679, 686, 678, 675, 701]",809
12266547,[],"[667, 676, 660, 664, 684, 674, 656, 677, 679, 686, 675, 701]",915
12268670,[],"[667, 676, 660, 664, 684, 674, 656, 677, 679, 686, 701]",1054
12269529,[726],"[667, 676, 660, 664, 684, 674, 656, 677, 679, 686]",1207
12269846,[],"[667, 676, 664, 684, 674, 656, 677, 679, 686, 726]",1207
12275525,[],"[667, 676, 664, 684, 674, 656, 679, 686, 726]",1282
12295589,"[703, 713]","[667, 676, 664, 684, 674, 656, 686, 726]",1372
12303525,"[693, 706, 715]","[667, 676, 664, 684, 674, 686, 726, 703, 713]",1283
12308838,[],"[667, 676, 664, 684, 674, 686, 726, 703, 693, 715, 706]",1040
12309463,[],"[667, 676, 664, 684, 674, 686, 726, 693, 715, 706]",1093
12314678,[],"[667, 676, 664, 684, 674, 686, 726, 693, 706]",1235
12324174,[],"[667, 676, 664, 684, 674, 686, 726, 706]",1374
12353435,[],"[667, 676, 664, 684, 674, 686, 726]",1424
12371735,[707],"[667, 676, 664, 684, 674, 726]",1433
12436371,[727],"[667, 676, 664, 684, 674, 726]",1433
12456302,[],"[667, 676, 664, 684, 674, 727]",1360
12457888,"[695, 697, 698]","[676, 664, 684, 674, 727]",1365
12463020,[738],"[676, 664, 684, 674, 727, 695, 697]",1293
12474260,[],"[676, 664, 684, 674, 695, 697, 738]",1324
12480526,[702],"[676, 664, 684, 695, 697, 738]",1338
12483418,[],"[676, 664, 684, 695, 697, 702]",1207
12492981,[],"[676, 664, 684, 695, 697]",1408
12509889,[720],"[676, 664, 684, 695]",1474
12555776,[],"[676, 664, 684, 695]",1474
12594624,"[696, 700, 708, 709]","[664, 684, 695]",1479
12612846,"[709, 728]","[664, 684, 695, 696, 700]",1241
12618959,[],"[664, 684, 695, 700, 709, 728]",1207
12624817,[],"[664, 684, 695, 700, 728]",1290
12628670,[759],"[664, 684, 695, 700]",1389
12641238,[],"[664, 684, 695, 759]",1438
12659737,"[699, 705, 712, 716, 718]","[684, 695, 759]",1448
12666755,[716],"[684, 695, 759, 699, 712, 705]",1222
12668094,[731],"[684, 695, 759, 699, 712, 716]",1332
12676058,[],"[684, 695, 759, 699, 712, 716]",1332
12679846,[],"[684, 695, 699, 712, 716]",1373
12680373,[],"[684, 695, 699, 712]",1450
12702167,[],"[684, 695, 699]",1480
12708232,[],"[684, 695]",1489
13016774,[732],[684],1495
13034842,[],[684],1495
13107646,"[694, 714, 717, 719]",[],1500
13133423,"[719, 735]","[694, 714]",1413
13135965,"[722, 724, 729, 730]","[694, 719, 735]",1289
13144874,[730],"[694, 719, 735, 722, 729]",1095
13154480,"[760, 763]","[694, 719, 735, 729, 730]",1211
13157052,[],"[694, 719, 729, 730, 760, 763]",1171
13159752,[],"[694, 719, 729, 730, 763]",1216
13166242,[],"[694, 719, 729, 763]",1289
13169675,"[721, 723, 725, 734, 737]","[694, 729, 763]",1379
13183666,[734],"[694, 729, 721, 725, 737, 723]",1162
13199680,[],"[694, 729, 725, 737, 723, 734]",1259
13200935,"[741, 752, 773]","[694, 729, 725, 723, 734]",1326
13207226,"[747, 769, 776]","[694, 729, 725, 723, 741, 773, 752]",1131
13213497,[],"[694, 729, 725, 723, 741, 773, 752, 747, 776]",906
13214615,[],"[694, 729, 725, 723, 741, 752, 747, 776]",999
13215333,"[750, 756]","[694, 729, 725, 741, 752, 747, 776]",1089
13221749,[],"[694, 729, 725, 752, 747, 776, 750, 756]",1106
13229405,[],"[694, 729, 725, 752, 747, 776, 750]",1175
13235397,[],"[694, 729, 725, 752, 747, 750]",1302
13243920,[],"[694, 729, 725, 752, 750]",1400
13247235,"[742, 744, 749, 754, 766, 778]","[694, 729, 752, 750]",1434
13254303,[754],"[694, 729, 752, 742, 749, 766, 744, 778]",1271
13263670,[],"[694, 729, 752, 742, 749, 766, 744, 778]",1271
13266523,[],"[694, 729, 752, 749, 766, 744, 778]",1386
13270314,[],"[694, 729, 752, 749, 766, 778]",1401
13272339,[],"[694, 729, 752, 749, 766]",1423
13295721,[],"[694, 729, 752, 766]",1471
13296590,[784],"[694, 729, 752]",1482
13310214,[],"[694, 729, 752]",1482
13415724,"[733, 736]","[729, 752]",1490
13437643,"[745, 753, 765, 779]","[729, 752, 736]",1448
13442639,[779],"[729, 752, 736, 765, 753]",1313
13460714,[],"[729, 752, 736, 753, 779]",1439
13478853,"[746, 755, 757, 764, 767, 768, 771, 774, 777]","[729, 752, 753, 779]",1481
13488803,"[764, 774]","[729, 752, 753, 779, 746, 757, 771, 777, 755, 768]",837
13491619,[791],"[729, 752, 753, 779, 746, 757, 771, 777, 755, 764, 774]",611
13494832,[],"[729, 752, 753, 779, 746, 757, 771, 755, 764, 774, 791]",774
13498025,[],"[729, 752, 753, 779, 746, 757, 771, 755, 774, 791]",838
13498811,[815],"[729, 752, 753, 779, 746, 757, 755, 774, 791]",979
13502326,[],"[729, 752, 753, 779, 757, 755, 774, 791, 815]",1076
13504394,[],"[729, 752, 753, 779, 757, 755, 791, 815]",1322
13512546,[],"[729, 752, 753, 779, 757, 755, 815]",1372
13530304,[],"[729, 752, 753, 779, 755, 815]",1400
13541005,[],"[729, 752, 753, 779, 755]",1476
13552711,[802],"[729, 752, 779, 755]",1480
13567934,[780],"[729, 779, 755, 802]",1458
13593827,[],"[729, 779, 755, 802]",1458
13612378,[],"[729, 779, 755]",1485
13813839,"[739, 740, 743, 748, 751, 758, 761, 762, 770, 772, 775]","[779, 755]",1490
13832749,"[748, 762, 788]","[779, 755, 739, 743, 751, 761, 770, 775, 740, 758]",1164
13837408,[785],"[779, 755, 739, 743, 751, 761, 770, 740, 758, 748, 788, 762]",1138
13841727,[],"[779, 755, 739, 743, 751, 761, 770, 740, 758, 788, 762, 785]",1164
13842412,"[789, 816]","[779, 755, 739, 743, 751, 761, 770, 740, 758, 788, 785]",1195
13846029,[],"[779, 755, 743, 751, 761, 770, 740, 758, 788, 785, 789, 816]",1138
13859368,[787],"[779, 755, 743, 751, 761, 740, 758, 788, 785, 789, 816]",1211
13863853,[],"[779, 755, 743, 751, 761, 740, 758, 788, 789, 816, 787]",1062
13870896,[801],"[779, 755, 743, 751, 761, 758, 788, 789, 816, 787]",1069
13874182,[],"[779, 755, 743, 751, 761, 758, 788, 789, 816, 801]",1229
13879657,[],"[779, 755, 743, 751, 761, 758, 788, 789, 801]",1323
13879817,"[792, 795]","[779, 755, 743, 751, 758, 788, 789, 801]",1347
13911649,[],"[779, 755, 743, 751, 758, 788, 789, 801, 792]",1267
13918388,[],"[779, 755, 743, 751, 758, 788, 789, 792]",1340
13930259,[],"[779, 755, 743, 751, 758, 788, 789]",1420
13938240,[],"[779, 755, 743, 751, 758, 788]",1449
14017926,[],"[755, 743, 751, 758, 788]",1454
14018309,[],"[755, 743, 751, 758]",1472
14288097,"[783, 790, 813, 814, 817]","[755, 743, 758]",1479
14298683,[814],"[755, 743, 758, 783, 813, 817]",1115
14299782,[],"[755, 743, 758, 783, 813, 814]",1076
14307408,[],"[755, 743, 758, 783, 814]",1225
14311160,[822],"[755, 743, 758, 783]",1361
14315996,[],"[755, 743, 758, 822]",1394
14341275,[],"[755, 743, 758]",1479
14375290,"[781, 793, 794, 806, 808]","[755, 758]",1486
14397581,[806],"[755, 758, 781, 794, 808]",1336
14400068,[],"[755, 758, 794, 808, 806]",1339
14402391,"[786, 803, 804, 809, 810]","[755, 794, 808, 806]",1348
14407714,[809],"[755, 794, 808, 786, 804, 810, 803]",1083
14412519,[],"[755, 794, 808, 786, 810, 803, 809]",1093
14418468,[825],"[755, 794, 808, 810, 803, 809]",1100
14423488,[],"[755, 794, 808, 803, 809, 825]",1218
14427197,[],"[755, 794, 803, 809, 825]",1291
14427325,[],"[755, 794, 809, 825]",1343
14434309,[],"[755, 794, 825]",1484
14481538,"[782, 796, 797, 798, 799, 800, 805, 807, 811, 812]","[794, 825]",1489
14495641,"[798, 807]","[794, 825, 782, 799, 805, 811, 796, 800, 812]",1014
14503008,[],"[794, 825, 782, 799, 805, 811, 796, 800, 798, 807]",838
14505187,[],"[794, 825, 799, 805, 811, 796, 800, 798, 807]",1002
14513588,[],"[794, 825, 799, 805, 811, 796, 800, 807]",1143
14513749,[],"[794, 825, 799, 805, 796, 800, 807]",1256
14516457,[830],"[794, 825, 799, 796, 800, 807]",1290
14526257,"[831, 832]","[794, 825, 799, 796, 800, 830]",1307
14532970,[],"[794, 825, 799, 796, 800, 830, 832]",1123
14536929,"[818, 827, 828, 833]","[794, 825, 799, 800, 830, 832]",1160
14540675,"[833, 848]","[794, 825, 799, 800, 830, 818, 828, 827]",1186
14544445,[],"[794, 825, 799, 800, 818, 828, 827, 833, 848]",1200
14555015,"[838, 864]","[794, 825, 799, 800, 818, 828, 833, 848]",1290
14572280,[861],"[794, 825, 799, 800, 818, 828, 848, 838, 864]",1178
14574136,[],"[794, 825, 799, 800, 818, 828, 848, 864, 861]",1296
14588831,[],"[794, 825, 799, 800, 818, 828, 848, 864]",1333
14590526,[],"[794, 825, 799, 800, 818, 828, 848]",1404
14633903,[],"[794, 825, 799, 800, 818, 848]",1441
14657720,[834],"[794, 825, 799, 800, 848]",1472
14698805,[],"[794, 825, 799, 800, 848]",1472
14795998,"[820, 826, 829]","[794, 825, 799, 848]",1480
14802736,[],"[794, 825, 799, 848, 820, 826]",1412
14805166,"[841, 851, 863, 868]","[794, 825, 799, 848, 826]",1446
14820421,[868],"[794, 825, 799, 848, 826, 841, 863]",1328
14829000,[],"[794, 825, 799, 848, 826, 841, 863]",1328
14834296,[893],"[794, 825, 799, 848, 826, 863]",1416
14862393,[],"[794, 825, 799, 848, 826, 863]",1416
14883556,"[835, 844, 854]","[794, 825, 799, 848, 863]",1450
14889323,[],"[794, 825, 799, 848, 863, 835, 854]",1312
14891312,[],"[794, 825, 799, 848, 835, 854]",1342
14919925,[],"[794, 825, 799, 848, 854]",1447
14944237,[],"[794, 825, 799, 848]",1480
14996025,[824],"[825, 799, 848]",1486
15002166,"[819, 821, 823]","[825, 848, 824]",1465
15026429,"[862, 870]","[825, 848, 824, 823, 821]",1336
15035512,[],"[825, 848, 824, 823, 821, 870]",1280
15039378,"[842, 843, 847]","[825, 848, 824, 821, 870]",1354
15043962,[],"[825, 848, 824, 821, 870, 847, 843]",1311
15049380,[],"[825, 848, 824, 821, 847, 843]",1367
15074546,[],"[825, 848, 824, 821, 843]",1405
15076262,"[837, 840, 850, 853, 855, 871]","[825, 848, 824, 843]",1460
15082862,[853],"[825, 848, 824, 843, 837, 850, 855, 871]",1177
15097415,[],"[825, 848, 824, 843, 837, 850, 855, 853]",1195
15097440,[],"[825, 848, 824, 843, 850, 855, 853]",1299
15097983,[],"[825, 848, 824, 843, 850, 855]",1354
15105154,"[836, 846, 857, 867, 873, 874]","[825, 848, 843, 850, 855]",1380
15111585,[867],"[825, 848, 843, 850, 855, 836, 857, 873, 846]",918
15114273,[],"[825, 848, 843, 850, 855, 836, 873, 846, 867]",977
15124629,[],"[825, 848, 843, 855, 836, 873, 846, 867]",1047
15127158,[],"[825, 848, 843, 855, 836, 873, 867]",1200
15133175,"[881, 889]","[825, 848, 843, 855, 873, 867]",1266
15134473,[880],"[825, 848, 843, 855, 867, 881, 889]",1252
15147876,[],"[825, 848, 843, 855, 867, 881, 880]",1284
15150420,[],"[825, 848, 843, 867, 881, 880]",1320
15155458,[],"[825, 848, 843, 867, 880]",1413
15157007,[884],"[825, 848, 843, 880]",1481
15171129,[],"[825, 848, 843, 880]",1481
15312169,[],"[825, 848, 880]",1486
15431150,"[839, 845, 849, 852, 856, 858, 859, 860, 865, 866, 869, 872]","[848, 880]",1491
15446703,"[852, 860, 872, 910]","[848, 880, 839, 849, 856, 859, 865, 869, 858, 866]",1032
15447803,"[910, 897]","[848, 880, 839, 856, 859, 865, 869, 858, 866, 852, 872, 860]",828
15448319,[],"[848, 880, 856, 859, 865, 869, 858, 866, 852, 872, 860, 910, 897]",818
15450212,[],"[848, 880, 856, 865, 869, 858, 866, 852, 872, 860, 910, 897]",849
15456690,"[895, 905]","[848, 880, 856, 865, 869, 858, 866, 852, 860, 910, 897]",1050
15459747,[891],"[848, 880, 856, 865, 869, 858, 866, 860, 910, 897, 895, 905]",1137
15462380,[887],"[848, 880, 856, 865, 869, 858, 860, 910, 897, 895, 905, 891]",1160
15462894,[908],"[848, 880, 856, 865, 869, 858, 910, 897, 895, 905, 891, 887]",1161
15469272,[],"[848, 880, 856, 865, 869, 858, 910, 897, 895, 905, 887, 908]",1153
15475911,[],"[848, 880, 856, 865, 869, 858, 910, 897, 895, 887, 908]",1199
15479072,[],"[848, 880, 856, 865, 869, 858, 910, 897, 895, 887]",1231
15480037,[],"[848, 880, 856, 865, 869, 858, 910, 895, 887]",1352
15525960,[],"[848, 880, 856, 865, 869, 858, 910, 895]",1385
15543489,"[878, 896, 903]","[848, 880, 865, 869, 858, 910, 895]",1431
15547242,[],"[848, 880, 865, 869, 858, 895, 878, 903, 896]",1258
15561612,[],"[848, 880, 865, 869, 858, 895, 878, 903]",1346
15580297,[],"[848, 880, 865, 869, 858, 895, 903]",1457
15592795,"[879, 885, 886, 890, 898]","[848, 880, 865, 858, 895, 903]",1465
15597636,[890],"[848, 880, 865, 858, 895, 903, 879, 898, 885]",1380
15641626,[],"[848, 880, 865, 858, 895, 903, 879, 898, 885]",1380
15641922,[],"[848, 880, 865, 858, 895, 903, 898, 885]",1455
15701944,[],"[848, 865, 858, 895, 903, 898, 885]",1460
15726411,"[875, 882, 888, 892, 907, 911]","[865, 858, 895, 903, 898, 885]",1464
15734618,[892],"[865, 858, 895, 903, 898, 885, 875, 888, 907, 911]",935
15744333,[948],"[865, 858, 895, 903, 898, 885, 888, 907, 911, 892]",991
15745524,[],"[865, 858, 895, 903, 898, 885, 888, 911, 892, 948]",1045
15747295,[],"[865, 858, 895, 903, 898, 885, 888, 892, 948]",1220
15755927,[],"[865, 858, 895, 903, 898, 885, 888, 892]",1365
15776042,[],"[865, 858, 895, 903, 898, 885, 888]",1451
15875067,[],"[865, 858, 895, 903, 885, 888]",1456
15959200,[],"[865, 858, 895, 903, 888]",1461
15987591,[],"[865, 858, 903, 888]",1466
16074732,"[877, 883, 894, 899, 901, 902]","[858, 903, 888]",1471
16091432,[899],"[858, 903, 888, 877, 894, 883, 902]",1347
16101344,[],"[858, 903, 877, 894, 883, 902, 899]",1334
16102033,[],"[858, 903, 877, 894, 883, 902]",1360
16105353,"[876, 900, 904, 906, 909]","[903, 877, 894, 883, 902]",1368
16113241,"[906, 944, 947]","[903, 877, 894, 883, 902, 876, 904, 900]",1234
16118677,[914],"[903, 877, 894, 883, 902, 904, 900, 906, 947, 944]",1107
16122969,"[915, 931]","[903, 877, 883, 902, 904, 900, 906, 947, 944, 914]",1041
16130180,[],"[903, 877, 902, 904, 900, 906, 947, 944, 914, 915, 931]",980
16135096,[],"[903, 877, 902, 904, 900, 906, 947, 944, 914, 931]",1045
16137206,[],"[903, 877, 902, 904, 900, 906, 947, 914, 931]",1186
16137366,[],"[903, 877, 902, 904, 900, 906, 947, 914]",1246
16139459,[936],"[903, 877, 902, 900, 906, 947, 914]",1297
16145373,"[917, 925]","[903, 877, 902, 906, 947, 914, 936]",1295
16154833,[],"[903, 877, 902, 906, 947, 936, 917, 925]",1154
16167066,[],"[903, 877, 902, 906, 947, 917, 925]",1214
16167603,[],"[903, 877, 902, 906, 947, 917]",1382
16183554,[],"[903, 877, 902, 906, 947]",1468
16196714,"[930, 932, 934]","[877, 902, 906, 947]",1476
16206712,[],"[877, 902, 906, 947, 930, 932]",1279
16214650,"[918, 922, 926, 939, 940, 949]","[877, 902, 947, 930, 932]",1283
16216843,[939],"[877, 902, 947, 930, 918, 926, 940, 922, 949]",1192
16226428,[],"[877, 902, 947, 930, 918, 926, 940, 949, 939]",1183
16240989,[],"[877, 902, 947, 930, 918, 926, 940, 949]",1289
16241329,[],"[877, 902, 947, 930, 926, 940, 949]",1357
16256414,[],"[877, 902, 947, 930, 926, 949]",1402
16262099,"[919, 928, 937, 946, 950, 953]","[902, 947, 930, 926, 949]",1410
16270735,[946],"[902, 947, 930, 926, 949, 919, 937, 928, 953]",1088
16272463,[],"[902, 947, 930, 949, 919, 937, 928, 953, 946]",1122
16274281,[],"[902, 947, 930, 949, 919, 928, 953, 946]",1250
16278916,[],"[902, 947, 930, 949, 919, 928, 953]",1284
16282468,[],"[902, 947, 930, 949, 919, 928]",1331
16291270,[],"[902, 947, 930, 949, 919]",1456
16304217,[],"[902, 947, 930, 949]",1478
16627460,[989],"[902, 930, 949]",1485
16664950,[],"[902, 930, 949]",1485
17059571,"[912, 913, 916, 920, 921, 923, 924, 927, 929, 933, 935, 938, 941, 942, 943, 945, 951, 952]","[930, 949]",1490
17062103,"[920, 927, 938, 945]","[930, 949, 912, 916, 921, 924, 929, 935, 941, 943, 951, 913, 923, 942, 952]",381
17064078,[945],"[930, 949, 912, 916, 921, 929, 935, 941, 943, 951, 913, 923, 942, 952, 920, 938, 927]",243
17068331,[],"[930, 949, 912, 916, 921, 929, 935, 943, 951, 913, 923, 942, 952, 920, 938, 927, 945]",285
17071946,[],"[930, 912, 916, 921, 929, 935, 943, 951, 913, 923, 942, 952, 920, 938, 927, 945]",290
17072394,[],"[930, 912, 916, 929, 935, 943, 951, 913, 923, 942, 952, 920, 938, 927, 945]",304
17072581,[979],"[930, 912, 916, 929, 943, 951, 913, 923, 942, 952, 920, 938, 927, 945]",504
17075755,"[961, 975]","[930, 916, 929, 943, 951, 913, 923, 942, 952, 920, 938, 927, 945, 979]",667
17076046,[],"[930, 916, 943, 951, 913, 923, 942, 952, 920, 938, 927, 945, 979, 961, 975]",718
17079314,[968],"[930, 916, 943, 951, 913, 923, 942, 920, 938, 927, 945, 979, 961, 975]",856
17080106,[],"[930, 916, 943, 951, 913, 923, 942, 920, 938, 945, 979, 961, 975, 968]",812
17086092,"[967, 972]","[930, 916, 943, 951, 913, 942, 920, 938, 945, 979, 961, 975, 968]",962
17088081,[954],"[916, 943, 951, 913, 942, 920, 938, 945, 979, 961, 975, 968, 967, 972]",769
17090461,"[971, 980]","[916, 943, 951, 942, 920, 938, 945, 979, 961, 975, 968, 967, 972, 954]",744
17098130,[],"[916, 943, 951, 942, 920, 938, 945, 979, 961, 968, 967, 972, 954, 971, 980]",533
17098410,"[959, 976]","[916, 943, 951, 942, 920, 945, 979, 961, 968, 967, 972, 954, 971, 980]",617
17099873,"[958, 990]","[916, 943, 951, 942, 920, 979, 961, 968, 967, 972, 954, 971, 980, 959, 976]",561
17099922,[],"[916, 943, 951, 942, 920, 979, 961, 968, 967, 954, 971, 980, 959, 976, 958, 990]",646
17103432,"[956, 957, 985]","[916, 951, 942, 920, 979, 961, 968, 967, 954, 971, 980, 959, 976, 958, 990]",699
17104316,"[988, 996, 998]","[916, 951, 942, 979, 961, 968, 967, 954, 971, 980, 959, 976, 958, 990, 956, 985, 957]",555
17109445,[],"[916, 951, 942, 979, 961, 968, 967, 954, 980, 959, 976, 958, 990, 956, 985, 957, 988, 998, 996]",430
17109680,[],"[916, 951, 942, 979, 961, 967, 954, 980, 959, 976, 958, 990, 956, 985, 957, 988, 998, 996]",503
17112585,[],"[916, 951, 942, 979, 967, 954, 980, 959, 976, 958, 990, 956, 985, 957, 988, 998, 996]",551
17119271,[],"[916, 951, 942, 979, 967, 954, 980, 959, 976, 958, 990, 956, 985, 957, 988, 998]",700
17121155,[],"[916, 951, 942, 979, 967, 954, 980, 959, 976, 990, 956, 985, 957, 988, 998]",719
17121780,[],"[916, 951, 942, 979, 967, 954, 959, 976, 990, 956, 985, 957, 988, 998]",818
17124311,[],"[916, 951, 942, 979, 967, 954, 976, 990, 956, 985, 957, 988, 998]",941
17124937,[],"[916, 951, 942, 979, 967, 954, 976, 990, 985, 957, 988, 998]",1092
17125047,[],"[916, 951, 942, 979, 967, 954, 976, 990, 985, 957, 988]",1184
17130205,[],"[916, 951, 942, 979, 967, 954, 976, 985, 957, 988]",1242
17133800,[],"[916, 951, 942, 979, 954, 976, 985, 957, 988]",1278
17139950,[],"[916, 951, 942, 954, 976, 985, 957, 988]",1316
17147840,[],"[916, 951, 942, 954, 985, 957, 988]",1345
17176672,[],"[916, 951, 942, 954, 985, 988]",1399
17197331,[],"[916, 951, 942, 985, 988]",1438
17268137,[],"[916, 951, 942, 985]",1469
17407951,[],"[916, 951, 942]",1481
17418379,"[963, 966, 970, 973, 978, 984, 987, 993, 994, 997]","[916, 942]",1488
17433530,"[973, 993]","[916, 942, 970, 978, 987, 994, 966, 984, 997]",966
17437685,[],"[916, 942, 970, 978, 987, 994, 966, 984, 997, 973]",795
17441581,[],"[916, 942, 970, 978, 987, 994, 984, 997, 973]",897
17442579,[],"[916, 942, 978, 987, 994, 984, 997, 973]",1052
17444866,[],"[916, 942, 978, 987, 994, 984, 997]",1223
17447078,[],"[916, 942, 987, 994, 984, 997]",1343
17453369,[],"[916, 942, 987, 994, 984]",1451
17461621,[],"[916, 942, 994, 984]",1476
17797190,"[955, 960, 962, 964, 974, 983, 992]","[942, 994, 984]",1482
17816116,[964],"[942, 994, 984, 962, 974, 992, 960, 983]",1280
17818680,[],"[942, 994, 984, 962, 974, 992, 960, 964]",1261
17832347,[],"[942, 994, 984, 974, 992, 960, 964]",1320
17833576,[],"[942, 994, 984, 974, 992, 964]",1400
17876502,[],"[942, 994, 984, 974, 992]",1467
17938999,"[965, 969, 977, 981, 982, 986, 991, 995]","[994, 984, 974, 992]",1473
17944550,"[981, 995]","[994, 984, 974, 992, 977, 982, 991, 969, 986]",1128
17962536,[999],"[994, 984, 974, 992, 977, 991, 969, 986, 981, 995]",1197
17966336,[],"[994, 984, 974, 992, 977, 991, 969, 981, 995, 999]",1314
17981148,[],"[994, 984, 974, 992, 977, 991, 981, 995, 999]",1395
17987004,[],"[994, 984, 974, 992, 977, 991, 981, 999]",1406
18005886,[],"[994, 984, 974, 977, 991, 981, 999]",1416
18032724,[],"[994, 984, 974, 991, 981, 999]",1454
18036975,[],"[994, 974, 991, 981, 999]",1462
18112084,[],"[994, 974, 991, 981]",1470
18200950,[],"[994, 974, 981]",1479
18340289,[],"[994, 974]",1491
18344117,[],[994],1496
18546601,[],[],1500
