Time,Waiting Queue,Processors Queue,Number of available processors
0,"[0, 1, 2, 3, 4, 5, 6, 7, 8, 9, 10, 11, 12, 13, 14, 15, 16, 17, 18, 19, 20, 21, 22, 23, 24, 25, 26, 27, 28, 29, 30, 31, 32, 33, 34, 35, 36, 37, 38]",[],1500
2258,"[1, 2, 4, 5, 7, 8, 10, 11, 12, 13, 14, 15, 16, 17, 18, 19, 20, 21, 22, 23, 24, 25, 26, 27, 28, 30, 31, 32, 33, 34, 35, 36, 37, 38]","[0, 3, 6, 9]",311
2288,"[1, 2, 4, 5, 7, 8, 10, 11, 12, 13, 14, 15, 16, 17, 18, 19, 20, 21, 22, 23, 24, 25, 26, 27, 28, 30, 32, 33, 34, 35, 36, 37, 38]","[0, 3, 9, 31]",93
3164,"[1, 2, 4, 5, 7, 8, 10, 11, 12, 13, 14, 15, 16, 17, 18, 19, 20, 21, 22, 23, 24, 25, 26, 27, 28, 30, 32, 33, 34, 35, 36, 37, 38]","[0, 3, 9]",354
3866,"[1, 2, 4, 5, 7, 8, 10, 11, 12, 13, 14, 15, 16, 18, 19, 20, 21, 22, 23, 24, 25, 26, 27, 28, 30, 32, 33, 34, 35, 36, 37, 38]","[0, 3, 9]",354
8782,"[1, 2, 4, 5, 7, 8, 10, 11, 12, 13, 14, 15, 16, 18, 19, 20, 21, 22, 23, 24, 25, 26, 28, 30, 32, 33, 34, 35, 36, 37, 38]","[3, 9, 27]",303
12376,"[1, 2, 4, 5, 7, 8, 10, 11, 12, 13, 14, 15, 16, 18, 19, 20, 21, 22, 23, 24, 25, 26, 28, 30, 33, 34, 35, 36, 37, 38]","[3, 9, 27]",303
30327,"[1, 2, 4, 5, 7, 8, 10, 11, 12, 13, 14, 15, 16, 18, 19, 20, 21, 22, 23, 24, 25, 26, 28, 30, 33, 34, 35, 36, 37, 38]","[3, 9]",655
31263,"[1, 2, 5, 7, 8, 10, 11, 12, 13, 14, 15, 16, 18, 19, 20, 21, 22, 23, 24, 25, 26, 28, 30, 33, 34, 35, 36, 37, 38]","[9, 4]",594
41028,"[1, 2, 5, 8, 10, 11, 12, 13, 14, 15, 16, 18, 19, 20, 21, 22, 23, 24, 25, 26, 28, 30, 33, 34, 35, 36, 37, 38]","[9, 4]",594
54555,"[1, 2, 5, 8, 11, 12, 13, 14, 15, 16, 18, 19, 20, 21, 22, 23, 24, 25, 26, 28, 30, 33, 34, 35, 36, 37, 38]","[9, 10]",686
62918,"[1, 2, 5, 8, 11, 13, 14, 15, 16, 18, 19, 20, 21, 22, 23, 24, 25, 26, 28, 30, 33, 34, 35, 36, 37, 38]","[9, 10]",686
128440,"[1, 2, 5, 8, 11, 14, 15, 16, 18, 19, 20, 21, 22, 23, 24, 25, 26, 28, 30, 33, 34, 35, 36, 37, 38]","[9, 10]",686
134270,"[1, 2, 5, 8, 11, 15, 16, 18, 19, 20, 21, 22, 23, 24, 25, 26, 28, 30, 33, 34, 35, 36, 37, 38, 53]","[9, 10]",686
142396,"[1, 2, 5, 8, 11, 15, 18, 19, 20, 21, 22, 23, 24, 25, 26, 28, 30, 33, 34, 35, 36, 37, 38, 53]","[9, 10]",686
146682,"[1, 2, 5, 8, 11, 15, 19, 20, 21, 22, 23, 24, 25, 26, 28, 30, 33, 34, 35, 36, 37, 38, 53]","[9, 10]",686
156088,"[1, 2, 5, 8, 11, 15, 20, 21, 22, 23, 24, 25, 26, 28, 30, 33, 34, 35, 36, 37, 38, 53]","[9, 10]",686
164309,"[1, 2, 5, 8, 11, 15, 21, 22, 23, 24, 25, 26, 28, 30, 33, 34, 35, 36, 37, 38, 53]","[9, 10]",686
177700,"[1, 2, 5, 8, 11, 15, 21, 23, 24, 25, 26, 28, 30, 33, 34, 35, 36, 37, 38, 53]","[9, 10]",686
245604,"[1, 2, 5, 8, 11, 15, 21, 23, 25, 26, 28, 30, 33, 34, 35, 36, 37, 38, 53]","[9, 24]",729
259181,"[1, 2, 5, 8, 11, 15, 21, 23, 25, 26, 28, 30, 34, 35, 36, 37, 38, 53]","[9, 24]",729
260591,"[1, 2, 5, 8, 11, 15, 21, 23, 25, 26, 28, 30, 34, 36, 37, 38, 53]","[9, 24]",729
283123,"[1, 2, 5, 8, 11, 15, 21, 23, 25, 26, 28, 30, 34, 37, 38, 53, 54]","[9, 24]",729
288390,"[1, 2, 5, 8, 11, 15, 21, 23, 25, 26, 28, 30, 34, 37, 53, 54]","[9, 24]",729
304363,"[1, 2, 5, 8, 11, 15, 21, 23, 25, 26, 28, 30, 34, 37, 53]","[24, 54]",872
306535,"[1, 2, 5, 8, 11, 15, 21, 23, 25, 26, 28, 30, 34, 37, 53]",[24],1009
311837,"[2, 5, 8, 11, 15, 21, 23, 25, 26, 28, 30, 34, 37, 53]",[24],1009
325917,"[2, 5, 11, 15, 21, 23, 25, 26, 28, 30, 34, 37, 53]",[8],545
436972,"[2, 5, 11, 15, 21, 23, 25, 26, 28, 30, 34, 37, 53, 57]",[],1500
481356,"[5, 11, 15, 21, 23, 25, 26, 28, 30, 34, 37, 53, 57]",[],1500
485655,"[11, 15, 21, 23, 25, 26, 28, 30, 34, 37, 53, 57]",[],1500
490984,"[15, 21, 23, 25, 26, 28, 30, 34, 37, 53]",[11],589
611349,"[15, 21, 23, 25, 26, 28, 30, 34, 37, 53]",[],1500
629618,"[21, 23, 25, 26, 28, 30, 34, 37, 53]",[],1500
635176,"[23, 25, 26, 28, 30, 34, 37, 53]",[],1500
638744,"[25, 26, 28, 30, 34, 37, 53, 43, 50, 52, 56]",[],1500
643721,"[26, 28, 30, 34, 37, 53, 43, 50, 52, 56, 46]",[],1500
649221,"[28, 30, 34, 37, 53, 43, 50, 52, 46]",[56],1012
651421,"[28, 30, 34, 53, 43, 50, 52, 39, 45, 51]","[56, 46]",909
657924,"[28, 30, 34, 53, 43, 50, 52, 39, 45]","[56, 51]",629
659117,"[28, 30, 34, 53, 43, 50, 52, 39, 45]",[51],1117
662023,"[28, 30, 34, 43, 50, 52, 39, 45]",[51],1117
662523,"[28, 30, 34, 43, 52, 39, 45, 66]",[50],560
863479,"[28, 30, 34, 43, 52, 39, 45, 66]",[],1500
1082709,"[30, 34, 43, 52, 39, 45, 66, 42, 44, 48]",[],1500
1084911,"[34, 43, 52, 39, 45, 66, 44, 48]",[30],367
1086799,"[34, 43, 52, 39, 45, 66, 44, 48, 41]",[],1500
1091013,"[43, 52, 39, 45, 66, 44, 48, 41, 40, 47, 49, 55, 58, 59, 60]",[],1500
1095125,"[52, 39, 45, 66, 44, 48, 41, 40, 47, 49, 58, 59, 60]",[55],1331
1096005,"[39, 45, 66, 44, 48, 41, 40, 47, 49, 58, 59, 60, 69]",[52],440
1100411,"[39, 45, 66, 44, 41, 40, 47, 49, 58, 59, 60, 69]",[48],1131
1102134,"[39, 45, 44, 41, 40, 47, 49, 58, 59, 60, 69]",[66],440
1105723,"[39, 45, 44, 41, 40, 47, 49, 58, 59, 60, 69]",[],1500
1120423,"[45, 44, 41, 40, 47, 49, 58, 59, 60, 69]",[],1500
1149861,"[44, 41, 40, 47, 49, 58, 59, 60, 69]",[],1500
1157745,"[41, 47, 49, 58, 59, 60, 69, 62, 72]",[44],808
1157748,"[41, 49, 58, 59, 60, 69, 72, 73]","[47, 62]",740
1165843,"[41, 49, 59, 60, 69, 72, 73]","[47, 58]",390
1168334,"[41, 49, 59, 60, 69, 72, 73]",[58],849
1182939,"[49, 59, 60, 69, 72, 73, 63, 65, 67]",[41],666
1201480,"[49, 59, 60, 72, 73, 63, 65, 67, 85]",[41],666
1216124,"[49, 59, 60, 72, 73, 65, 67, 85]",[41],666
1224261,"[49, 59, 60, 72, 73, 67, 85]",[41],666
1234409,"[49, 59, 60, 72, 73, 85, 96, 97]",[41],666
1251668,"[49, 59, 60, 72, 73, 96, 97]",[41],666
1316521,"[49, 59, 60, 72, 73, 97]",[41],666
1507823,"[49, 59, 60, 72, 73, 97]",[],1500
1514167,"[59, 60, 72, 73, 97, 64]",[],1500
1524135,"[60, 72, 97, 64]",[59],777
1529917,"[72, 97, 64, 68, 71, 74, 76]",[59],777
1534857,"[72, 97, 68, 71, 74, 100]","[59, 64]",263
1668180,"[72, 97, 68, 71, 74, 100, 94, 99]",[59],777
1672479,"[72, 97, 71, 74, 94, 99]","[59, 68]",291
1674593,"[72, 97, 71, 74, 94]","[59, 68]",291
1677131,"[72, 97, 71, 74, 94, 95]",[59],777
1692625,"[72, 97, 74, 94, 95, 87]",[59],777
1695065,"[72, 97, 74, 95, 87]",[59],777
1728303,"[72, 97, 74, 87]",[59],777
1820413,"[72, 97, 74, 61, 70, 75]",[87],781
1828579,"[97, 74, 61, 70, 75, 82, 90]",[87],781
1834649,"[97, 74, 75, 82, 90, 77, 80, 101, 102]","[87, 61]",431
1834672,"[97, 74, 75, 82, 90, 80, 101, 102, 88]","[87, 77]",741
1835957,"[97, 74, 82, 90, 80, 101, 102, 88]","[87, 75]",117
1839392,"[97, 74, 82, 90, 80, 101, 102, 88, 93, 103]",[87],781
1854636,"[97, 74, 90, 80, 101, 102, 88, 93, 103]",[87],781
1880469,"[97, 74, 80, 101, 102, 88, 93, 103]",[87],781
1887421,"[97, 74, 101, 102, 88, 93, 103]",[87],781
1890301,"[97, 74, 102, 88, 93, 103]",[87],781
1899922,"[97, 74, 88, 93, 103]",[87],781
1909338,"[97, 74, 88, 103]",[87],781
2032695,"[97, 74, 88, 103]",[],1500
2036058,"[74, 88, 103]",[],1500
2113757,"[88, 103, 78, 79, 81, 83, 84, 86, 89, 91, 92, 98]",[],1500
2135477,"[103, 78, 79, 81, 83, 84, 86, 89, 91, 92, 98]",[],1500
2140545,"[78, 81, 83, 84, 89, 91, 92, 98]","[79, 86]",869
2142854,"[78, 83, 84, 89, 91, 92, 98, 111]","[79, 86]",869
2149883,"[78, 84, 89, 91, 92, 98, 111]","[79, 86]",869
2150262,"[78, 89, 91, 92, 98, 111]","[86, 84]",196
2151455,"[78, 89, 91, 92, 98, 111, 122]",[84],665
2153796,"[78, 91, 92, 98, 111, 122, 116]",[84],665
2155861,"[78, 92, 98, 111, 122, 116, 119, 127]",[84],665
2157628,"[78, 98, 111, 122, 116, 119, 127, 110, 117]",[92],1084
2161394,"[78, 111, 122, 116, 119, 127, 110, 117, 105, 118, 121, 124, 126]",[92],1084
2164488,"[78, 122, 119, 127, 110, 117, 118, 121, 124, 126]","[92, 111, 116]",119
2165350,"[78, 122, 119, 127, 110, 117, 118, 121, 124, 126]","[92, 111]",649
2176510,"[78, 122, 119, 127, 117, 118, 121, 124, 126, 106, 112, 115, 120, 123]","[111, 110]",528
2179361,"[78, 122, 119, 127, 117, 121, 124, 126, 106, 112, 115, 120, 123]","[111, 118]",713
2181829,"[78, 119, 127, 117, 121, 124, 126, 106, 112, 115, 120, 123]","[111, 122]",379
2220029,"[78, 119, 127, 117, 121, 126, 106, 112, 115, 120, 123]","[122, 124]",529
2234141,"[78, 119, 127, 117, 121, 126, 112, 115, 120, 123]","[124, 106]",956
2235404,"[78, 127, 117, 121, 126, 112, 115, 120, 123, 145]","[124, 119]",436
2238516,"[78, 127, 117, 121, 126, 112, 115, 120, 145]","[124, 123]",833
2244224,"[78, 117, 121, 126, 112, 115, 120, 145]","[124, 123]",833
2247539,"[78, 121, 126, 112, 115, 120, 145]","[124, 123]",833
2354262,"[78, 121, 112, 115, 120, 145, 129]","[124, 123]",833
2388936,"[78, 121, 115, 120, 145, 129]","[124, 112]",636
2392565,"[78, 121, 115, 145, 129]","[124, 112]",636
2450452,"[78, 121, 115, 145, 129, 142]",[124],1215
2456671,"[121, 115, 145, 129, 142, 104, 107, 108, 109, 113, 114, 125]",[124],1215
2471789,"[115, 145, 129, 142, 104, 107, 108, 109, 113, 114, 125, 147, 157]",[121],324
2473186,"[115, 145, 129, 142, 104, 107, 109, 113, 114, 125, 147, 157]",[121],324
2480744,"[115, 145, 129, 142, 104, 107, 109, 113, 114, 147, 157, 137]",[121],324
2781968,"[115, 145, 129, 142, 104, 107, 109, 113, 114, 147, 157, 137]",[],1500
2785074,"[145, 129, 142, 107, 109, 113, 114, 147, 157, 137, 141, 146]",[104],839
2789367,"[129, 142, 107, 109, 113, 114, 147, 157, 137, 141, 146, 132, 136, 138, 143]",[145],827
2828523,"[129, 142, 107, 113, 114, 147, 157, 137, 141, 146, 132, 136, 138, 143]",[109],745
2838735,"[129, 142, 107, 114, 147, 157, 137, 141, 146, 132, 136, 138, 143, 134, 154]",[109],745
2848313,"[129, 142, 107, 147, 157, 137, 141, 146, 132, 136, 138, 143, 134, 154, 130, 131, 135, 155, 156]",[109],745
2854565,"[129, 142, 107, 147, 157, 137, 146, 136, 138, 143, 134, 154, 130, 131, 135, 155, 156]","[109, 132]",399
2858609,"[129, 142, 107, 147, 157, 137, 136, 138, 143, 134, 154, 130, 131, 135, 155, 156]","[109, 146]",386
2859893,"[129, 142, 107, 147, 157, 137, 136, 138, 143, 134, 154, 130, 135, 155, 156]","[109, 146]",386
2865919,"[129, 142, 107, 147, 157, 137, 136, 138, 143, 134, 154, 130, 135, 155]","[109, 156]",441
2868960,"[129, 142, 107, 147, 157, 137, 136, 138, 143, 134, 154, 130, 135]","[109, 155]",343
2877430,"[129, 142, 107, 147, 157, 137, 136, 138, 143, 134, 154, 130, 135, 167]",[109],745
2889686,"[129, 142, 107, 147, 157, 137, 136, 138, 143, 134, 130, 135, 167]",[109],745
2892254,"[129, 142, 107, 147, 157, 137, 136, 138, 143, 134, 130, 167]",[109],745
2904637,"[129, 142, 107, 147, 157, 137, 136, 138, 143, 134, 130, 149, 150, 151, 152]",[167],856
2909082,"[129, 142, 107, 147, 157, 136, 138, 143, 134, 130, 149, 150, 151, 152]",[167],856
2911524,"[129, 142, 107, 147, 157, 136, 138, 143, 134, 130, 150, 151, 152, 165]",[167],856
2919396,"[129, 142, 107, 147, 157, 136, 138, 143, 134, 130, 150, 152, 165]",[151],1027
2922485,"[142, 107, 147, 157, 136, 138, 143, 134, 130, 150, 152, 165]",[129],581
2932656,"[142, 107, 147, 157, 136, 138, 143, 134, 130, 150, 152]",[129],581
2934219,"[142, 107, 147, 157, 136, 138, 143, 134, 130, 150, 152]",[],1500
2941700,"[107, 147, 157, 136, 138, 143, 134, 130, 150, 152]",[],1500
2945065,"[147, 157, 136, 138, 143, 134, 130, 150, 152, 128, 133, 139, 140, 144, 148, 153]",[],1500
2946565,"[157, 136, 138, 143, 134, 130, 150, 152, 128, 133, 139, 140, 144, 148]",[147],402
2951417,"[157, 136, 138, 143, 134, 130, 150, 152, 128, 133, 139, 140, 144, 148]",[],1500
2955860,"[136, 138, 143, 134, 130, 150, 152, 128, 133, 139, 140, 144, 148]",[],1500
2960512,"[138, 143, 134, 130, 150, 152, 128, 133, 139, 140, 144, 148, 160]",[],1500
3188601,"[143, 134, 130, 150, 152, 128, 133, 139, 140, 144, 148]",[160],1363
3193222,"[134, 130, 150, 152, 128, 133, 139, 140, 144, 148]",[160],1363
3224343,"[130, 150, 152, 128, 133, 139, 140, 144, 148]",[160],1363
3253737,"[150, 152, 128, 133, 139, 140, 144, 148, 183]",[130],396
3260574,"[150, 152, 128, 133, 139, 140, 144, 148]",[130],396
3474865,"[150, 152, 128, 133, 139, 140, 144, 148, 164]",[],1500
3477736,"[152, 133, 139, 140, 144, 148, 164, 174]",[150],551
3478967,"[152, 139, 140, 144, 148, 164, 174, 171]",[150],551
3479078,"[152, 140, 144, 148, 164, 174, 171, 162, 169]",[139],1053
3480352,"[140, 144, 148, 164, 174, 171, 162]","[139, 152]",293
3482883,"[140, 144, 148, 164, 174, 171, 162, 172]",[139],1053
3492643,"[144, 148, 174, 171, 162, 172, 158]","[139, 164]",694
3497501,"[148, 174, 171, 162, 172, 158, 161, 175]","[164, 144]",714
3502742,"[148, 171, 162, 172, 158, 161, 175]","[144, 174]",689
3508642,"[148, 162, 172, 158, 161, 175, 199]","[144, 171]",686
3510644,"[148, 162, 172, 161, 175, 199]","[144, 158]",613
3515718,"[148, 162, 172, 175, 199, 200]","[144, 158]",613
3523027,"[148, 162, 172, 175, 200]","[144, 199]",650
3528273,"[148, 162, 172, 175, 200]",[144],1073
3537322,"[162, 172, 175, 200, 166, 168, 170]",[144],1073
3544122,"[172, 175, 200, 166, 168, 170]",[144],1073
3551485,"[175, 200, 166, 168, 170, 159, 163, 173]",[172],687
3580449,"[175, 200, 166, 168, 159, 163, 173]",[170],1089
3581462,"[200, 166, 168, 159, 163, 173, 188]",[175],561
3585214,"[200, 166, 168, 159, 163, 173, 188, 180, 182, 198, 202, 204, 205]",[],1500
3591533,"[166, 168, 159, 163, 173, 188, 180, 182, 198, 202, 204, 205]",[],1500
3641192,"[168, 159, 163, 173, 188, 180, 198, 202, 204, 205]",[166],514
3643351,"[168, 159, 163, 173, 188, 180, 202, 204, 205]",[166],514
3727555,"[168, 159, 163, 173, 188, 180, 202, 204, 205, 190]",[],1500
3732702,"[159, 163, 188, 180, 202, 204, 205, 190, 177, 181, 192, 201]",[168],705
3733490,"[159, 163, 188, 202, 204, 205, 190, 177, 181, 192, 201, 187, 191, 196]",[180],900
3737951,"[159, 163, 188, 204, 205, 190, 177, 181, 192, 201, 187, 191, 196]",[202],805
3757792,"[159, 163, 188, 204, 190, 177, 181, 192, 201, 187, 191, 196]",[205],800
3894064,"[159, 163, 188, 204, 177, 181, 192, 201, 187, 191, 196]",[205],800
3898130,"[159, 163, 188, 204, 177, 192, 201, 187, 196]","[205, 191]",497
3910526,"[159, 163, 188, 204, 177, 192, 187, 196]","[205, 191]",497
3915100,"[159, 163, 188, 204, 177, 192, 196]","[205, 191]",497
3921896,"[159, 163, 188, 204, 177, 192, 196]",[191],1197
3926043,"[159, 163, 188, 177, 192, 196, 216]",[191],1197
3932981,"[159, 163, 188, 177, 196, 216]",[191],1197
3942207,"[159, 163, 188, 177, 216, 224]",[191],1197
3947838,"[159, 163, 188, 177]","[191, 224]",831
3951412,"[159, 163, 188, 177, 209]",[224],1134
3958434,"[159, 163, 188, 177]",[224],1134
4079227,"[159, 163, 188, 177, 240]",[],1500
4082929,"[163, 188, 177, 240, 185, 193, 203]",[],1500
4087896,"[188, 177, 240, 185, 193, 203, 176, 178, 179, 184, 186, 189, 194, 195, 197]",[],1500
4099757,"[177, 240, 185, 193, 203, 176, 178, 179, 184, 186, 189, 194, 195, 197, 228]",[],1500
4105202,"[240, 185, 193, 203, 176, 178, 179, 184, 186, 189, 194, 195, 197, 228]",[],1500
4110675,"[185, 203, 176, 178, 179, 184, 186, 189, 194, 195, 197, 228]",[240],646
4110712,"[185, 176, 178, 179, 184, 186, 189, 194, 195, 197, 228]",[203],1148
4113513,"[176, 178, 179, 184, 186, 189, 194, 195, 228, 227]","[203, 185]",375
4115111,"[176, 178, 179, 184, 186, 189, 194, 195, 228]","[203, 227]",876
4116270,"[178, 179, 184, 186, 189, 194, 195, 228]","[227, 176]",567
4116991,"[178, 179, 186, 189, 194, 195, 228, 212]","[227, 184]",778
4118193,"[179, 186, 189, 194, 195, 228, 212]","[184, 178]",349
4125928,"[179, 186, 189, 194, 195, 228]","[178, 212]",546
4127313,"[179, 186, 194, 195, 228, 218]","[212, 189]",859
4137064,"[179, 186, 195, 228, 218, 208, 223]","[212, 189]",859
4137753,"[179, 186, 228, 218, 208, 223, 207, 225, 226]","[212, 195]",712
4148584,"[179, 186, 228, 218, 208, 223, 207, 226]","[212, 195]",712
4150414,"[179, 186, 228, 218, 208, 223, 207, 211, 222]","[212, 226]",895
4151659,"[179, 186, 228, 218, 208, 223, 207, 211, 222, 255]",[212],1247
4154344,"[186, 228, 218, 208, 223, 207, 211, 222, 255, 206, 210, 213, 219, 221]",[212],1247
4155670,"[228, 218, 208, 223, 207, 211, 222, 255, 206, 210, 213, 219, 221]",[186],366
4158187,"[228, 218, 208, 223, 207, 211, 222, 255, 206, 213, 219, 221, 214, 215, 217, 220, 229, 230]",[210],1243
4159612,"[218, 208, 223, 207, 211, 222, 255, 206, 213, 219, 221, 214, 215, 217, 220, 229, 230]",[228],401
4164369,"[218, 208, 223, 207, 211, 222, 255, 206, 219, 221, 214, 215, 217, 220, 229, 230, 237]",[213],1195
4165568,"[208, 223, 207, 211, 222, 255, 206, 219, 221, 214, 215, 217, 220, 229, 230, 237]",[218],312
4170494,"[208, 223, 207, 211, 222, 255, 206, 221, 214, 215, 217, 220, 229, 230, 237]",[219],1227
4173481,"[208, 223, 211, 222, 255, 206, 221, 214, 215, 217, 220, 229, 230]","[219, 237]",1023
4178502,"[208, 223, 211, 255, 206, 221, 214, 215, 217, 220, 229, 230]","[219, 237]",1023
4180619,"[208, 223, 211, 206, 221, 214, 215, 217, 220, 229, 230]","[219, 255]",505
4181286,"[208, 223, 211, 221, 214, 215, 217, 220, 229, 230]","[255, 206]",330
4184533,"[208, 223, 211, 214, 215, 217, 220, 229, 230]","[255, 221]",455
4189267,"[208, 223, 211, 214, 217, 220, 229, 230]","[255, 221]",455
4198421,"[208, 223, 211, 214, 217, 220, 229, 230]",[221],1177
4199082,"[208, 223, 214, 217, 220, 229, 230]",[211],362
4202158,"[208, 223, 214, 217, 220, 229, 230, 235]",[],1500
4205775,"[223, 214, 217, 220, 229, 230, 235, 252]",[],1500
4209360,"[214, 217, 220, 229, 230, 235, 252, 238]",[],1500
4213114,"[217, 220, 230, 235, 252, 238, 239, 248]",[214],531
4213394,"[217, 220, 230, 252, 238, 239, 248, 245, 254]",[235],1017
4216496,"[217, 220, 252, 239, 248, 245, 254, 288]","[235, 230]",414
4217699,"[217, 220, 252, 239, 248, 245, 254]","[235, 230]",414
4220322,"[217, 220, 252, 239, 248, 245, 254, 234, 242, 246, 251]",[235],1017
4223835,"[217, 220, 239, 248, 245, 254, 234, 242, 246, 251]",[235],1017
4230168,"[217, 220, 248, 245, 254, 234, 242, 246, 251]",[239],807
4234349,"[217, 220, 245, 254, 234, 242, 246, 251]",[248],998
4236581,"[217, 220, 245, 234, 242, 251]","[248, 246]",536
4239041,"[217, 220, 245, 242, 251]","[246, 234]",519
4246592,"[217, 220, 245, 242]","[246, 234]",519
4278431,"[217, 220, 245, 242, 291]",[234],981
4297187,"[217, 220, 245]","[234, 242]",458
4327049,"[217, 220, 245, 286]",[234],981
4328948,"[217, 220, 245]",[234],981
4333591,"[217, 220, 245]",[],1500
4366336,"[220, 245, 231, 232, 233, 236]",[],1500
4369027,"[245, 232, 233, 236, 241, 243, 244, 247, 249, 250, 253]",[231],1292
4370769,"[232, 233, 241, 243, 244, 247, 249, 250, 253, 293]","[245, 236]",245
4373261,"[232, 241, 243, 244, 247, 249, 250, 253, 293]","[236, 233]",1161
4379781,"[241, 244, 249, 250, 253, 293, 278]","[236, 233, 232, 247]",469
4385688,"[241, 244, 250, 253, 293, 278]","[236, 233, 232, 249]",451
4387668,"[241, 244, 250, 253, 278]","[236, 233, 232, 293]",476
4392176,"[241, 244, 250, 253, 278, 294]","[233, 232, 293]",589
4395003,"[241, 250, 253, 278, 294]","[233, 232, 244]",410
4395099,"[241, 250, 253, 278, 294, 260, 266, 285]","[233, 232]",971
4404879,"[241, 250, 253, 294, 260, 266, 285]","[233, 232]",971
4419553,"[241, 250, 253, 294, 260, 285, 269, 280, 283]","[232, 266]",502
4428232,"[241, 250, 253, 294, 260, 269, 280, 283]","[232, 266]",502
4438126,"[241, 250, 253, 294, 260, 269, 280, 283]",[232],1197
4443802,"[250, 253, 294, 260, 269, 280, 283, 256, 259, 262, 273, 276, 277, 282]",[232],1197
4446946,"[253, 294, 260, 269, 280, 283, 256, 259, 262, 273, 276, 277, 282, 258, 267, 274, 290]",[232],1197
4465768,"[253, 294, 269, 280, 283, 256, 259, 262, 273, 276, 277, 282, 258, 267, 274, 290]",[232],1197
4472751,"[253, 294, 280, 283, 256, 259, 262, 273, 276, 277, 282, 258, 267, 274, 290]",[232],1197
4482981,"[253, 294, 283, 259, 262, 273, 276, 277, 282, 258, 267, 274, 290]","[232, 256]",799
4485478,"[253, 294, 259, 262, 273, 276, 282, 258, 267, 274, 290]","[232, 256, 283]",257
4486361,"[253, 294, 259, 262, 273, 276, 282, 258, 267, 274, 290]","[232, 256]",799
4488511,"[253, 294, 262, 273, 282, 258, 267, 274, 290]","[232, 256, 259]",471
4492128,"[253, 294, 262, 273, 258, 267, 274, 290]","[232, 259, 282]",493
4496281,"[253, 294, 262, 273, 258, 267, 274, 290]","[232, 259]",869
4498102,"[253, 294, 273, 258, 267, 274, 290]","[232, 262]",532
4503518,"[253, 294, 273, 258, 267, 274, 290]",[232],1197
4510516,"[253, 294, 258, 267, 274]","[232, 273]",565
4511697,"[253, 294, 258, 267, 274]",[232],1197
4516342,"[253, 294, 267, 274]",[232],1197
4540228,"[253, 294, 274]",[232],1197
4704205,"[253, 294, 274, 263, 265, 268, 272, 275, 279, 292]",[],1500
4704687,"[294, 274, 263, 265, 268, 272, 279, 292]",[253],241
4710569,"[294, 274, 263, 265, 268, 272, 279, 292, 257, 261, 264, 270, 271, 281, 284, 287, 289]",[],1500
4714212,"[274, 263, 265, 268, 272, 279, 292, 257, 261, 264, 270, 271, 281, 284, 287, 289]",[],1500
4719951,"[263, 265, 268, 272, 279, 292, 257, 261, 264, 270, 271, 281, 284, 287, 304]",[289],1255
4721363,"[265, 272, 279, 292, 257, 261, 264, 271, 281, 284, 287, 304, 319]","[263, 268, 270]",249
4725789,"[265, 272, 279, 292, 257, 261, 264, 271, 281, 284, 287, 304, 319]","[263, 268]",878
4731274,"[272, 279, 292, 257, 261, 264, 271, 281, 284, 287, 304, 319]","[263, 268]",878
4738024,"[279, 292, 257, 261, 264, 271, 281, 284, 287, 304, 319]","[268, 272]",470
4739574,"[279, 292, 257, 261, 264, 271, 281, 284, 287, 304, 319]",[268],1173
4825036,"[292, 257, 261, 264, 271, 281, 284, 287, 304, 319]",[268],1173
4919471,"[257, 261, 264, 271, 281, 284, 287, 304, 319]",[268],1173
4926553,"[261, 264, 271, 281, 284, 287, 304, 319]",[268],1173
4950901,"[264, 271, 281, 284, 287, 304, 319]",[268],1173
4963469,"[271, 281, 284, 287, 304, 319, 295]",[268],1173
4998539,"[271, 281, 287, 304, 319, 295, 309, 311]",[268],1173
5004123,"[271, 281, 304, 319, 295, 311]","[268, 287]",557
5006942,"[271, 281, 304, 319, 295, 311]",[268],1173
5013366,"[271, 281, 319, 295, 311]",[268],1173
5022371,"[271, 281, 295, 311]",[268],1173
5090404,"[271, 281, 311, 299, 300, 303, 306, 307, 315, 317]",[295],338
5097490,"[271, 281, 311, 299, 300, 303, 306, 315, 317]",[295],338
5178956,"[271, 281, 311, 299, 300, 303, 306, 315, 317]",[],1500
5182704,"[281, 311, 299, 300, 303, 306, 315, 317, 298, 301, 302, 308, 310, 316, 318, 321]",[],1500
5186847,"[311, 299, 300, 303, 306, 315, 317, 298, 301, 302, 308, 310, 316, 318, 321, 296, 297, 305, 312, 313, 314, 320]",[],1500
5201976,"[299, 303, 315, 317, 298, 301, 302, 308, 310, 316, 318, 321, 296, 297, 305, 312, 313, 314, 320]","[311, 300]",537
5207866,"[299, 303, 317, 298, 301, 302, 308, 310, 316, 318, 321, 296, 297, 305, 312, 313, 314, 320, 328]","[311, 300]",537
5219954,"[299, 303, 317, 298, 302, 308, 310, 316, 318, 321, 296, 297, 305, 312, 313, 314, 320, 328, 335]","[311, 300]",537
5223545,"[299, 303, 317, 298, 308, 316, 318, 321, 296, 297, 305, 312, 313, 314, 320, 328, 335]","[311, 300, 310]",298
5226414,"[299, 303, 317, 298, 316, 318, 321, 296, 297, 305, 312, 313, 314, 320, 328, 335]","[300, 310, 308]",649
5227273,"[299, 317, 298, 316, 318, 321, 296, 297, 305, 312, 313, 314, 320, 328, 335]","[300, 308, 303]",313
5229487,"[299, 317, 298, 316, 318, 321, 296, 297, 312, 313, 314, 320, 328, 335]","[300, 303, 305]",213
5229681,"[299, 317, 298, 316, 318, 321, 296, 297, 312, 313, 314, 320, 328, 335]","[300, 303]",526
5236514,"[299, 317, 298, 316, 318, 296, 297, 312, 313, 314, 320, 328, 335, 324]","[300, 321]",613
5246930,"[299, 298, 316, 318, 296, 297, 312, 313, 314, 320, 328, 335, 324, 332]","[300, 317]",558
5251431,"[299, 298, 316, 318, 296, 312, 313, 314, 320, 328, 335, 324, 332]","[300, 297]",697
5255308,"[299, 298, 316, 318, 296, 313, 314, 320, 328, 335, 332, 326]","[300, 312, 324]",421
5262399,"[299, 298, 316, 318, 296, 314, 320, 328, 335, 332, 326]","[300, 312, 324]",421
5262615,"[299, 298, 316, 318, 296, 314, 320, 328, 335, 332]","[312, 324, 326]",628
5263802,"[299, 298, 316, 318, 296, 314, 320, 335, 332, 347]","[324, 326, 328]",338
5266298,"[299, 298, 316, 318, 296, 314, 320, 335, 332, 347]","[326, 328]",743
5267763,"[298, 316, 318, 296, 314, 320, 335, 332, 347]","[328, 299]",206
5269115,"[298, 316, 318, 296, 314, 320, 335, 332, 347, 343, 344]",[328],935
5270854,"[316, 318, 296, 314, 320, 335, 332, 347, 343, 344, 327, 334, 339]",[328],935
5272924,"[316, 318, 314, 320, 335, 332, 347, 343, 344, 327, 334, 339]",[296],702
5276690,"[316, 318, 314, 320, 332, 347, 343, 344, 327, 334, 339, 331, 340, 345]",[335],808
5283403,"[316, 318, 320, 332, 347, 343, 344, 327, 334, 339, 331, 340, 345, 322, 336]",[335],808
5283474,"[316, 318, 320, 347, 343, 327, 334, 339, 331, 340, 345, 322, 336]","[332, 344]",816
5290774,"[316, 318, 320, 343, 327, 334, 339, 331, 340, 345, 322, 336]","[332, 344]",816
5291550,"[316, 318, 320, 327, 334, 339, 331, 340, 345, 322, 336]","[344, 343]",515
5292150,"[316, 318, 320, 327, 334, 339, 340, 345, 322, 336]","[343, 331]",389
5294893,"[316, 318, 320, 327, 334, 339, 340, 345, 336]","[343, 322]",479
5299165,"[316, 318, 320, 327, 334, 339, 340, 336]","[322, 345]",819
5305762,"[316, 318, 320, 327, 339, 340, 336, 359]","[322, 334]",650
5306729,"[316, 318, 320, 327, 339, 340, 336, 352]","[322, 359]",722
5313462,"[316, 318, 320, 327, 339, 336, 352]","[322, 340]",555
5320254,"[316, 318, 320, 327, 339, 336, 352]",[340],845
5325890,"[316, 318, 320, 327, 336, 352]",[339],707
5331650,"[316, 318, 320, 327, 336]",[352],831
5335270,"[316, 318, 320, 327, 380]",[336],770
5338944,"[316, 318, 320, 327, 380]",[],1500
5343820,"[318, 320, 327, 380]",[],1500
5351668,"[320, 327, 380, 342, 346]",[],1500
5356722,"[327, 380, 346, 323, 325, 329, 330, 333, 337, 338, 341]",[342],1327
5370424,"[380, 346, 323, 325, 329, 330, 333, 337, 338, 341, 357]",[327],450
5379513,"[380, 346, 323, 325, 329, 330, 337, 338, 341, 357]",[327],450
5382400,"[380, 346, 323, 325, 329, 330, 338, 341, 357, 353]",[337],1118
5388983,"[380, 323, 325, 329, 330, 338, 341, 357, 353]",[346],535
5392555,"[380, 323, 329, 330, 338, 341, 357, 353, 350]",[325],980
5398669,"[380, 323, 330, 341, 357, 353, 350, 354]","[325, 329]",478
5400833,"[380, 323, 330, 341, 357, 353, 350, 354, 358]",[325],980
5404609,"[380, 323, 341, 357, 353, 350, 354, 358, 349]",[325],980
5405919,"[380, 323, 341, 353, 350, 354, 358, 349, 351]",[357],833
5418402,"[380, 323, 341, 350, 354, 358, 349, 351]",[357],833
5426504,"[380, 323, 341, 350, 358, 349, 351, 363]",[357],833
5429070,"[380, 323, 341, 350, 349, 363, 364]","[357, 358]",379
5430095,"[380, 323, 341, 350, 349, 363]","[358, 364]",821
5435627,"[380, 323, 341, 350, 363]","[358, 349]",644
5439636,"[380, 323, 341, 350]","[358, 349]",644
5492494,"[380, 323, 341, 350, 381]",[358],1046
5499518,"[380, 323, 341, 381, 372]",[358],1046
5503127,"[380, 323, 341, 372]",[358],1046
5654943,"[380, 323, 341, 372, 378]",[],1500
5681143,"[323, 341, 372, 378]",[],1500
5856183,"[341, 372, 378, 356]",[],1500
5860178,"[372, 378, 356, 348, 355, 360, 361]",[],1500
5865426,"[378, 356, 348, 355, 360]",[361],1138
5868537,"[348, 355, 360, 369]","[378, 356]",417
5874683,"[348, 355, 360, 369, 371]",[378],884
5882505,"[355, 360, 369, 371, 362, 374, 375, 382, 385]",[378],884
5884779,"[360, 369, 371, 362, 374, 375, 382, 385, 365, 367, 373, 377, 379, 383]",[378],884
5887896,"[360, 371, 362, 374, 375, 382, 385, 367, 373, 377, 379, 383]","[378, 369]",271
5892357,"[360, 371, 362, 374, 375, 382, 385, 367, 373, 377, 379]","[369, 383]",625
5901439,"[360, 362, 374, 375, 382, 385, 367, 373, 377, 379]","[369, 383]",625
5903466,"[360, 362, 374, 382, 385, 367, 373, 377, 379, 395]","[369, 375]",333
5909389,"[360, 362, 374, 382, 385, 367, 377, 379, 395]","[369, 375]",333
5909699,"[360, 362, 374, 382, 385, 367, 377, 395]","[369, 379]",575
5912656,"[360, 362, 374, 385, 367, 377, 395]","[369, 382]",464
5921410,"[360, 362, 374, 385, 367, 377]","[369, 382]",464
5922173,"[360, 362, 374, 385, 367, 377, 386]",[369],887
5928868,"[360, 362, 374, 367, 377, 386, 393]",[385],616
5930701,"[360, 362, 374, 367, 377, 393, 399]",[386],1123
5936078,"[360, 374, 367, 377, 393, 399]",[386],1123
5938611,"[360, 374, 377, 399]","[367, 393]",437
5939750,"[360, 374, 377]","[393, 399]",948
5941008,"[360, 374]","[393, 377]",430
5943191,"[360, 374, 402]",[393],1165
5947852,"[360, 374]",[402],1396
5956889,"[360, 374]",[],1500
5962325,"[374, 366, 368, 370, 376, 384]",[],1500
5965779,"[366, 368, 370, 376, 384]",[],1500
5972086,"[368, 376, 389, 396, 403]","[370, 384]",488
5973596,"[368, 376, 389, 396, 403, 391, 398]",[384],1157
5977365,"[376, 389, 403, 391, 398, 416]","[384, 368]",646
5989949,"[376, 389, 403, 398, 416, 390, 397]","[368, 391]",522
5996309,"[376, 389, 403, 416, 390, 397]","[368, 391]",522
5999027,"[376, 389, 403, 416, 397]","[368, 391]",522
6009001,"[376, 389, 403, 416, 404]","[368, 391]",522
6012560,"[376, 389, 403, 416]","[368, 391]",522
6032687,"[376, 389, 403, 416, 415, 419]",[368],989
6035198,"[376, 403, 416, 415]","[368, 419]",775
6039334,"[376, 416, 415]","[368, 403]",251
6044208,"[376, 416, 415, 387, 392, 401]",[403],762
6046791,"[376, 415, 387, 392, 401]",[403],762
6049739,"[376, 415, 392, 401]",[403],762
6060630,"[376, 415, 401, 407, 411]",[403],762
6060740,"[376, 415, 407, 411, 412]",[401],826
6066753,"[376, 415, 411]","[401, 407]",573
6068498,"[376, 415, 424]","[401, 411]",382
6072400,"[376, 415, 424, 436]",[401],826
6075040,"[376, 415, 436, 414, 417]",[424],1067
6076717,"[376, 415, 436, 440]","[414, 417]",481
6084555,"[376, 415, 436, 440, 431]",[417],801
6088520,"[376, 415, 436]","[440, 431]",826
6089487,"[376, 415, 436, 445]",[440],994
6090316,"[376, 415, 436, 459]",[445],787
6094413,"[376, 415, 436]",[459],724
6100208,"[376, 415, 436]",[],1500
6104595,"[415, 436, 388, 394, 400]",[],1500
6158228,"[436, 394, 400, 405, 410]",[415],353
6165754,"[436, 400, 405, 410, 408, 409]",[415],353
6277100,"[436, 400, 405, 410, 408, 409]",[],1500
6281778,"[400, 405, 410, 408, 409]",[],1500
6286646,"[405, 408, 409, 423, 426]",[400],576
6293617,"[405, 409, 423, 426, 432]",[400],576
6295838,"[405, 426, 432]","[400, 409]",206
6301627,"[405, 426, 432, 420]",[400],576
6339567,"[405, 432, 420]",[400],576
6350572,"[405, 420]",[400],576
6365044,"[405, 420, 406, 413, 418]",[],1500
6371003,"[420, 406, 413, 418, 421]",[],1500
6376041,"[406, 421]","[420, 413]",332
6381465,"[406, 421, 425, 427, 434, 435, 438]",[420],794
6388975,"[406, 425, 427, 435, 438]","[420, 434]",540
6392274,"[406, 427, 435, 438]","[420, 425]",353
6403604,"[406, 427, 435, 438]",[420],794
6410063,"[406, 435, 438]",[427],747
6411381,"[406, 435, 438]",[],1500
6428666,"[435, 438, 422, 428, 429, 430, 433, 437, 439]",[],1500
6432441,"[438, 429, 430, 433, 437, 439]","[435, 422]",268
6433142,"[438, 429, 430, 433, 437, 439]",[435],514
6434945,"[438, 429, 433, 437, 439, 455]",[435],514
6435566,"[438, 429, 433, 439, 455, 448]",[437],1208
6438874,"[429, 433, 439, 455, 448]",[438],340
6448131,"[429, 433, 455, 448, 447, 450, 452, 453]",[438],340
6449461,"[429, 433, 455, 450, 452, 453]","[438, 447]",97
6451945,"[429, 433, 455, 450, 452, 453]",[438],340
6606359,"[429, 433, 455, 450, 452, 453, 441, 444]",[],1500
6620194,"[433, 450, 452, 453, 441, 444, 443, 446, 449, 458]",[455],675
6640187,"[450, 452, 453, 441, 444, 443, 446, 449, 458, 498]",[433],967
6646763,"[452, 453, 441, 444, 443, 446, 458, 498]","[433, 450]",320
6649205,"[452, 453, 441, 444, 443, 446, 458, 498, 442, 451, 454, 456, 457]",[450],853
6651509,"[452, 453, 444, 443, 446, 458, 498, 442, 451, 454, 456, 457]",[441],713
6657346,"[452, 453, 443, 446, 458, 498, 442, 451, 454, 456, 457, 487]",[441],713
6658592,"[452, 453, 446, 458, 498, 442, 451, 454, 456, 457, 487]",[443],1106
6666168,"[453, 446, 458, 498, 442, 451, 454, 456, 457, 487, 470]",[452],540
6676065,"[453, 458, 498, 442, 451, 454, 456, 457, 487, 470, 497]",[452],540
6681560,"[453, 498, 442, 451, 454, 456, 457, 487, 470, 497, 471]",[452],540
6687709,"[453, 498, 451, 454, 456, 457, 487, 470, 497, 471, 480, 484]",[452],540
6699639,"[453, 498, 454, 456, 457, 487, 470, 497, 471, 480, 484, 464, 477, 479, 483]",[452],540
6705150,"[453, 498, 456, 457, 487, 470, 497, 471, 480, 484, 464, 477, 479, 483, 489, 493]",[452],540
6710008,"[453, 498, 456, 457, 470, 497, 471, 480, 484, 464, 477, 479, 483, 489, 493]",[452],540
6726326,"[453, 498, 456, 457, 470, 471, 480, 484, 464, 477, 479, 483, 489, 493]",[452],540
6729176,"[453, 498, 456, 457, 470, 480, 484, 464, 477, 479, 483, 489, 493]",[452],540
6753609,"[453, 498, 456, 457, 470, 480, 484, 477, 479, 483, 489, 493, 462, 476, 490]",[464],1089
6756914,"[498, 456, 457, 470, 480, 484, 477, 479, 483, 489, 493, 462, 476, 490, 466, 467, 474, 482, 491, 492]",[464],1089
6759247,"[456, 457, 470, 480, 484, 477, 479, 489, 493, 462, 476, 490, 466, 467, 474, 482, 491, 492]","[464, 483]",729
6762905,"[456, 470, 480, 484, 477, 479, 489, 493, 462, 476, 490, 466, 474, 482, 491, 492]","[464, 483, 457]",152
6770466,"[456, 470, 480, 484, 477, 479, 489, 493, 462, 476, 490, 466, 474, 482, 491, 492, 465, 468, 472, 481, 486, 495, 496]","[464, 483]",729
6806360,"[456, 480, 484, 477, 479, 489, 493, 462, 476, 490, 466, 474, 482, 491, 492, 465, 468, 472, 481, 486, 495, 496, 500]","[464, 483]",729
6807164,"[456, 480, 484, 477, 479, 489, 462, 490, 466, 474, 482, 491, 492, 465, 468, 472, 481, 486, 495, 496, 500]","[464, 483, 493]",475
6814372,"[456, 480, 484, 477, 479, 489, 462, 466, 474, 482, 491, 492, 465, 468, 472, 481, 486, 495, 496, 500]","[464, 483, 490]",399
6819645,"[456, 480, 484, 477, 479, 489, 462, 474, 482, 491, 492, 465, 468, 472, 481, 486, 495, 496, 500]","[464, 490, 466]",426
6819969,"[456, 480, 484, 477, 479, 489, 462, 482, 491, 492, 465, 468, 472, 481, 486, 495, 496, 500]","[464, 490, 474]",492
6821986,"[456, 480, 484, 477, 479, 489, 462, 482, 491, 492, 465, 481, 486, 495, 496, 500]","[464, 490, 474, 468]",177
6824869,"[456, 480, 484, 477, 479, 489, 462, 482, 491, 492, 465, 481, 486, 495, 496, 500]","[464, 490, 474]",492
6832089,"[456, 480, 484, 477, 479, 489, 462, 482, 491, 492, 465, 486, 495, 496, 500]","[464, 490, 474]",492
6844041,"[456, 480, 484, 477, 479, 489, 462, 482, 491, 492, 465, 486, 495, 496]","[464, 490, 474]",492
6870351,"[456, 480, 484, 477, 479, 489, 462, 482, 491, 492, 465, 486, 495, 496]","[490, 474]",903
6876205,"[480, 484, 477, 479, 489, 462, 482, 491, 492, 465, 486, 495, 496, 460, 461, 463, 469, 473, 475, 478, 485, 488, 494]","[490, 474]",903
6879611,"[480, 484, 477, 489, 462, 482, 491, 492, 465, 486, 495, 496, 460, 461, 463, 469, 473, 475, 485, 488, 494]","[490, 474, 479]",138
6885407,"[480, 484, 477, 489, 462, 482, 491, 492, 465, 486, 495, 496, 460, 461, 463, 469, 473, 475, 485, 488, 494]","[490, 474]",903
6887278,"[480, 484, 477, 489, 462, 491, 492, 465, 486, 495, 496, 460, 461, 463, 469, 473, 475, 485, 488, 494]","[490, 474]",903
6906684,"[480, 484, 477, 489, 462, 492, 465, 486, 495, 496, 460, 461, 463, 469, 473, 475, 485, 488, 494]","[490, 491]",614
6911612,"[480, 484, 477, 489, 462, 492, 486, 495, 496, 460, 461, 463, 469, 473, 475, 485, 488, 494]","[490, 491]",614
6913474,"[480, 484, 477, 489, 462, 492, 486, 495, 496, 460, 461, 469, 473, 475, 485, 488, 494]","[490, 491]",614
6924805,"[480, 484, 477, 489, 462, 492, 486, 495, 496, 460, 461, 473, 475, 485, 488, 494]","[490, 491]",614
6971860,"[480, 484, 477, 489, 462, 492, 486, 495, 496, 460, 461, 473, 475, 488, 494]","[490, 491]",614
6973056,"[480, 484, 477, 489, 462, 492, 486, 495, 496, 460, 461, 473, 475, 494]","[490, 491]",614
7021522,"[480, 484, 477, 489, 462, 492, 486, 495, 496, 460, 461, 473, 475, 494]",[490],1170
7028491,"[480, 477, 489, 462, 492, 486, 495, 496, 460, 461, 473, 475, 494]",[490],1170
7036301,"[480, 489, 462, 492, 486, 495, 496, 460, 461, 473, 475, 494]",[490],1170
7040193,"[480, 462, 492, 486, 495, 496, 460, 461, 473, 475, 494]",[490],1170
7048338,"[480, 462, 492, 486, 496, 460, 461, 473, 475, 494]",[490],1170
7051356,"[480, 462, 492, 486, 460, 461, 473, 475, 494]",[490],1170
7054611,"[480, 462, 492, 486, 460, 461, 475, 494, 505]",[490],1170
7060710,"[480, 462, 492, 486, 460, 461, 494, 505]",[490],1170
7090047,"[480, 462, 492, 486, 460, 461]","[494, 505]",432
7090614,"[480, 462, 492, 486, 460, 461]",[505],1174
7111015,"[480, 462, 492, 486, 460, 461]",[],1500
7287364,"[462, 492, 486, 460, 461, 507]",[],1500
7293689,"[492, 486, 460, 461, 507, 504, 509]",[],1500
7298597,"[486, 460, 461, 507, 504, 509, 503]",[],1500
7302840,"[460, 461, 507, 504, 509, 503, 511, 513]",[],1500
7306952,"[461, 507, 504, 509, 503, 511, 513, 510]",[],1500
7307043,"[507, 504, 509, 503, 511, 510]",[461],237
7337398,"[507, 504, 509, 503, 511, 510, 499, 501, 502, 506, 508, 512]",[],1500
7350802,"[504, 503, 510, 499, 501, 502, 506, 508, 512]","[507, 511]",503
7352128,"[504, 510, 499, 501, 502, 506, 508, 512]","[507, 511]",503
7354935,"[504, 510, 499, 501, 502, 506, 508]","[507, 511]",503
7359884,"[504, 510, 499, 501, 502, 506, 508]",[507],1095
7364475,"[510, 499, 501, 502, 506, 508, 515]",[507],1095
7367395,"[499, 501, 502, 506, 508, 515]",[507],1095
7382784,"[501, 502, 506, 508, 527, 531, 533, 534]","[507, 515]",637
7387955,"[501, 506, 508, 527, 531, 533, 534, 522, 526, 544]","[515, 502]",411
7393408,"[501, 506, 508, 531, 533, 534, 522, 526, 544, 517, 539]","[515, 527]",805
7400551,"[506, 508, 531, 533, 534, 522, 526, 544, 517, 539]","[515, 501]",260
7424588,"[506, 508, 531, 533, 534, 522, 526, 544, 517, 539]",[501],718
7460562,"[508, 531, 533, 534, 522, 526, 544, 517, 539, 519, 523, 525, 540, 548]",[506],940
7465067,"[531, 533, 534, 522, 526, 544, 517, 539, 519, 523, 525, 540, 516, 541, 543, 547]","[506, 548]",764
7482450,"[533, 534, 522, 526, 544, 517, 539, 519, 523, 525, 540, 516, 541, 543, 547]","[506, 531]",180
7520647,"[533, 534, 522, 526, 544, 517, 539, 519, 523, 525, 540, 516, 541, 543, 547, 514, 518, 520, 521, 524, 528, 529, 530, 532, 535, 536, 537, 538, 542, 545, 546, 549]",[531],740
7523115,"[533, 534, 526, 544, 517, 539, 519, 525, 540, 516, 541, 543, 547, 514, 518, 520, 524, 528, 529, 530, 532, 535, 536, 537, 538, 542, 545, 546, 549]","[531, 522, 521]",335
7525465,"[533, 534, 526, 544, 517, 539, 519, 525, 540, 516, 541, 543, 547, 518, 520, 524, 528, 529, 530, 532, 535, 536, 537, 538, 542, 545, 546, 549]","[531, 522, 521]",335
7529471,"[533, 534, 526, 544, 517, 539, 519, 525, 540, 516, 541, 543, 547, 518, 520, 528, 529, 530, 532, 535, 536, 537, 538, 542, 545, 546, 549]","[531, 522, 524]",136
7534801,"[533, 534, 526, 544, 517, 539, 519, 525, 540, 516, 541, 543, 547, 518, 520, 528, 529, 530, 532, 535, 536, 537, 538, 542, 545, 546, 549]","[531, 522]",438
7539511,"[533, 534, 526, 544, 517, 539, 519, 525, 540, 516, 541, 543, 547, 520, 528, 529, 530, 532, 535, 536, 537, 538, 542, 545, 546, 549]","[531, 518]",354
7540645,"[533, 534, 526, 544, 517, 539, 519, 525, 540, 516, 541, 543, 547, 520, 529, 530, 532, 535, 536, 537, 538, 542, 545, 546, 549]","[531, 528]",460
7548140,"[533, 534, 526, 544, 517, 539, 525, 540, 516, 541, 543, 547, 520, 529, 530, 532, 535, 536, 537, 538, 542, 545, 546, 549]","[531, 528]",460
7553420,"[533, 534, 526, 544, 517, 539, 525, 540, 516, 541, 543, 520, 529, 530, 532, 535, 536, 537, 538, 542, 545, 546, 549]","[531, 528]",460
7556437,"[533, 534, 526, 544, 517, 539, 525, 540, 516, 541, 543, 529, 530, 532, 535, 536, 537, 538, 542, 545, 546, 549]","[531, 528]",460
7559557,"[533, 534, 526, 544, 517, 539, 525, 540, 516, 541, 543, 529, 530, 535, 536, 537, 542, 545, 546, 549]","[531, 528, 532]",224
7562503,"[533, 534, 526, 544, 517, 539, 525, 540, 516, 541, 543, 529, 530, 535, 536, 537, 542, 545, 546, 549]","[531, 528]",460
7565649,"[533, 534, 526, 544, 517, 539, 525, 540, 516, 541, 543, 529, 530, 536, 537, 542, 545, 546, 549]","[531, 528]",460
7601088,"[533, 534, 526, 544, 517, 539, 525, 540, 516, 541, 543, 529, 530, 536, 537, 542, 546, 549]","[531, 545]",324
7651021,"[533, 534, 526, 544, 517, 539, 525, 540, 516, 541, 543, 529, 530, 536, 537, 542, 546, 549]",[531],740
7668086,"[533, 534, 526, 544, 539, 525, 540, 516, 541, 543, 529, 530, 536, 537, 542, 546, 549]",[531],740
7679715,"[533, 534, 526, 544, 525, 540, 516, 541, 543, 529, 530, 536, 537, 542, 546, 549]",[531],740
7695349,"[533, 534, 526, 544, 525, 540, 541, 543, 529, 530, 536, 537, 542, 546, 549]",[531],740
7710121,"[533, 534, 526, 544, 525, 540, 543, 529, 530, 536, 537, 542, 546, 549]",[531],740
7714671,"[533, 534, 526, 544, 525, 540, 529, 530, 536, 537, 542, 546, 549]",[531],740
7740393,"[533, 534, 526, 544, 525, 540, 529, 536, 537, 542, 546, 549, 558]",[531],740
7743770,"[533, 534, 526, 544, 525, 540, 529, 536, 537, 546, 549]","[531, 558]",543
7748342,"[533, 534, 526, 544, 525, 540, 529, 536, 537, 546]","[558, 549]",958
7752219,"[534, 526, 544, 525, 540, 529, 536, 537, 546]","[558, 549]",958
7752880,"[534, 526, 544, 540, 529, 536, 537, 546]","[549, 525]",284
7756486,"[534, 526, 544, 540, 529, 536, 537, 546, 552, 554, 575]",[549],1155
7775370,"[534, 526, 544, 540, 536, 537, 546, 552, 554, 575]",[549],1155
7780635,"[534, 526, 544, 540, 537, 546, 552, 554, 575, 564]",[549],1155
7810578,"[534, 526, 544, 540, 546, 552, 575, 564, 555]","[537, 554]",372
7811036,"[534, 526, 544, 540, 546, 552, 575, 555]","[537, 564]",416
7812628,"[534, 526, 544, 540, 546, 552, 575, 555]",[537],727
7817107,"[534, 526, 544, 540, 546, 575, 555]",[537],727
7828499,"[534, 526, 544, 540, 546, 575]",[537],727
8027458,"[534, 526, 544, 540, 546, 575]",[],1500
8045699,"[526, 544, 540, 546, 575, 556]",[],1500
8049808,"[544, 540, 546, 575]",[526],210
8050955,"[544, 540, 546, 575, 557, 561, 567, 570]",[],1500
8081689,"[540, 546, 575, 557, 561, 567, 570, 551, 560, 562, 565, 568, 569, 574, 577]",[],1500
8082410,"[546, 575, 557, 561, 567, 570, 551, 560, 562, 568, 569, 574, 577]",[540],295
8088634,"[546, 575, 557, 561, 567, 570, 551, 560, 562, 568, 569, 577, 553, 559, 563, 566, 571, 576, 578, 579]",[574],1207
8089162,"[546, 557, 561, 567, 570, 551, 560, 562, 568, 569, 577, 559, 563, 566, 571, 576, 578, 579]","[574, 575]",314
8094682,"[546, 557, 561, 567, 570, 551, 560, 562, 568, 569, 577, 559, 566, 571, 576, 578, 579]","[574, 563]",922
8100214,"[546, 561, 567, 570, 551, 560, 562, 568, 569, 577, 559, 566, 571, 576, 578, 579]","[574, 563]",922
8106387,"[546, 567, 551, 560, 562, 568, 569, 577, 559, 566, 571, 576, 578, 579]","[574, 563, 561]",556
8109281,"[546, 567, 560, 562, 568, 569, 577, 559, 566, 571, 576, 578, 579, 600]","[574, 561, 551]",504
8110829,"[546, 567, 560, 562, 568, 569, 559, 566, 571, 576, 578, 579, 600]","[574, 561, 577]",486
8113477,"[546, 567, 560, 562, 568, 569, 559, 566, 576, 578, 579, 600, 581]","[574, 561, 577]",486
8114883,"[546, 567, 560, 562, 568, 569, 559, 566, 576, 578, 579, 600, 581]","[574, 561]",841
8119299,"[546, 560, 562, 568, 569, 559, 566, 576, 578, 579, 600, 581]","[574, 561]",841
8135893,"[546, 562, 568, 569, 559, 566, 576, 578, 579, 600, 581]","[574, 561]",841
8144777,"[546, 562, 568, 559, 566, 576, 578, 579, 600, 581, 594]","[574, 561]",841
8153513,"[546, 562, 568, 566, 576, 578, 579, 600, 581, 594]","[561, 559]",569
8157855,"[546, 562, 568, 566, 576, 579, 600, 581, 594]","[561, 578]",625
8161112,"[546, 562, 568, 566, 576, 579, 581, 594]","[561, 600]",544
8198382,"[546, 562, 568, 566, 576, 579, 581, 594]",[600],910
8199710,"[546, 562, 568, 576, 579, 581, 594]",[566],718
8210201,"[546, 562, 568, 579, 581, 594, 597, 602]",[566],718
8211613,"[546, 562, 568, 579, 594, 597, 602, 604]",[581],917
8217988,"[546, 562, 568, 579, 594, 604]","[597, 602]",587
8218354,"[546, 562, 568, 579, 594, 604]",[602],901
8219597,"[546, 562, 568, 579, 594, 604]",[],1500
8224503,"[562, 568, 579, 594, 604, 550, 572, 573]",[],1500
8241620,"[568, 579, 594, 604, 550, 572, 582, 587, 595]",[562],227
8243618,"[568, 579, 594, 604, 550, 572, 587, 595]",[582],1295
8246256,"[579, 594, 604, 550, 572, 587]","[582, 568]",288
8249600,"[579, 594, 604, 550, 572, 587]",[568],493
8323564,"[579, 594, 604, 550, 572, 587, 589, 590, 601, 605]",[],1500
8352298,"[594, 604, 550, 572, 587, 589, 590, 601, 605, 588, 591]",[],1500
8354535,"[604, 550, 572, 587, 590, 605, 591]","[594, 601, 588]",145
8356751,"[604, 550, 572, 587, 590, 605, 591]","[594, 588]",250
8356965,"[604, 550, 572, 587, 590, 605, 591]",[588],1212
8362635,"[550, 572, 587, 590, 605, 591]",[588],1212
8367928,"[550, 587, 590, 605, 583, 585, 596, 599, 603]","[588, 591]",655
8370920,"[550, 587, 590, 583, 585, 596, 599, 603]","[591, 605]",351
8371333,"[550, 587, 590, 585, 596, 599, 603]","[591, 583]",625
8375158,"[550, 587, 590, 596, 599, 603]","[591, 585]",576
8379727,"[550, 587, 590, 596, 603]","[591, 585]",576
8389434,"[550, 587, 590, 596]","[591, 585]",576
8456602,"[550, 587, 590, 596, 620]",[585],1133
8581603,"[550, 587, 596, 620]",[590],628
8594505,"[550, 587, 596, 625]",[590],628
8608003,"[550, 587, 596]",[590],628
8693987,"[550, 587, 596]",[],1500
8818857,"[587, 596, 580, 584, 586, 592, 593, 598]",[],1500
8821921,"[596, 580, 584, 586, 592, 593, 598]",[],1500
8824915,"[580, 584, 586, 592, 593, 598]",[],1500
8828221,"[584, 586, 592, 593, 598, 606, 618]",[],1500
8834852,"[586, 592, 593, 598, 618]",[584],444
8835602,"[586, 592, 593, 598, 618, 621]",[],1500
8849943,"[592, 598, 618, 621, 610]",[593],753
8851790,"[592, 618, 621, 610, 607, 611, 612]",[593],753
8855775,"[592, 618, 610, 607, 611, 612]",[593],753
8866793,"[592, 618, 607, 611, 612]",[593],753
8890477,"[592, 618, 611, 612]",[593],753
8898272,"[592, 618, 612]",[593],753
8900935,"[592, 618]",[593],753
8908491,"[592, 618, 608, 609, 614, 622]",[],1500
8943112,"[618, 608, 609, 614, 622, 613, 615, 616, 617, 619]",[],1500
8946552,"[608, 609, 614, 622, 613, 615, 616, 617, 619, 628]",[],1500
8956683,"[609, 622, 613, 615, 616, 617, 619, 628]",[608],756
8957059,"[609, 622, 615, 616, 619, 628]","[613, 617]",1050
8958695,"[609, 615, 616, 619, 628, 646]","[617, 622]",339
8961382,"[609, 615, 616, 619, 628, 646]",[617],1149
8964314,"[609, 615, 619, 628, 646, 626, 632]",[617],1149
8968048,"[609, 615, 628, 646, 626, 632, 624, 630, 631]",[617],1149
8970284,"[609, 615, 646, 626, 632, 624, 630]","[617, 628]",333
8971208,"[609, 615, 646, 626, 632, 624, 630]",[617],1149
8982651,"[609, 615, 626, 624, 630, 633, 640, 641, 644]","[646, 632]",446
8982916,"[609, 615, 626, 624, 630, 633, 640, 641]","[632, 644]",601
8987357,"[609, 615, 624, 630, 633, 640, 641]","[632, 644]",601
8996791,"[609, 615, 624, 633, 640, 641]","[632, 644]",601
9007995,"[609, 615, 624, 633, 641]","[632, 640]",363
9008705,"[609, 615, 624, 633, 641]",[640],926
9030237,"[609, 615, 633, 641]",[640],926
9037103,"[609, 615, 633, 658]",[640],926
9043383,"[609, 615, 633]",[640],926
9095936,"[609, 615, 633]",[],1500
9133554,"[615, 633, 627, 635, 639, 643, 648]",[],1500
9274644,"[633, 627, 635, 639, 643, 648, 623, 629, 634, 636, 637, 638, 642, 645, 647]",[],1500
9279781,"[635, 639, 643, 648, 623, 629, 634, 636, 637, 638, 642, 645, 647, 653]",[627],1202
9280203,"[639, 643, 648, 623, 629, 634, 636, 637, 638, 642, 645, 647, 653]",[635],368
9281951,"[639, 643, 648, 623, 629, 634, 636, 637, 638, 642, 645, 647]",[635],368
9282223,"[639, 643, 648, 623, 629, 634, 636, 637, 638, 642, 645, 647]",[],1500
9295217,"[643, 648, 623, 629, 634, 636, 637, 638, 642, 645, 647]",[],1500
9300820,"[648, 629, 634, 636, 637, 642, 645, 647, 652]","[623, 638]",494
9302456,"[648, 629, 634, 636, 637, 642, 645, 647, 661]","[638, 652]",576
9306991,"[648, 629, 634, 637, 642, 645, 647, 661]","[652, 636]",553
9311042,"[648, 629, 634, 642, 645, 647, 661, 650]","[652, 637]",551
9316530,"[648, 629, 634, 642, 645, 647, 661, 650]",[652],1059
9316956,"[648, 634, 642, 645, 647, 661, 650]",[629],882
9320139,"[648, 642, 645, 647, 661, 650, 664]",[634],896
9323720,"[648, 645, 647, 661, 650, 664, 657, 662]",[642],883
9333270,"[648, 645, 647, 661, 664, 657, 662]",[650],868
9334882,"[648, 645, 647, 661, 657]","[664, 662]",844
9339813,"[648, 645, 647, 661]","[664, 657]",422
9341156,"[648, 645, 647, 661]",[657],816
9405021,"[648, 645, 647, 661]",[],1500
9424189,"[645, 647, 661]",[],1500
9429298,"[647, 661, 649, 655, 665, 666, 667, 668]",[],1500
9434162,"[661, 649, 655, 665, 666, 667, 668, 651, 654, 656, 659, 660, 663]",[],1500
9437943,"[649, 655, 665, 666, 667, 668, 651, 654, 656, 659, 660, 663]",[],1500
9446940,"[655, 666, 668, 651, 654, 656, 659, 660, 663]","[649, 665]",402
9452814,"[666, 668, 651, 654, 656, 659, 660, 663]","[649, 665]",402
9454245,"[666, 651, 654, 656, 659, 660, 663, 687]","[649, 668]",694
9454908,"[666, 654, 656, 659, 660, 663, 687, 688]","[649, 651]",268
9463676,"[666, 654, 656, 659, 660, 663, 687, 688, 680]",[649],920
9490878,"[654, 656, 659, 660, 663, 687, 688]","[649, 666]",216
9512844,"[654, 656, 659, 660, 663, 687, 688, 675]",[666],796
9552401,"[656, 659, 660, 663, 687, 688, 675, 672, 681, 684]",[654],713
9553093,"[659, 660, 663, 687, 688, 672, 681, 684, 685, 690]","[654, 675]",577
9554100,"[660, 663, 687, 688, 672, 681, 684, 685, 690]","[654, 659]",362
9559915,"[660, 663, 687, 688, 672, 681, 684, 685, 690]",[654],713
9571904,"[663, 687, 688, 672, 681, 684, 685, 690, 669, 670, 676, 677, 683, 691]",[654],713
9586404,"[687, 688, 672, 681, 684, 685, 690, 669, 670, 676, 677, 683, 691, 673, 674, 678, 679]",[654],713
9619392,"[688, 672, 681, 684, 685, 690, 669, 670, 676, 677, 683, 691, 673, 674, 678, 679]",[654],713
9627443,"[672, 681, 684, 685, 690, 669, 670, 676, 677, 683, 691, 673, 674, 678, 679, 716]",[654],713
9642387,"[672, 684, 685, 690, 670, 676, 677, 683, 691, 673, 674, 678, 679, 716]","[654, 681]",282
9646751,"[672, 684, 685, 690, 670, 676, 677, 691, 673, 674, 678, 679, 716]","[654, 681]",282
9688416,"[672, 684, 685, 690, 670, 676, 677, 691, 673, 674, 678, 679, 716, 671, 682, 686, 689]",[681],1069
9690170,"[672, 685, 670, 676, 677, 691, 673, 674, 678, 679, 716, 671, 686, 689]","[681, 684, 682]",482
9691208,"[672, 685, 670, 676, 677, 673, 674, 678, 679, 716, 671, 686, 689]","[681, 684, 691]",131
9693610,"[672, 685, 670, 676, 677, 673, 674, 678, 679, 716, 671, 686, 689]","[681, 684]",576
9701461,"[672, 685, 670, 676, 673, 674, 678, 679, 716, 671, 686, 689, 703]","[681, 684]",576
9709659,"[672, 685, 670, 676, 673, 674, 679, 716, 671, 686, 689, 703]","[681, 678]",687
9719692,"[672, 670, 676, 673, 674, 679, 716, 671, 686, 689, 703]","[681, 685]",445
9734712,"[672, 670, 676, 673, 674, 679, 716, 686, 689, 703, 708]","[681, 671]",849
9741741,"[672, 676, 673, 674, 679, 716, 686, 689, 703, 708, 715]","[681, 671]",849
9745525,"[672, 673, 674, 679, 716, 686, 689, 703, 708, 715, 711, 713]","[681, 671]",849
9754249,"[672, 674, 679, 716, 686, 689, 703, 708, 715, 711, 713]","[681, 671]",849
9762477,"[672, 674, 679, 686, 689, 703, 708, 715, 711, 713]","[681, 671]",849
9764526,"[672, 674, 679, 689, 703, 708, 715, 713]","[681, 671, 686]",432
9766607,"[672, 674, 679, 689, 703, 708, 715, 713]","[681, 671]",849
9772030,"[672, 674, 679, 689, 708, 715, 713]","[681, 671]",849
9779780,"[672, 674, 679, 689, 715, 713, 692]","[681, 708]",443
9804886,"[672, 674, 679, 689, 715, 713, 692]",[681],1069
9812532,"[672, 674, 679, 689, 713, 692]",[681],1069
9818531,"[672, 674, 679, 689, 692]",[681],1069
9818766,"[672, 674, 679, 689]",[692],893
9821086,"[672, 674, 679, 689]",[],1500
10031394,"[674, 679, 689, 701, 702, 706, 710]",[],1500
10245719,"[679, 689, 701, 702, 706, 710, 699, 705, 709]",[],1500
10257864,"[689, 701, 706, 710, 699, 705, 709]",[679],394
10259437,"[689, 701, 706, 710, 699, 705]",[679],394
10400614,"[689, 701, 706, 710, 699, 705, 693, 696, 700, 704, 714]",[],1500
10758599,"[701, 706, 710, 699, 705, 693, 696, 700, 704, 714, 694, 695, 697, 698, 707, 712]",[],1500
10764517,"[706, 710, 699, 705, 696, 700, 704, 694, 695, 697, 698, 707, 712]","[693, 714]",936
10765567,"[710, 699, 705, 696, 700, 704, 694, 695, 697, 698, 707, 721]","[714, 706, 712]",264
10766896,"[710, 699, 705, 696, 700, 704, 694, 695, 697, 698, 707, 731]","[706, 712, 721]",368
10767658,"[710, 699, 705, 696, 700, 704, 694, 695, 697, 698, 707, 731, 735]","[706, 721]",706
10771908,"[710, 699, 705, 696, 700, 704, 695, 697, 698, 707, 731, 735]","[721, 694]",716
10779511,"[710, 699, 705, 696, 700, 704, 697, 698, 707, 731, 735, 730]","[721, 694]",716
10781374,"[710, 699, 705, 696, 700, 704, 697, 698, 707, 735, 730, 718]","[721, 731]",750
10782906,"[710, 699, 705, 696, 704, 697, 698, 707, 735, 730, 718]","[731, 700]",208
10784212,"[710, 699, 705, 696, 704, 697, 698, 707, 735, 730, 718]",[700],755
10794556,"[710, 699, 705, 696, 704, 697, 698, 735, 730, 718, 734]",[707],765
10794840,"[710, 699, 705, 696, 704, 697, 698, 730, 718]","[735, 734]",934
10796440,"[699, 705, 696, 704, 697, 698, 730, 718]","[735, 710]",185
10799219,"[699, 705, 696, 704, 697, 698, 730, 718, 733]",[735],1054
10801558,"[699, 696, 704, 697, 698, 730, 718, 733]",[705],548
10804335,"[699, 696, 704, 697, 698, 730, 733, 720]",[718],1087
10806198,"[699, 704, 697, 698, 730, 733, 720]",[696],731
10814061,"[699, 704, 697, 698, 733, 720]",[730],854
10817772,"[699, 704, 697, 733, 720, 724, 729]",[730],854
10827438,"[699, 704, 697, 733, 720, 724, 750]",[730],854
10829389,"[699, 704, 697, 733, 720, 724]",[750],837
10841513,"[699, 704, 697, 733, 720, 724]",[],1500
10847777,"[704, 697, 733, 720, 724, 719, 737, 739]",[],1500
10853019,"[697, 733, 720, 724, 737, 739, 723, 725, 726, 728, 736]",[719],1053
10857834,"[733, 720, 724, 737, 739, 723, 725, 726, 728, 736, 717, 722, 727, 732, 738]",[719],1053
10862218,"[720, 724, 737, 739, 723, 725, 726, 728, 736, 717, 722, 727, 732, 738]",[719],1053
10869154,"[720, 737, 739, 723, 725, 726, 728, 736, 717, 722, 727, 732, 738]",[719],1053
10869907,"[720, 739, 723, 725, 728, 736, 722, 727, 732, 738]","[719, 737, 717]",404
10872083,"[720, 739, 723, 725, 728, 736, 722, 727, 738]","[737, 717, 732]",665
10874427,"[720, 723, 725, 728, 736, 722, 727, 738, 744]","[737, 717, 739]",270
10881995,"[720, 723, 725, 728, 736, 722, 727, 738, 744]","[737, 739]",555
10882676,"[720, 723, 725, 728, 736, 727, 738, 744, 747]","[737, 722]",593
10883445,"[720, 723, 725, 728, 736, 727, 738, 744, 747]",[722],957
10888183,"[720, 725, 728, 736, 727, 738, 744, 747]",[722],957
10898050,"[720, 728, 736, 727, 738, 744, 747]",[722],957
10909074,"[720, 736, 727, 738, 744, 747, 745]",[722],957
10911944,"[720, 736, 738, 744, 747, 745, 755]",[722],957
10912946,"[720, 736, 738, 744, 755]","[722, 747]",335
10916535,"[720, 736, 738, 744, 755]",[722],957
11102053,"[720, 736, 738, 744, 755, 748]",[],1500
11118741,"[736, 738, 744, 755, 748, 742, 743]",[],1500
11140718,"[738, 744, 755, 748, 742]",[736],322
11425855,"[738, 744, 755, 748, 742, 740, 751, 752, 753]",[],1500
11429294,"[744, 755, 748, 742, 740, 751, 752, 753, 741, 746, 749, 754, 756]",[],1500
11432527,"[755, 748, 742, 740, 751, 752, 753, 746, 749, 754, 756]",[741],1131
11434504,"[755, 742, 740, 751, 752, 753, 749, 754, 756, 757, 780]","[741, 748]",401
11437918,"[755, 742, 740, 751, 752, 753, 754, 756, 757, 780]","[748, 749]",499
11438108,"[755, 742, 751, 752, 753, 754, 756, 757, 780, 763, 777]","[748, 740]",277
11447091,"[755, 742, 751, 752, 753, 754, 756, 757, 763, 777]","[748, 740]",277
11454171,"[755, 742, 751, 752, 753, 754, 756, 757, 763, 777, 771, 785]",[740],1007
11465719,"[755, 751, 752, 753, 754, 756, 763, 777, 771, 785]","[740, 742]",477
11614495,"[755, 751, 752, 753, 754, 756, 763, 777, 771, 785]",[742],970
11617798,"[755, 752, 753, 754, 756, 763, 777, 771, 785]",[742],970
11622102,"[755, 753, 754, 756, 763, 777, 771, 785, 765, 773, 784]",[742],970
11623947,"[755, 754, 756, 763, 777, 771, 785, 765, 773]","[742, 753]",367
11632716,"[755, 754, 756, 763, 777, 771, 785, 765, 773, 770, 776]",[742],970
11641933,"[755, 756, 763, 777, 771, 785, 765, 773, 770, 776, 761, 766, 775, 789, 791]",[742],970
11661036,"[755, 763, 777, 771, 785, 765, 773, 770, 761, 766, 775, 789, 791]","[742, 756]",482
11662955,"[755, 763, 777, 771, 785, 765, 773, 770, 766, 775, 789, 791]","[742, 756]",482
11664846,"[755, 763, 777, 771, 785, 765, 773, 770, 775, 789, 791]","[742, 756]",482
11671330,"[755, 763, 777, 771, 785, 765, 773, 770, 775, 789, 769, 779, 781, 788]","[742, 791]",566
11674844,"[755, 763, 777, 771, 785, 765, 773, 770, 775, 789, 779, 781, 788]","[742, 769]",548
11680216,"[755, 763, 777, 771, 785, 765, 773, 770, 775, 789, 779, 781]","[742, 788]",680
11682986,"[755, 777, 771, 785, 765, 773, 770, 775, 789, 779, 781]","[742, 763]",389
11690080,"[755, 777, 771, 785, 765, 773, 770, 775, 789, 779, 781]",[742],970
11759267,"[755, 777, 785, 765, 773, 770, 775, 789, 779, 781, 759, 762, 768, 778, 782]",[771],780
11761774,"[755, 777, 785, 773, 770, 775, 789, 779, 781, 759, 762, 768, 778, 782]",[771],780
11771369,"[755, 777, 785, 773, 770, 789, 779, 781, 759, 768, 778, 782]","[771, 775]",206
11912428,"[755, 777, 785, 773, 770, 789, 779, 781, 759, 768, 778, 782]",[775],926
11920691,"[755, 777, 785, 773, 770, 779, 781, 768, 778, 782, 798]","[775, 759]",717
11933764,"[755, 777, 785, 773, 770, 779, 781, 768, 782, 798]","[759, 778]",934
11943418,"[755, 777, 785, 773, 770, 779, 781, 768, 798]","[759, 778]",934
11948177,"[755, 777, 785, 773, 770, 779, 781, 768, 798]",[759],1291
11954285,"[777, 785, 773, 770, 779, 781, 768, 798, 758, 760, 764, 767, 772, 774, 783, 786, 787, 790]",[759],1291
11962098,"[777, 785, 770, 779, 781, 768, 798, 758, 760, 764, 767, 772, 774, 783, 786, 787, 790]",[759],1291
11966315,"[777, 785, 770, 781, 768, 798, 758, 760, 764, 767, 772, 774, 783, 786, 787, 790]",[759],1291
11978916,"[777, 785, 770, 781, 798, 758, 760, 764, 767, 772, 774, 783, 786, 787, 790]",[768],431
12120706,"[777, 785, 770, 781, 798, 758, 760, 764, 767, 772, 774, 783, 786, 787, 790]",[],1500
12158830,"[785, 770, 781, 798, 758, 760, 764, 767, 772, 774, 783, 786, 787, 790, 797]",[],1500
12162261,"[770, 781, 798, 758, 760, 764, 767, 772, 774, 783, 786, 787, 790, 797]",[],1500
12166677,"[781, 798, 758, 760, 764, 767, 772, 774, 783, 786, 787, 790, 797]",[],1500
12170683,"[798, 758, 760, 764, 767, 772, 774, 783, 786, 787, 790, 797]",[],1500
12174226,"[758, 760, 764, 767, 772, 774, 783, 786, 787, 790, 797]",[],1500
12178543,"[760, 764, 767, 772, 774, 783, 786, 787, 790, 797]",[],1500
12181538,"[764, 772, 774, 783, 786, 787, 790, 797, 792]",[760],816
12243504,"[772, 774, 783, 786, 787, 790, 797, 792]",[760],816
12349748,"[772, 774, 783, 787, 790, 797, 792]",[760],816
12368580,"[772, 774, 783, 790, 797, 792, 796]",[760],816
12374754,"[772, 774, 783, 797, 792, 796]",[760],816
12382375,"[772, 774, 783, 792, 796]",[760],816
12387780,"[772, 774, 783, 796]",[760],816
12573402,"[772, 774, 783, 796, 793]",[],1500
12599714,"[774, 783, 796, 793]",[],1500
12606486,"[783, 796, 793, 794]",[],1500
12770959,"[796, 793, 794, 795, 799]",[],1500
12776627,"[793, 794, 795]",[799],1390
12787184,[795],"[793, 794]",427
12788160,[795],[794],1027
13043754,[795],[],1500
13049480,[],[],1500
