P,n,Algorithm Time,Optimal Time,Makespan Ratio
4096,600,4506.5142039288,4118.24998149955,1.0942789350266382
256,400,31651.99374705356,23531.7252532983,1.3450774818398448
8192,800,15170.04289446483,14795.02099803586,1.0253478448241984
128,1000,151604.8153040544,119404.61005167401,1.2696730489588746
2048,600,92955.41707235074,91443.0979502153,1.0165383627199376
256,900,62180.23757591226,51518.201495127876,1.2069566827132485
256,100,5740.485380153705,4679.130547151785,1.2268273608326599
4096,300,1165.0486988683213,942.5154884959478,1.2361056270040598
256,200,13514.305938651336,11080.525409985707,1.2196448668826048
2048,400,16814.173967750477,16659.391108001237,1.009291027429862
8192,1000,31808.8753826311,31785.267802615333,1.0007427208152648
1024,500,16417.875892619402,10972.920970408175,1.4962174553972645
256,600,53166.17165531082,34696.429261633115,1.5323240110503624
8192,900,42073.466672041846,42072.74163946224,1.0000172328341665
8192,700,30464.605359727622,28301.923922736623,1.07641464385584
256,1000,71168.63879262378,58863.7101663512,1.209040996422046
8192,900,26454.81071313114,26446.50237773516,1.0003141563023084
2048,700,31917.7610044158,31784.101151865783,1.004205242486216
1024,600,21074.777052278143,16874.141147700775,1.2489392418736367
4096,1000,25619.368632538342,25339.795717781904,1.0110329585080378
2048,200,5481.263451938516,5118.145442873633,1.0709471845061531
512,800,27129.37330652718,21229.958775728857,1.27788158201903
128,200,32878.919279164904,28092.671302858154,1.1703735442139955
2048,800,30358.549750496004,26497.37844693629,1.1457189929672515
512,100,53429.80724987236,52844.49103612885,1.0110762011756977
1024,100,6928.6702724545785,6901.431727873591,1.0039467962091078
512,900,28097.332796434992,24134.145646769488,1.1642149346271142
256,800,72553.89328236936,46337.580997070676,1.5657678221691373
1024,100,18125.77163325073,16558.912626923186,1.0946233029685768
1024,700,29372.00241668197,15601.0663687365,1.8826919726167894
256,300,20929.490564938715,17275.812740351696,1.211490937040143
1024,600,74121.57988999612,70364.7320429823,1.0533910630785739
8192,200,2688.4361358938577,2650.3651611722858,1.0143644261852327
1024,300,4439.310797319393,3799.3333703103463,1.1684446624268643
4096,900,16072.758203318575,12984.521812166118,1.2378398246640758
512,900,44130.6856404991,39234.60108057627,1.1247899666385728
4096,100,52866.31208985447,52844.49103612885,1.0004129295844804
8192,700,31773.879978264293,31347.334171878083,1.0136070839085534
1024,400,17886.7700102734,16121.07512688779,1.1095271171114802
256,700,46106.3455400937,38261.990551516115,1.2050169077851793
256,400,29921.061086612604,22632.15194254064,1.3220599244197955
512,500,23752.097098473103,16731.4559896685,1.4196073021463151
256,900,70119.52557523333,47728.093563071816,1.4691457450017702
8192,500,17617.146510930837,14826.065726985928,1.1882549851957471
8192,300,4632.381890380113,4160.156593477788,1.1135114234984977
1024,800,43478.51678547534,40846.09768688062,1.064447260513707
4096,800,29658.462545722872,26497.37844693629,1.1192979941437216
4096,800,35084.322959143334,29394.111289795015,1.1935833886334857
8192,500,9198.341910975245,9178.81822404002,1.0021270371041984
4096,700,25398.880405680873,15601.0663687365,1.6280220726820662
4096,800,12915.926579530396,12582.997544262242,1.0264586426324123
4096,100,2685.686144954427,2685.399498342895,1.0001067426324124
8192,600,43265.222682908934,43098.54140707002,1.0038674458670096
8192,800,39024.93016916831,34870.55437275946,1.119137073417284
512,300,40490.696340579336,37353.09082643066,1.0839985512505041
256,100,7256.5187256995805,4829.618848163767,1.5025033970244932
128,600,91885.4253230931,70900.57950763027,1.2959756600184693
2048,900,36065.33656342911,35054.15888407378,1.0288461543949565
8192,1000,8631.218595173068,7701.877971338275,1.1206641584420367
4096,300,7705.028991329832,7534.510577709549,1.0226316509694409
256,500,36994.283014417364,27381.290499521965,1.3510788695318516
256,700,84281.15279503964,52807.571677195476,1.596005082571062
128,500,71132.91791958212,53535.80791606614,1.3286979442078257
2048,700,73799.04807280724,69459.09380371566,1.0624821608147645
128,800,115767.34708546322,89245.39881899078,1.2971800072322468
512,300,10626.076534289063,8874.280036111113,1.197401534665298
4096,200,5915.303442514056,5846.530584549667,1.0117630203023535
4096,500,31303.466310916774,31281.94741052828,1.0006879015588797
8192,1000,18420.480156486163,11706.78763223605,1.5734871713024974
128,900,136798.44665626684,103084.41806074536,1.3270526159991953
4096,300,11284.687255214654,11243.031887069747,1.003704994218936
4096,400,16070.304184729293,16058.873985478984,1.0007117684129438
128,900,131388.9551551931,103160.92321660006,1.2736310519374139
1024,400,19518.106129237913,19518.106129237913,1.0
8192,600,6147.751394264601,6143.604662733954,1.0006749671826705
128,400,60133.294841178686,46532.572763232245,1.2922839050217543
4096,700,8912.252981389334,7645.6808588148915,1.1656585130824786
8192,500,12411.155402262848,12395.199388157413,1.0012872736940948
256,900,62952.26834478678,51088.94408718973,1.232209227839017
8192,1000,21190.926534383023,16650.77136654941,1.2726693597483758
8192,600,4239.28718184856,4118.24998149955,1.0293904451873361
4096,900,22890.78083109283,21576.530603346437,1.0609111006726244
8192,700,12303.529098815054,12303.529098815054,1.0
128,300,47076.8773566488,32755.432020731212,1.4372235214865559
4096,700,37288.580864737014,37261.21500737222,1.0007344327703587
256,100,8094.579837058705,5731.651529726247,1.412259589592551
2048,500,30074.177201728948,28634.316507153108,1.0502844443385317
512,600,29400.15498758864,17725.14487690757,1.658669375723487
512,500,25496.119220802626,24995.547779787677,1.0200264241226082
512,400,13149.838928280335,10699.281702643733,1.2290394153311321
8192,1000,37945.93275199021,37945.93275199021,1.0
128,600,88154.43992037921,69365.62215019029,1.2708664203934827
2048,800,14350.659040106948,9344.456009563955,1.53574044603765
8192,200,2246.914344120791,2246.1903057130307,1.000322340634237
512,400,15200.576988347862,9893.49469570031,1.5364214017271367
1024,300,5244.737018140573,3874.652043565825,1.353602067790806
1024,800,56732.85805342765,54042.00044115176,1.04979196902983
1024,100,8502.25756474271,8256.468069310878,1.0297693267107064
2048,200,7950.386142291297,7479.733511501313,1.0629237164754972
256,100,7237.04990486971,5741.098881538105,1.2605687611725689
1024,700,11414.980239886667,9298.972325300192,1.2275528779486033
4096,800,10859.169288551157,8113.94962465907,1.3383333383718703
4096,800,17541.9189445836,17329.60230789093,1.0122516739230645
8192,1000,25405.097236080936,24653.74296094643,1.0304762760090713
8192,700,17717.768090425776,16443.27112892882,1.077508723872753
8192,1000,25359.647579012322,25339.795717781904,1.0007834262537676
4096,900,15381.984333656841,15123.145179145105,1.017115431442705
512,700,31131.787628673774,23042.05276203695,1.351085684517011
1024,200,9490.472713121662,7925.6844354705545,1.197432573854198
4096,700,121017.58639143275,119281.29786603454,1.014556251117826
2048,700,8763.510214978236,8384.147776288468,1.0452475849438936
8192,300,1152.7932031244393,1134.6245423979938,1.0160129276668444
8192,500,29540.462615440894,28805.068012604806,1.025530042231259
8192,700,40910.26327113974,38693.833645176644,1.0572812103935683
256,1000,82571.38629864498,55694.48421872097,1.4825774483227854
2048,100,6555.638880722516,6527.528362389177,1.0043064567126676
4096,700,53100.55533266096,51410.44753159222,1.0328747926193436
1024,800,87844.729553851,83688.43623733887,1.0496638902981166
1024,400,43651.934424800624,40694.6858930326,1.0726691573327598
256,100,6633.833308778891,5063.0781886625155,1.3102371840975484
128,900,130884.43338340291,96720.06020199122,1.3532294449575657
512,900,35138.5122038788,27287.43887670948,1.2877174865197927
4096,1000,55555.62241820773,55420.91730641427,1.0024305825009843
8192,300,3306.6504114343606,3203.678826598781,1.0321416691275824
512,500,17861.19952851772,13699.604154479855,1.3037748629165318
128,800,102286.54651419945,79920.49096406845,1.2798538307301763
128,100,14457.744518010968,9931.189861419074,1.4557917751806118
2048,200,3974.1825035979164,3631.3880687245173,1.0943976320861244
4096,500,88498.98422070971,88189.90415189893,1.003504710338254
128,400,61758.172333931325,48772.789542903934,1.266242364087142
1024,700,16316.95785386043,10218.636013742087,1.5967843293290103
128,300,47150.80591180947,36726.85726982461,1.283823594417629
4096,500,27632.55932382414,25343.09726656832,1.0903386840674758
256,500,57266.69342817473,40962.13789004808,1.3980396624290432
512,500,88921.30774625822,81134.30977008452,1.095976634277659
128,800,124875.68608953743,97370.5352483193,1.2824791993909974
128,400,102824.08013810689,56129.50996388722,1.8319076757353159
2048,600,8263.143572400928,7161.983183316524,1.153750764404125
4096,100,1616.31237027108,1609.8572306473563,1.0040097590648631
256,900,80003.57607345092,54102.139652541075,1.47875068504233
2048,500,28548.894994965412,26754.332671641892,1.0670755778269012
1024,500,30789.939649909415,29622.079368073526,1.039425330927126
128,200,29484.17827824276,22418.17440326771,1.3151908691523562
8192,200,13392.832125215462,13392.711084435161,1.0000090378101594
2048,800,85278.29316095292,83688.43623733887,1.0189973309945144
512,800,51828.690907014156,41317.49187667394,1.2544007042275085
512,800,45330.980934746156,29827.20615276463,1.5197863555365043
1024,600,20408.189614632603,17584.595758729552,1.1605720082874995
128,200,32576.327379954433,24735.736732623263,1.3169742115257248
2048,600,17655.128247398447,14204.411019232688,1.2429327920385793
8192,500,13662.630242298881,13172.843391400284,1.0371815587831514
512,300,11224.634463440485,7439.888445540946,1.5087100492975676
512,600,23721.093547738863,15899.34500755958,1.4919541362528026
4096,300,8982.198712036605,8964.445714442161,1.0019803787272472
2048,200,3821.5006979851532,3331.151264730722,1.147201190905412
512,800,35666.55238650497,23329.424969424435,1.528822610640836
128,500,94333.66009084648,58552.39607217396,1.6110982029593997
4096,600,20875.9736078922,19273.016075016418,1.0831710784983828
8192,400,16058.873985478984,16058.873985478984,1.0
256,100,11542.695397622298,6271.106141717587,1.8406155368406634
2048,1000,25979.520612854754,19519.021354171116,1.3309847938305095
2048,500,11106.62756735488,8999.368116979864,1.23415637886832
2048,1000,16762.095616216957,11945.840872571735,1.4031741921745828
1024,600,9205.444517783622,7574.492106364061,1.2153216860638405
1024,800,32029.005122602986,30245.172080792294,1.058979100434464
128,200,27113.908672868216,20554.7935583826,1.3191039158751705
512,100,2470.966825967107,1647.1095834763269,1.5001836251550298
4096,900,17873.92660890171,17795.006342265573,1.0044349670417758
8192,900,29291.61995123438,29139.288958476114,1.00522768393475
8192,300,5064.4622378839895,4437.796551663437,1.141210999405923
4096,1000,65823.94596874814,64026.0449036331,1.0280807766249047
128,200,28435.844785874586,22869.25446081218,1.2434093483283895
4096,200,27366.644181931864,27366.490666336336,1.000005609619348
8192,600,11572.508574473477,6739.31208828464,1.717164663525626
4096,800,26248.088350580052,25954.7004250599,1.01130384557384
2048,500,35836.70073582988,29096.494408489692,1.2316501167705465
128,300,55652.92500649566,42868.394179046576,1.2982274254093233
128,100,18919.957942279012,14368.875755705378,1.316731960380864
128,400,62520.109288408945,47063.4505065966,1.328421707618864
4096,1000,13299.155051298025,11369.665935842593,1.169704996289536
2048,800,24959.84186407049,23176.40263872809,1.0769506490348182
2048,100,915.3389727724928,779.9525417109743,1.1735829089863885
128,900,129269.17388675066,102028.33792508653,1.2669928425342527
8192,700,15128.0004476387,13342.922112172426,1.133784662794201
1024,700,25883.220300993475,23892.917564519732,1.0833009502125133
512,700,62936.36465589109,46034.918306536856,1.367144050018967
8192,1000,104842.27980968643,104842.27980968643,1.0
8192,1000,17243.27232829528,17013.83585258804,1.0134852879559397
1024,100,28215.305558795022,27862.279139187787,1.0126704071064563
8192,1000,44212.026085775906,44093.542638006584,1.0026870929546767
4096,900,11539.269954997853,11517.73406831423,1.0018698023895924
8192,600,34044.58840001379,34044.58840001379,1.0
8192,1000,14357.594072046948,14355.924063056385,1.0001163289094612
2048,100,9045.133320431021,8264.118251157186,1.0945067635212593
512,800,39535.7860192184,21523.445853670353,1.836870652032534
2048,200,37452.32535119413,37184.08459662799,1.0072138593023334
2048,600,9518.225552448708,8424.948334473913,1.129766637677911
1024,100,29274.557677674853,28456.760375258575,1.0287382432726708
256,700,54423.53247558005,41979.70873698172,1.296424727874208
128,1000,169820.04929292662,111804.66682439692,1.5188994709822805
1024,800,16737.16898184191,11723.473347553632,1.4276629873803142
1024,800,12905.099300808284,11709.843963234125,1.1020726955309526
1024,1000,24532.86658635292,18902.043005270345,1.2978949724912046
8192,600,6861.780335603129,5902.922290422559,1.1624378567097706
4096,200,6548.572457548141,6514.510751938798,1.0052285899749578
1024,700,123275.23888818242,119281.29786603454,1.033483379989992
8192,800,29077.02614515899,28906.407718974442,1.0059024430791708
128,1000,160144.12390705472,109237.63657662571,1.4660160080882032
2048,1000,20645.541167663865,19174.55975050672,1.0767152641988702
1024,1000,31103.724705572746,21242.000587215385,1.4642559008445133
2048,900,51465.60397323157,50700.94643714276,1.0150817211476872
512,600,24595.723528578415,16673.63804033263,1.4751263922775995
1024,700,19447.80917746057,16689.36111657461,1.1652818248474759
1024,100,4705.786361160859,4381.662305208172,1.0739728517114209
4096,100,3011.031258518044,3011.031258518044,1.0
128,700,104195.77118544423,83214.36890509089,1.2521367710459166
128,300,45506.693985032216,34512.68583773152,1.3185497703363709
2048,1000,63187.478500993195,63187.478500993195,1.0
256,500,43799.31512852378,29342.10076145894,1.4927123141112817
128,500,68664.13972312133,56026.38095969651,1.225568001126398
2048,400,14640.579913620923,13737.181606839427,1.065763002385563
128,900,130894.11711751565,103152.02937065497,1.2689436932663278
128,300,39616.12646172004,30815.596408708312,1.285586880626615
4096,200,12009.345807599457,11947.194373851893,1.005202178168591
128,500,67641.49702251572,51649.5387557624,1.3096244158611996
256,200,14597.219091085453,11434.62723040609,1.2765802327398694
1024,300,4048.1212031231807,3530.140474026971,1.1467309113921262
2048,200,4904.97832182203,4697.6054528301665,1.0441443776141157
4096,500,19870.643253420458,19728.656110545275,1.0071970002457131
8192,100,1349.367237235119,1186.6338026590806,1.1371387147503935
4096,700,8180.448920613118,7625.546039991353,1.0727689371635338
1024,500,24983.59159839626,23184.603529300133,1.0775940837988716
2048,1000,83534.67122653621,83498.62870766157,1.000431654021539
8192,1000,29314.382451789344,29314.382451789344,1.0
2048,1000,16519.68032257295,16073.252104701176,1.0277746043528553
8192,400,18307.25418438568,17342.848385000725,1.0556082702204235
128,700,98224.06110132943,75809.96321061932,1.2956616378831112
128,1000,191877.3886124973,118000.69589745268,1.6260699748690162
2048,900,22553.288498307775,20389.69610220296,1.1061120472448362
4096,200,3453.8348406944456,2985.4729818217315,1.1568802872189854
2048,300,6775.177187383429,6322.060306833952,1.0716723439128968
128,100,18549.96039503685,14446.766271911081,1.284021631270081
128,1000,155895.23617800875,110076.46947736123,1.4162448788391673
4096,300,3802.0307754798737,3786.839985685401,1.0040114686260564
256,200,14750.191892006507,11209.087201633854,1.3159137427226453
4096,400,20750.86994083143,20712.283029273585,1.0018629965370456
2048,200,5093.123076341376,4909.981711961932,1.0372998058084955
256,1000,79594.08663354629,58726.96709569049,1.3553243181084875
4096,600,14175.547868151294,13993.535659909896,1.013006877794498
256,500,35518.72370562564,27143.751524606912,1.3085414399489501
256,400,34248.28758471788,25877.93205935572,1.3234553482157398
512,500,27080.85876510047,19824.47658957861,1.3660314633142152
2048,900,17511.2062155441,12984.521812166118,1.3486215718114942
8192,300,21585.589847035804,21585.589847035804,1.0
512,900,40995.60777295067,26610.781636185853,1.540563833615622
2048,600,11089.8876795682,9821.146266439977,1.1291846571375954
256,700,54203.598849200636,42748.97540272856,1.267950830132433
128,300,33805.32367832763,26988.128761182234,1.2525997625648932
128,300,44154.76092369336,33300.69501494735,1.3259411223661863
1024,700,10760.825086494053,9933.76849404138,1.0832570834471098
256,800,51448.900355883015,40732.385089797965,1.2630956975011307
1024,1000,15699.96405056593,14103.20000120165,1.1132199819351798
4096,900,18771.53261642254,17976.093377004225,1.0442498390910606
512,600,21287.726589488437,14713.168401077037,1.4468485651214409
2048,700,31046.846866502834,30411.41910911961,1.0208943803346775
256,400,29006.687773576123,23558.171020774545,1.2312792766465976
2048,500,9954.987557185796,9178.81822404002,1.0845609221362429
128,800,116164.63217548735,92351.37447544445,1.2578549354062367
512,200,7370.119364857242,5266.246438150616,1.3995014193535267
128,900,119567.54223967917,94518.05570423095,1.2650232947431113
512,300,10142.49260009419,7641.144258583433,1.3273525871077423
8192,400,22095.099589204536,20320.559616571347,1.08732731805211
8192,500,11252.974938095876,11124.079955775882,1.0115870240804112
128,400,65673.44669173595,48720.513203685616,1.3479629497574315
512,400,109515.11550857143,104413.74225631413,1.0488572973443906
8192,700,4305.08139560688,4280.411000743759,1.005763557485212
8192,400,10255.912420245033,10151.979392012567,1.0102377107181915
1024,600,18008.415459997806,12133.41732730136,1.4841997908929692
512,700,22334.59282461228,18464.180240983344,1.2096173527941476
4096,400,25494.06925942293,22260.07004728407,1.145282526302447
8192,300,6377.7381355497455,4271.608920895634,1.4930529113635518
512,200,7236.450277519423,5669.957595651662,1.2762794351529396
2048,500,39517.00113706699,39239.447684927094,1.0070733271876942
128,400,55315.26243840032,42797.12681057493,1.2924994400496117
2048,400,8812.729921595035,7285.308736360246,1.2096577153431511
4096,400,15666.0637373578,15665.754420776666,1.0000197447612689
8192,800,10056.51182145208,9310.762513902644,1.0800954064112256
1024,900,21862.792453041562,17795.006342265573,1.228591439223848
512,700,47592.33272392052,37288.50469268564,1.2763271983190045
256,1000,75270.46399047377,60619.60441274142,1.241685172967789
256,700,52262.15331757903,38598.26405198254,1.3540026890119858
256,500,44214.16366774587,33462.911979337,1.3212885864519996
8192,700,61593.65118723116,60842.37006297865,1.0123479924183567
128,500,72012.94355548089,55659.95529531376,1.2938016779460826
2048,900,18643.49310118579,16854.48258083057,1.1061444937140907
128,200,26742.365687743746,20296.955769157692,1.317555499055686
4096,400,21974.002923528165,20318.28143673186,1.0814892485839405
2048,400,8076.912145746116,3854.8376035280567,2.095266513524175
2048,100,1067.494541823046,833.252174483342,1.2811182190852919
256,300,19724.210931805806,15498.608174263303,1.2726440148709262
1024,800,22859.814228541745,20928.70695834475,1.0922707396133242
128,900,140211.4011948398,110304.68081578685,1.2711282980728473
1024,900,30844.783810986264,25912.067192668957,1.1903636858317839
2048,400,5031.4722253215805,4622.8071793391655,1.088401923361388
8192,900,8018.722560898652,8018.615255762397,1.000013382003355
256,500,41679.360434554605,31929.322741510005,1.3053631225434348
512,100,2369.2618336516457,1880.7124121824588,1.2597682762683813
2048,400,7670.925538450639,6270.369001678258,1.2233611030543055
128,700,129698.78557806811,87986.34911151881,1.474078500673788
2048,400,52484.06949366662,35997.117371588596,1.4580075663250374
4096,1000,41413.60413351074,41409.604432376575,1.0000965887307784
4096,800,29077.228628688816,28906.407718974442,1.0059094478765773
128,1000,143002.55489850018,110945.0778071714,1.2889490703413307
128,1000,148754.30582290367,115948.15552755487,1.2829380954451877
128,600,82974.72615532223,64016.28039679616,1.2961503798879714
1024,400,5383.965481996959,4582.440601708277,1.174912224719265
512,600,28995.671430433667,17345.047578477173,1.6716974282857155
128,700,112684.27350483059,78380.15232667144,1.4376633645107888
256,1000,148234.45683248786,108923.44647423936,1.3609049440750633
4096,700,12515.065249776582,9768.22412478058,1.2812016892638307
8192,700,7647.764401997983,7484.086791654446,1.0218700844739075
512,400,13593.714843757907,11152.828387449783,1.2188580664484034
256,400,35178.42944138679,27652.24575428372,1.2721726023260573
8192,600,52870.9532638953,49839.7359731086,1.0608192886981227
8192,900,27118.45129601455,27118.45129601455,1.0
4096,800,27721.823067338162,25342.891830072942,1.0938697625044622
512,500,16085.338703845875,13426.13210540065,1.1980620015928163
8192,800,20700.19327233675,20700.19327233675,1.0
2048,200,5414.577541686374,5109.555861150387,1.0596963197633609
1024,200,8614.242093094177,7513.109726671892,1.1465614647571583
8192,500,4973.900071915745,4177.777927367603,1.190561144797319
256,500,43842.00609214848,38661.03354732119,1.134010192419863
1024,100,1945.4514644985554,1605.9517178483497,1.211400967337341
1024,300,6388.205895187643,4541.790968760858,1.4065389488698872
512,900,56572.21471546857,36599.28152353617,1.5457192699011937
256,100,8874.724740295285,6870.079496840111,1.2917936021522327
128,700,122046.21779895668,92417.89181801837,1.3205908011760314
128,1000,173892.35602157863,122239.77769759363,1.4225513110124202
2048,700,6552.911489090132,4738.122700663707,1.38301852929478
2048,800,55751.52727309233,32885.676260377506,1.6953133890776901
8192,1000,29105.038324566023,25799.344373669304,1.128130928562297
2048,700,19381.453075338042,18294.09667899773,1.0594375560280402
256,1000,77122.98733615063,58569.06192039527,1.3167871365427215
4096,700,22192.388381918878,19438.269366218312,1.1416854023273768
128,200,35571.70678003988,17653.47852746701,2.0149970287552073
8192,800,9489.128812469382,7004.310606132063,1.3547555706855625
2048,1000,33216.64597301648,31785.267802615333,1.0450327547746308
1024,700,58280.23212092883,57560.291887936895,1.0125075848189506
512,900,28175.20398033973,24328.171597373002,1.158130764885847
128,300,43881.18681059781,34119.012930735975,1.2861212280577912
4096,900,36097.71092721004,35716.06923739481,1.0106854336987243
4096,200,3721.6674838547183,2658.4430022282727,1.3999425531167171
256,900,138450.65748896956,100564.3077226307,1.376737538638801
1024,500,8607.119060135015,6456.1923444703,1.3331571615128497
256,900,70125.66782295342,55083.88253782221,1.2730705351933584
1024,700,57466.98634534701,54656.13334591356,1.0514279519490306
128,700,99410.67280141162,78479.10754470208,1.2667151285428013
1024,900,42509.69300243713,42072.74163946224,1.0103856165761504
256,300,22149.232546708172,17059.506465367984,1.298351308795052
1024,700,24550.874175911315,13605.432722820518,1.8044905058206568
1024,800,57694.723377818606,45529.77511399946,1.2671866538624452
256,300,18620.50827142135,14027.682915642352,1.3274115463971252
1024,800,42469.62528199663,40477.23944572463,1.049222374439432
2048,700,5209.933460556791,4808.2961358245575,1.083530072480313
1024,200,4325.77671297892,3631.3880687245173,1.1912185178540553
8192,900,14696.611108058005,14696.611108058005,1.0
256,300,26514.31516044505,17617.037379123205,1.5050382530189454
512,100,4911.044587881618,4060.884206636101,1.2093535146498946
2048,700,20424.933750133325,17584.11362731247,1.1615560603753357
1024,800,42768.07232048441,34870.55437275946,1.2264809977869011
128,700,98619.49294649757,74769.90115136474,1.3189731620328284
128,100,17771.607287605853,10273.213847784484,1.729897532643932
1024,900,34647.22531138941,27913.73453249737,1.2412250059572956
2048,300,20123.35642986515,18791.97786543751,1.0708482403481505
2048,900,30138.06168998427,29139.288958476114,1.0342758099873823
512,800,47780.73735509895,38986.0263058235,1.2255862390356451
512,400,13286.783367635195,11033.377357211606,1.2042353793827891
1024,500,7915.932029281188,7026.026575761607,1.126658424064261
2048,400,48024.10293452634,47152.81646231672,1.0184779306429326
512,800,47013.02631878349,29394.111289795015,1.599402882274089
2048,300,3883.247217482757,3799.3333703103463,1.0220864659648323
512,400,16097.147327983681,11667.36027558231,1.379673460643203
1024,1000,57624.25739067832,51991.79943739785,1.1083335836464439
1024,700,56883.32700344166,51410.44753159222,1.1064546164179236
2048,200,2271.6360698648023,2246.1903057130307,1.011328409746517
128,600,96054.46325264387,74196.18209269043,1.2946011579497005
256,200,16017.605412523944,11900.677414826952,1.3459406430568184
256,300,19945.264715911115,15917.311244113895,1.2530548916222723
8192,400,6140.80692977811,5711.051445976499,1.0752498008233455
2048,900,39255.393375981505,39227.924506818104,1.0007002376370595
2048,800,6381.700118226058,5460.144379696449,1.1687786392529134
8192,1000,11963.845112779003,11957.495991849499,1.000530974121491
4096,100,2352.4292992364803,2351.4041153169433,1.00043598797538
128,800,105222.18287985887,81912.56983109874,1.2845669852236825
256,400,25563.083796874194,20568.113824394855,1.2428501716358185
256,500,36974.44512808809,29868.426736977697,1.2379107026187288
8192,300,58716.90916828906,57233.354029263035,1.0259211637023316
8192,300,11836.223291033348,11836.223291033348,1.0
4096,800,53512.47352165789,53108.82355579023,1.007600431318981
256,400,20828.53161560283,16466.243807333845,1.2649230668093279
8192,900,10666.028160621645,10666.028160621645,1.0
128,300,42072.29912825192,32718.346740617177,1.285893185917691
1024,500,9570.51900771584,6637.9827855458525,1.4417812333824607
256,200,16302.51626836241,11748.513724012508,1.3876237157592184
1024,200,7785.150103316473,5255.6638206636735,1.4812876867633025
128,200,38293.1013346251,24576.487202341345,1.5581193935224804
8192,400,42764.78930220769,24326.618544215242,1.7579421991790536
512,600,21661.064475521966,14939.789872673413,1.4498908391705383
2048,900,53371.476517854084,48637.05132204572,1.097341945432913
2048,900,21673.917017978336,19627.72115553896,1.1042503022243078
1024,500,31867.50626831027,28634.316507153108,1.112913111103926
256,1000,86681.42877577712,63696.91555857982,1.3608418557733655
256,600,39769.178545814255,32880.49269557685,1.209506770899576
8192,600,12771.361559271521,12543.841759879386,1.0181379679166427
8192,700,66474.55643771132,66474.55643771132,1.0
512,200,9969.135900971967,9142.462658922332,1.0904212872275576
128,300,38681.30462623486,29869.664466990638,1.2950029843482869
256,800,54244.04445688033,44884.13580506606,1.2085348973290875
2048,700,5009.163960548109,4681.348305309201,1.0700259057560673
1024,700,34063.98783651111,18550.004744949085,1.8363331063721842
8192,300,13190.66231084239,13190.66231084239,1.0
2048,1000,20878.396096078744,17013.83585258804,1.227142208081363
512,700,21007.961721672124,17935.52369196822,1.1713046177224133
8192,800,13559.1050935171,9244.08803613593,1.4667866684645796
512,800,43961.29277836902,30598.22389242475,1.4367269464046435
1024,600,12614.219785464044,9376.76089917932,1.3452640971753982
256,200,12340.44409776471,12328.036350826598,1.0010064657975541
8192,700,61891.10580464408,52576.29360100818,1.1771675324686122
256,800,59923.05096488459,44087.610501133284,1.359181191354071
1024,100,2727.458650476591,1717.5198742100276,1.5880215952267127
1024,300,21425.90707646306,18791.97786543751,1.14016242621645
8192,800,10867.91353642039,8113.94962465907,1.3394110191899344
4096,200,11996.542010841446,11996.542010841446,1.0
2048,700,11586.710023812415,7795.32841675567,1.4863658596996836
1024,200,26026.141588151717,24506.956736725533,1.0619899430086956
128,600,88781.96891992202,68959.49422032456,1.2874509873327225
512,600,24022.481715423924,17467.679290810833,1.3752531927959861
2048,900,39399.28659573478,31616.641352351948,1.2461566096363328
512,900,56197.681430228506,41618.69992411709,1.3502988207871247
8192,1000,94250.63781182312,91140.77891282953,1.0341214869577533
256,300,31525.211571689797,18853.08941332566,1.672150960542694
512,400,25169.94233663215,20320.559616571347,1.2386441521082001
8192,800,38419.62677757731,37915.50133333131,1.0132960247528844
128,800,122453.18316549168,92675.16199414135,1.3213160951715714
128,100,71927.81687526657,70095.30403620996,1.0261431612895204
4096,1000,112877.4442762527,102069.46879971544,1.1058884268100295
512,300,15325.602022383267,9332.201122771377,1.6422280039579809
4096,500,17684.28186494916,14826.065726985928,1.192783182713186
512,1000,75497.3946791727,54077.92724216729,1.3960852149729508
4096,400,13812.46750244882,13797.745697877883,1.0010669717280847
512,200,9522.923600065444,5357.192653768529,1.7775958819338933
4096,600,70495.73830407028,70364.7320429823,1.0018618170962117
2048,900,19000.812576853088,18346.03289126893,1.0356905326325767
4096,700,19798.99000999734,19541.810029763525,1.013160499454355
256,400,34835.529366049304,19931.52351524403,1.7477604930404036
2048,400,7743.494351832783,7166.656446433914,1.0804891248395059
2048,100,8496.170646714703,8256.468069310878,1.029032096459598
128,1000,163724.69709952138,115440.97043804494,1.418254684435362
256,600,41208.71039825418,32190.559785344678,1.2801489217039081
2048,500,6284.34079423955,6105.911710920453,1.0292223490555843
512,400,45452.935832682284,41893.50328008184,1.0849638314753394
1024,1000,33890.11013719912,25799.344373669304,1.313603541483295
4096,800,25972.768929769452,23080.996339811092,1.1252880312177211
4096,300,4464.157618019005,3302.1012714029443,1.3519142058663587
2048,300,13279.357904807073,13190.66231084239,1.0067241198261727
512,400,12864.33622693152,11200.408830574694,1.1485595232751384
256,200,14813.794704336417,12267.865634237492,1.2075282812842094
8192,400,3432.9125085443407,3432.42666990155,1.0001415437792307
4096,1000,52873.12554848629,51301.82468203397,1.030628557096968
512,100,4719.82932178151,4251.010998251774,1.1102839592093592
4096,200,2217.7089201001027,1952.1213740904227,1.1360507341063404
512,200,10925.70719949612,8880.97386195365,1.2302375132869345
512,1000,52712.70997776656,32893.69515066463,1.602517130906817
8192,500,78214.77623277857,77648.50058657365,1.0072928085143584
128,700,102141.2387191297,80381.02878996896,1.2707132548156224
8192,600,33230.11279705793,32897.25740574634,1.010118028600568
1024,800,66590.0475582822,61995.04795945169,1.0741188167454263
1024,100,23864.447157766874,23575.784933521863,1.012244013298347
2048,1000,60300.550452532014,58904.38967413569,1.023702151675283
1024,300,18090.155922033387,16928.74061626207,1.0686061256473882
2048,300,8514.557038553598,7692.5926512757,1.106851412071272
8192,400,9811.273630572668,9811.273630572668,1.0
256,500,37857.29475314575,29446.581293054856,1.2856261437070322
128,200,28109.86762805435,20457.170898474822,1.3740838245698028
1024,500,83439.85051898319,80736.82160889733,1.0334795060818691
256,600,43824.94412220022,34819.2561878814,1.2586410199495641
4096,400,6184.859658867119,5235.990203103946,1.181220632384047
128,500,71536.06750330242,52641.42526124969,1.358931053790472
256,100,14875.251361263448,11905.354235443581,1.2494589465450887
256,200,15195.714147317689,11669.241631370694,1.30220237332876
8192,900,11455.303944381018,9324.526525941848,1.2285132025214487
256,500,42914.11760377386,29896.23940542444,1.4354353074917987
4096,900,13166.208323668387,12447.259129640148,1.057759639012916
1024,1000,23158.52605575015,21228.91437528479,1.0908954478949644
2048,600,94101.6682759687,92293.8983727742,1.019587100935892
1024,900,47091.74894448923,43142.196114904546,1.091547329187079
1024,400,7773.3150449245,6173.258725091684,1.2591915212186497
128,200,23923.809232366304,18284.224233947996,1.3084399385097996
2048,400,24214.81975498516,24114.026526183556,1.0041798589170565
2048,800,11378.314051634734,8113.94962465907,1.4023150965905615
128,900,227978.01010455066,111745.31364432117,2.040157234961919
8192,600,42952.54101301601,42949.06534789804,1.00008092527951
128,700,99052.71935063285,76932.73817319292,1.2875236434148862
1024,600,11955.852956554949,8598.361494469147,1.3904803798078844
2048,300,7614.906337680009,6480.517067643363,1.1750461048394656
8192,900,51777.246480793954,48637.05132204572,1.064563847383669
4096,900,43922.69707068539,43142.196114904546,1.018091358949416
4096,800,6653.6859088723495,5345.800269918593,1.2446566599791191
128,700,87131.78625056196,68977.11224126474,1.2631985222257014
128,400,64325.053963467806,49027.35786518295,1.312023669322564
2048,200,6851.862804081415,5905.9841014637495,1.1601559852460892
1024,600,20599.724693121938,20024.502697617994,1.0287259066649566
128,300,41835.80672332152,31753.51478726137,1.3175173521296257
128,900,126916.18752857023,100393.00888181973,1.2641934826156367
1024,600,12557.441291897316,9821.146266439977,1.2786125927894572
256,300,19331.397205098474,15083.889852994305,1.2815923076540496
4096,200,2445.8362372086876,2099.0704445124884,1.165199692846295
1024,800,12831.067203194252,10183.096272449491,1.2600359320876582
4096,100,2081.972644838404,2075.187323147521,1.0032697393701264
128,400,65900.75048035281,50363.62225938311,1.3084990221900694
256,400,27727.721746929365,21594.351755841075,1.2840265853050796
128,700,135073.08060416352,77645.6877755418,1.7396082702574915
1024,500,8258.671261109394,6713.066052700325,1.230238343593737
4096,800,54373.47494180797,54042.00044115176,1.0061336460151427
2048,100,2379.825802369968,2351.4041153169433,1.0120871129160178
8192,200,7536.254389805325,7513.109726671892,1.0030805703597365
128,100,9151.151764398695,6588.438333905307,1.3889713010297442
512,800,28936.847634973077,23247.068626158627,1.2447525363439613
1024,700,64298.36996030031,54839.88332917712,1.1724745943449313
4096,100,875.7350097198761,875.7350097198761,1.0
512,300,20748.36149524152,17253.8107071268,1.2025379116203745
4096,200,2246.1903057130307,2246.1903057130307,1.0
1024,400,7697.115034448913,5658.03798563516,1.360385888887745
1024,400,6938.850001758789,5143.71033408069,1.348997037368928
4096,700,72867.14364372999,72847.98074475832,1.0002630532620913
8192,1000,21168.861943286705,21167.63514755145,1.000057956201848
128,400,55271.00672851542,42723.60226027847,1.293687886892035
128,300,38634.92903676084,29759.553782163784,1.2982361670999403
256,600,54841.82957835752,34851.16853343638,1.5736008830160746
256,400,30374.03127462241,21430.931762714008,1.4172986788874853
8192,400,5800.891192441282,5523.905770552341,1.050143038892071
8192,300,4516.710717644664,4432.51479139771,1.018995069437863
4096,400,20566.09804516276,20137.634180263423,1.0212767726865981
8192,200,5915.303442514056,5846.530584549667,1.0117630203023535
256,200,15725.874612346683,11083.356427809349,1.4188729483506233
8192,500,5241.121032497483,5209.99242210795,1.0059747899550568
512,1000,36622.512944943555,29597.60414821844,1.237347210995386
1024,100,4182.136654118175,3323.851355879901,1.258220120680176
128,500,79756.74700624682,62235.40719591475,1.2815333039466672
4096,200,3583.2427519970433,3446.6967530801826,1.0396164817211826
8192,900,101015.62299739763,101007.15945786159,1.0000837914815293
512,600,36442.683214203964,24385.758880612324,1.4944248154269002
2048,700,25816.94403726847,15601.0663687365,1.6548191916549955
128,200,29443.62264059767,22407.83808966297,1.313987655693585
2048,300,12039.997590960256,10748.41077226849,1.1201653757059726
128,500,67281.94528624567,50856.64253407525,1.3229726134823991
4096,900,49349.25928448381,45056.257729882665,1.0952809170335045
4096,900,23450.52424493926,22400.149377863734,1.0468914224345989
512,300,15616.470131991608,8426.020512433523,1.8533624632111663
128,500,76312.34818308802,59301.68329998905,1.286849612633207
256,800,60469.683257735334,44351.59458616216,1.3634162158535348
4096,500,7301.293038822698,7097.155884359005,1.0287632338629589
8192,400,9304.982203187477,9304.207814094028,1.000083229986789
1024,800,23169.88137340216,18516.825071849646,1.2512880195982605
512,1000,33401.04312157563,29431.8550831756,1.1348602739169158
128,900,116854.90588819336,92800.87521868641,1.2592004721164896
128,100,13416.190210588562,10380.32147932723,1.2924638449114867
2048,200,4260.711855668697,3914.579980920855,1.088421203918388
512,300,11244.550286573653,9524.540526600167,1.180587163776545
4096,900,52052.68882019732,48637.05132204572,1.070227067745848
8192,300,29660.120748787565,28645.470223905646,1.0354209764039817
2048,300,4358.164363664296,3288.0279409867308,1.3254645160820682
2048,600,9347.037499440745,8708.895245752705,1.0732747651315773
512,100,5311.7834048182785,3091.5749726410554,1.7181480157605735
256,400,24028.769317574912,19580.528600178925,1.2271767431935081
128,1000,136066.1289646665,108573.46405908014,1.2532171663107872
8192,600,3240.2460652894088,3218.5628397687665,1.006736927815335
2048,1000,39471.59367875487,38183.179816617674,1.0337429692426106
8192,900,99092.31732755457,99091.517290319,1.0000080737207124
256,1000,78834.37340316019,61872.63372882427,1.274139609906957
8192,100,3323.851355879901,3323.851355879901,1.0
128,1000,142891.90716129978,112758.77583353376,1.2672353535679715
8192,200,7008.045330341166,7008.045330341166,1.0
2048,500,59464.4816734398,58937.437388956736,1.0089424363839379
1024,700,44766.27592771831,37424.46887337268,1.1961766532796216
2048,100,1342.3918576291492,1007.2524159399284,1.3327263716478475
128,1000,134739.53846910258,103888.47582236923,1.2969632810811775
1024,200,3207.4682994546565,2564.044592128479,1.250940919397995
4096,600,18826.344840837624,17835.0898652441,1.0555789167917353
512,300,10368.622919020889,8026.734228151603,1.2917610854307027
256,300,22765.098593382383,16513.906370757082,1.3785410963510698
8192,700,25369.62248785186,15601.0663687365,1.6261466933241753
128,200,26270.913164796675,20598.681953260304,1.275368648557564
128,500,71580.39777692071,56208.21260609286,1.2734864614634898
1024,300,11231.563882601225,9046.774039768889,1.2414993270781582
8192,1000,76105.852488995,76105.852488995,1.0
1024,100,1308.552706147429,1165.8500602398165,1.1224022288751767
512,1000,43320.91662545657,30609.331618815468,1.415284631658776
8192,600,7179.709255943669,7179.391319265227,1.000044284628641
2048,900,144935.87687643105,142693.62179142388,1.0157137723246292
128,600,80630.37195709358,61581.31829191577,1.3093316965849775
2048,100,797.4974503739872,679.4343479001794,1.1737667558884635
8192,500,5944.696754887339,5618.277230335242,1.058099575932215
8192,100,1694.9039163696834,1487.4694921770513,1.1394545738810633
4096,500,6138.343061435415,4924.282525637926,1.246545670252787
1024,600,9346.488818511849,7980.508954549699,1.1711645048883006
2048,900,34901.606879071805,34516.58400674619,1.0111547212276384
512,900,32057.59985298776,25314.63721192132,1.2663661574376033
512,900,53891.12135115547,36229.89010099189,1.4874768099194442
1024,600,11149.062558625723,8220.123173894213,1.356313320709518
512,100,15341.418530377738,14013.528478027485,1.0947577231838732
256,600,44510.12630504512,28605.271029407217,1.5560113469747292
128,800,113818.76178642969,88007.77202189426,1.2932807997697553
256,1000,81355.18271192975,57791.02740673153,1.4077476446188506
128,300,42569.342194011086,34152.10038414554,1.2464633716576066
8192,1000,16207.69740657689,15655.412821944752,1.0352775484692414
8192,300,17265.081703825064,17265.081703825064,1.0
1024,300,13612.928082724664,13190.66231084239,1.0320124768515362
8192,800,60522.09755591536,56315.44737210545,1.0746979803962913
512,100,5413.521716456069,4382.011440126346,1.235396527467756
2048,100,2182.892008605322,2182.892008605322,1.0
1024,600,36265.65182013767,32897.25740574634,1.102391344446937
256,300,24603.07053585913,19548.889095529667,1.2585405961244738
128,1000,148409.134033937,108467.36333138203,1.368237684367118
2048,900,35006.097451361515,28766.61334937971,1.2169001969818718
2048,200,11881.134649040729,11616.710462188714,1.022762397988027
512,100,5062.733957516904,3392.0611023418087,1.4925243988151327
1024,300,31037.373375703606,28645.470223905646,1.0835002230056545
128,400,58649.81133438724,45094.373890995725,1.3006015224018492
2048,1000,27378.3587474276,24653.74296094643,1.1105152994738845
1024,500,24043.987903740814,18315.062598146134,1.3127985653827121
4096,1000,51991.79943739785,51991.79943739785,1.0
128,600,70722.7429894764,55871.60268351879,1.2658083819445984
1024,300,6634.1075231245195,4271.608920895634,1.5530699663707832
2048,800,45403.68674451096,42807.93117912615,1.060637257953978
2048,600,39573.648374785495,39272.57443722244,1.007666264355659
4096,400,14510.266475361934,13737.181606839427,1.056276817956429
1024,100,1635.16962284147,1125.0423795259012,1.453429357506105
8192,300,93690.19682523458,93690.19682523458,1.0
256,700,46255.3088778452,36575.40564901358,1.264656073037776
512,400,21909.641576623144,19523.745130999763,1.1222048551450847
256,200,15921.897081369556,10277.3967791913,1.5492149834680613
4096,300,13196.521325917973,13190.66231084239,1.0004441789909797
1024,700,10811.302501241838,9616.592271649115,1.1242342605202131
1024,200,9174.512074456374,8182.643203768256,1.121216194570398
512,100,5354.872988759088,5287.309898822707,1.012778348768894
2048,200,5447.113232202323,5260.3914224866785,1.0354958014944404
1024,900,14702.130829784088,13293.604462816997,1.105955188519925
8192,400,29989.922544600893,29989.922544600893,1.0
256,500,107473.45870715594,87244.37338402386,1.2318669335166137
4096,500,23991.400251900406,23160.683745037863,1.0358675294739743
1024,200,4519.1718336667645,4047.5792436053894,1.1165122562594483
128,800,143617.60962035137,87095.53861066673,1.648966318037814
1024,400,10570.16362736117,7285.308736360246,1.4508875340596812
4096,600,11174.18536667556,11135.996527451993,1.0034293149364248
256,400,28722.20518025297,22098.369823111854,1.2997431670373032
8192,800,18613.658483304825,18613.15112189942,1.0000272582220002
256,900,84909.39516266123,49216.73204998194,1.7252139999143317
1024,500,8544.476578013635,7300.99615620107,1.1703165424565276
4096,700,18415.397860134737,18294.09667899773,1.0066306187873308
2048,300,7261.808258976166,7036.383749069046,1.0320369834770518
128,400,63262.51533924442,42288.36000007818,1.4959793980927012
128,500,73814.94465831715,58198.746717059876,1.2683253303920319
512,200,9234.968186220469,6875.131715655468,1.343242365115912
128,300,52327.60560121151,40519.31495225333,1.2914237484733564
512,700,27818.71491260237,20437.272027484174,1.361175546090084
4096,700,22909.320278448933,22906.49879365127,1.0001231739875691
2048,400,13232.696283006513,9402.238788642851,1.40739844844087
8192,400,47539.92947267898,45207.732259703975,1.0515884583543647
8192,500,13995.892646041737,13894.143013840736,1.0073232031727068
256,900,59973.07642003747,48142.95380320393,1.2457290565342554
512,800,69838.27022586466,62957.02214681493,1.1093007236429122
512,900,73709.44111378785,46241.41331250668,1.5940135872501984
2048,700,41802.72733814913,33067.06269276161,1.264180242634607
256,600,43409.145322065415,34231.34565572595,1.2681109810476958
1024,200,3178.0062523781567,2800.979761207871,1.1346052179283508
8192,100,1445.4324047141868,1445.4324047141868,1.0
512,300,9529.506747340465,7958.655622056947,1.1973764414344046
512,600,22729.686255271783,17551.99300250187,1.2949917568923304
512,200,20747.478851055203,18965.98712258621,1.0939308730388966
8192,500,10041.731864489639,6859.056692571714,1.4640106234090073
2048,100,3691.5725138533244,3591.539095789092,1.0278525209934417
8192,300,9698.789791531271,9386.75767923892,1.033241735107585
8192,200,14869.477754146601,14869.477754146601,1.0
8192,900,31007.102528552146,31007.102528552146,1.0
4096,1000,38969.58790392174,37923.6402241004,1.0275803607892218
256,300,22902.093407409633,16838.842292727135,1.3600752955148987
2048,600,15371.236514211128,14939.789872673413,1.0288790301078385
512,500,17016.88029347826,14216.80762823818,1.1969550927648784
128,200,23830.772163189064,17333.489757873765,1.3748398329519247
2048,900,19602.156731468254,17976.093377004225,1.0904569930941812
2048,200,4105.1761967340335,3711.7599194817644,1.1059918437039424
2048,400,7155.010652663559,6963.408569666887,1.027515559525159
128,1000,154864.9811949118,119877.02488971625,1.2918654040453836
1024,400,12613.24174811736,11365.357591299226,1.1097971750377176
8192,700,21844.678104822447,13605.432722820518,1.6055849563815907
512,100,4337.765456575045,3416.4365379002115,1.2696754084128532
2048,700,8314.572273466425,6560.765634919905,1.2673173736327088
4096,100,1511.9605345344462,1504.179300162655,1.0051730763552922
256,1000,117961.07911947428,78480.24515764914,1.5030671589075317
128,600,93281.5626623363,69380.1903139087,1.3444985123316402
256,700,52873.07790829726,41935.33336202956,1.2608240752933015
512,800,102951.33607174724,83766.18971142716,1.229032100259216
2048,900,8999.245081321136,7682.124044500886,1.171452716617234
8192,800,20931.315041887574,20928.70695834475,1.000124617519277
128,300,39718.54135768572,30116.443643117545,1.318832390316528
512,500,15196.664763523844,13536.79852252512,1.1226188184921806
128,700,115166.03344907385,83736.37012774154,1.375340646762998
128,700,109756.2039529543,83759.90593308033,1.3103668483181394
512,700,72373.81134080725,59983.269343844106,1.2065666332046097
4096,400,22089.02510707271,20320.559616571347,1.0870283852349807
8192,100,8256.468069310878,8256.468069310878,1.0
1024,600,13890.89742708544,9012.62948923764,1.5412702190490737
128,900,132019.08954264474,102336.68933895549,1.2900465160190633
512,100,24019.241286667002,23575.784933521863,1.0188098234860719
512,1000,46763.03057738148,27848.138279311792,1.679215684307394
4096,100,1847.1250678516383,1846.8495894745126,1.000149161241227
4096,700,57568.24359491752,57560.291887936895,1.0001381457028764
1024,900,63079.781403768815,56242.96971749624,1.1215585115902185
512,400,33924.43821549331,20679.41133516196,1.6404934195496343
2048,200,15006.064919360884,14977.141557293966,1.0019311670358642
512,400,16103.151969381626,11668.768078314894,1.3800215979360788
512,700,24038.47913115097,19130.995275758058,1.2565200495141753
256,500,34224.006063777415,26852.2642108013,1.2745296186237747
2048,1000,142167.4097683982,141691.26372925757,1.003360447402392
128,600,83118.40219195631,65760.9853911537,1.2639470302575113
128,200,31878.47379275531,25383.08699802397,1.2558942809137832
256,300,19989.358504082455,16573.545873883093,1.2061002911623193
512,400,27468.05205307562,11241.14720785982,2.4435274750133984
256,1000,106140.52963584445,59000.34794872634,1.798981418348326
4096,400,5152.805100667917,4004.06227739933,1.2868943447140149
1024,900,101533.0517196355,99091.517290319,1.0246391870472957
1024,300,9823.37062571143,8964.445714442161,1.0958146146041687
128,700,99765.39117316525,77115.47929902586,1.2937142073164227
8192,100,11847.887914083658,11847.887914083658,1.0
256,700,47340.127279486536,37961.279965107846,1.2470635163777215
128,1000,143730.8424238898,112135.50198644285,1.2817603691760957
128,600,92559.0254155183,70207.97201000748,1.3183549213232495
2048,1000,26483.718949330156,26346.69715629046,1.0052007199318713
8192,100,3700.7321489850497,3699.5533846030053,1.000318623428155
4096,900,85284.13433831943,85252.4872453692,1.0003712160662146
256,200,16433.16170666333,12207.09282413362,1.3461978165820696
2048,400,22266.7448790375,20318.28143673186,1.0958970594227109
512,800,24078.22058272907,20450.29619360714,1.1774020461501207
4096,500,10575.749815814255,8613.251550260844,1.227846389264456
256,1000,77450.37428211614,59696.58443065612,1.297400429535176
256,300,29268.54059376839,20259.657476126664,1.4446710477833846
1024,400,44085.894883893045,41836.069779476755,1.0537771620583722
512,700,27673.97528696149,18646.494342862505,1.4841382395052998
1024,600,31318.47105668938,16440.260853335138,1.904986261232953
1024,800,16982.290433018537,11439.001059740898,1.4845955817581853
2048,200,2498.276088878026,2330.739753345911,1.0718811850579228
512,800,49719.693687593135,40282.511812055025,1.234274911146775
4096,900,31201.607990657343,28073.464622303563,1.1114270507911788
2048,100,1767.964873738161,1605.9517178483497,1.1008829556263846
256,800,61530.43842794193,44281.972117340025,1.3895144115283817
8192,100,2230.152362843178,2230.152362843178,1.0
256,200,23751.560632885565,16620.533745680903,1.429049210832821
128,700,126940.00907855536,73195.88352302235,1.7342506568505158
8192,600,27792.055660451813,27792.055660451813,1.0
256,100,5881.675792466079,4503.787284442162,1.3059399614150697
256,600,45115.73948598478,35546.324493194,1.2692096898688645
256,1000,65539.98974254413,53373.921035885694,1.2279403212381312
1024,600,89355.41326021691,82214.32336448257,1.08685943766849
128,700,105602.2381881482,81990.87854229895,1.287975443922926
2048,700,67144.49905114197,66474.55643771132,1.0100781810264265
256,900,60176.889486493725,48180.010476548974,1.2490011706366084
8192,300,11059.462327285979,11059.462327285979,1.0
4096,800,103066.39245286272,101611.07054677096,1.0143224739023087
4096,700,18444.347958032828,11945.942694426532,1.5439842990907846
512,900,40185.94639209124,26609.950259378966,1.5101849496290307
128,400,58863.888183995216,45577.515792113525,1.291511552592796
128,500,75244.19024419859,58953.465687584445,1.2763319232654537
256,100,7708.558002285798,5762.214692417103,1.33777695100983
128,400,59212.55207603522,44360.747223170176,1.3347960929997087
256,1000,72768.87745554265,59303.79193163879,1.227052690651307
512,300,9383.239939395819,7851.689972209442,1.1950599135481916
128,700,101841.71564108972,80281.324800172,1.2685604764817173
512,900,28437.64174835061,24819.822565570117,1.1457632975909788
128,1000,131886.52766282661,103156.1218404,1.2785138226394108
2048,1000,19867.242321794245,19253.808592922574,1.031860383669606
256,100,70545.28011711041,69893.16292802899,1.009330200004726
1024,700,33593.22063692685,30411.41910911961,1.1046252237158212
128,400,48198.88141236343,37234.73001022395,1.2944603438544855
4096,500,6133.038118863901,4805.386972770705,1.2762839191965627
512,500,15858.046270204075,14034.71460055659,1.129915835237232
256,1000,77179.24221383223,61544.84579607808,1.254032587384441
2048,600,14045.319480346785,12133.41732730136,1.1575732624594937
512,1000,34516.501053860644,29014.173311503764,1.1896427543629262
512,600,27731.87131368503,20737.948284957296,1.3372524095742355
128,500,72169.40320136698,57751.23288601084,1.2496599569365847
1024,700,22419.591528163095,20292.961102872483,1.1047964569837758
256,700,46962.83967026438,36804.73990335795,1.2759997705072665
128,600,85204.11571717774,66694.55216133052,1.2775273685184
256,500,57882.859238679026,31880.873827451596,1.8155982659684176
2048,200,3238.7475006408417,2650.3651611722858,1.2220004805708764
128,500,82887.96323227386,55539.59000922314,1.492412227359063
8192,500,4222.4909896797535,4181.02086220486,1.0099186607390005
4096,300,3428.55120297952,3307.3604626334427,1.0366427372266465
128,1000,150271.46065530984,118390.41659287376,1.269287371224227
256,200,13540.451290352434,10648.680780844215,1.2715613857737373
1024,1000,95777.08764331386,93102.69567398103,1.028725182981788
1024,100,1807.5731589444717,1176.541733099947,1.5363442775479677
256,200,14392.542688763562,11495.583435507757,1.2520062830658623
2048,200,22291.626050761955,21862.2803594279,1.0196386508760924
8192,400,5193.1797753236115,5081.579496773712,1.0219617303282875
4096,1000,14960.902416767329,14795.810540683577,1.0111580150090327
128,200,42553.37753256964,37852.01817795175,1.1242036641881452
1024,1000,21960.852490805835,15468.158432206068,1.4197457691590103
256,1000,75510.63991402462,60166.521104750354,1.2550275224083514
4096,1000,44394.384199929904,44093.542638006584,1.0068228031572135
1024,700,20154.725947852356,15684.338205258733,1.2850224015887879
512,600,20106.1299617408,17196.722988938294,1.1691838017437373
1024,300,7782.14166760449,6322.060306833952,1.2309502424695689
512,800,33817.26645431533,21372.21903902641,1.5823001997389148
512,300,9024.750962523405,7559.685918061,1.19379972400205
4096,300,6502.117318588609,5149.823268657971,1.2625903801710543
4096,600,25480.262680687505,24326.438092937286,1.0474308891150492
4096,900,34429.70995028954,34415.30937585723,1.0004184351294083
8192,300,3121.2804995916686,3098.1823323638564,1.0074553931143841
4096,300,21585.589847035804,21585.589847035804,1.0
4096,200,6373.863497242483,6113.578941406392,1.0425748253732723
256,1000,96893.95143675893,58067.44736200511,1.6686449265231333
256,600,55012.32432081352,43098.54140707002,1.2764312323523117
1024,100,5157.802236084203,5069.609591430859,1.0173963385272144
512,600,41122.687503215646,34189.96584076679,1.2027706519139763
2048,800,41080.236607317245,40655.47251230357,1.0104478946809714
4096,400,3821.323491042991,2603.7453239711317,1.4676256759301083
2048,100,2617.503094055492,2230.152362843178,1.1736880123824762
4096,1000,38874.42475788445,37548.762726301335,1.0353050789248655
4096,600,9333.630645801722,6977.596845776162,1.3376569114123824
8192,400,15240.776167952443,13926.914881122386,1.0943397226194702
8192,100,1846.8238190250663,1838.7654061694216,1.0043825127602506
512,500,14723.52681767522,12162.94037796899,1.2105236365660625
2048,400,11278.98267746834,10935.399010177825,1.0314193992346081
2048,200,7484.189315499023,7008.045330341166,1.0679424807793985
2048,600,7483.851024057096,5858.189093835163,1.2775024677733073
1024,500,7592.724426919466,7017.357300278295,1.0819919952798118
512,700,25070.104452689313,19350.358239070454,1.2955886471429803
1024,800,54839.05108635505,48542.53971268123,1.1297112061079269
256,300,30249.54541981487,22671.941118291164,1.3342282984058333
128,200,27079.611012354624,20512.356737027832,1.320160884461995
4096,400,30425.079341740693,30425.079341740693,1.0
2048,600,6012.432132761247,4344.377141016552,1.3839572250751653
2048,1000,31426.989262741456,30019.47881743847,1.0468865716777653
128,900,187499.06996043416,94837.75092294543,1.9770509964199274
256,800,75383.14631786883,45715.38547787395,1.6489666559708647
256,500,82260.99373214824,60554.7177872736,1.35845722245999
8192,400,13802.354342141858,13797.745697877883,1.0003340142922539
256,300,20000.103292704283,15740.583019815953,1.2706075288015688
4096,1000,36221.32335375641,32780.224551210384,1.1049748392409644
1024,300,9242.078833283978,7448.478860314655,1.240800840897272
8192,1000,63187.895744055604,63187.478500993195,1.00000660325546
1024,700,51226.14160192484,50354.223476320665,1.0173156900337108
8192,600,14010.157028638554,13993.535659909896,1.0011877890715122
512,600,31958.710689283944,17348.214630816557,1.842190183220006
256,1000,67577.51051601334,55640.12275947996,1.2145463950203002
1024,300,38351.14652370099,37352.92603435276,1.0267240239340336
1024,300,13341.42083360647,11059.462327285979,1.2063353930588856
8192,500,35032.759194212005,29096.494408489692,1.204019931142985
8192,200,1205.2168444746128,1204.4084038760668,1.0006712346044284
256,800,58025.933315361006,46494.137252317254,1.2480268856364038
128,200,32598.731047076497,24409.861912711327,1.3354738000423039
1024,100,2341.999006867331,1846.8495894745126,1.2681048961511283
256,900,79017.22074969784,54731.72512181727,1.443718804291806
512,500,21039.14385723705,13966.062798898942,1.5064477483873076
512,500,24694.54618625166,14723.290646527428,1.6772436800380632
4096,700,13290.06597848261,8190.725087590155,1.6225750267968966
8192,900,14894.418280600838,14894.418280600838,1.0
8192,200,6317.077690519362,6113.578941406392,1.033286353388635
256,600,47659.01218005717,34602.07908189288,1.3773453342864859
256,700,48635.46338423654,38442.110762122895,1.2651611064020234
512,700,69324.43659149743,55091.667687195906,1.258347033259431
4096,400,47734.53537441335,47152.81646231672,1.0123368858053585
2048,300,58847.268418787586,57233.354029263035,1.0281988434348852
256,200,14468.416212924534,11203.919044831486,1.2913710064335928
256,700,47969.76785581368,37384.95057568237,1.2831304339617442
128,300,45344.85554688384,35497.12014444445,1.2774235025930865
128,1000,153985.99888793236,117138.12384079055,1.3145677413889945
2048,500,80985.30309883188,80736.82160889733,1.0030776724297896
2048,1000,55604.42365123944,55420.91730641427,1.0033111387133957
128,700,110062.4787892496,85497.95080545712,1.2873113069070725
256,800,76841.32392378333,44349.60042871712,1.7326271980125274
1024,100,13185.439120851774,11898.145869700966,1.1081927608930182
128,600,77940.01474680456,60795.153450497135,1.2820103301535006
256,900,76649.71165844076,51492.588408667914,1.4885581406418107
256,700,45362.177253503905,37730.4500245766,1.2022697111737655
128,700,99900.94882068313,79467.31686824553,1.2571325263984432
512,400,42424.36232815507,31673.986596391616,1.339407093548122
1024,500,21287.565525825106,16909.55641454567,1.2589073896411296
128,800,107854.30347474261,85356.69591600647,1.2635716778549448
4096,700,18074.300942706624,12009.599618052493,1.5049878028854387
1024,400,10179.000512192437,9751.644067692327,1.0438240404934347
4096,800,43578.37308578709,41477.063258337956,1.0506619722414103
512,600,80863.93313459842,70579.46701202814,1.1457147036944557
1024,400,61019.346853899915,58362.21078370841,1.0455283656069663
1024,300,7873.390180308548,7036.383749069046,1.1189540623548628
4096,900,144554.11464632046,142693.62179142388,1.0130383743263316
512,1000,30937.98030606406,26503.545263800435,1.1673147874416765
2048,500,25062.108366515706,24995.547779787677,1.0026628977013998
2048,200,8942.9485996856,8661.561723202904,1.0324868523108144
1024,600,44303.69356707389,39272.57443722244,1.128107698615321
8192,100,20822.945149849467,20822.945149849467,1.0
2048,900,32997.131113399635,29605.33518336633,1.114567050466599
2048,100,1792.6236502660283,1695.2616123367657,1.0574318661029891
1024,600,47881.28656527541,46738.113910744214,1.0244591096832516
8192,800,12813.837719051546,12813.837719051546,1.0
8192,100,3895.2753540731583,3893.0004291222926,1.0005843628821225
8192,400,3383.8270173867136,3379.7795493275567,1.0011975538641158
4096,500,13052.996987320472,8681.019156259605,1.503624949140721
256,100,6674.56422569624,5203.875320095013,1.2826141702361875
4096,500,59161.87180480882,58937.437388956736,1.0038080111011771
8192,700,12573.393852334306,10393.044217462191,1.2097893157433828
128,700,84411.3343372431,66112.1861711238,1.2767893368214152
1024,300,19408.650011992024,17265.081703825064,1.124156279416393
8192,500,10756.575695326957,10753.857306207688,1.0002527827031609
128,400,53687.9577288315,41136.22764878971,1.3051259388003478
4096,800,21122.5698664901,20950.612576919455,1.0082077451883238
128,500,70674.85059035989,53103.86228436682,1.3308796676953902
128,500,136335.43235113245,86861.86408512127,1.5695660435922605
4096,900,26296.8273288037,25805.220757366173,1.0190506632770115
2048,200,1541.5829899361916,1417.4893989129155,1.0875446342797657
256,800,74098.95207810513,47744.390043680076,1.5519928521510895
4096,600,16626.77113649542,12789.316529726082,1.3000515780378084
4096,400,10283.023536624385,10151.979392012567,1.0129082358771258
8192,200,3914.579980920855,3914.579980920855,1.0
128,500,71255.74634137085,54798.41661791942,1.3003249133674746
512,100,6846.5226975430205,3880.0511510322126,1.7645444431116935
256,300,19299.969484536,15407.798204354156,1.2526104787043446
1024,1000,28142.682754302525,17013.83585258804,1.6541056936329637
8192,600,25726.322677825472,25723.680911200598,1.0001026978461596
128,500,75298.54968458049,58407.96924960856,1.2891828059076909
4096,300,9798.687261152005,9751.080609750356,1.0048821923750735
1024,300,3736.0211656222245,3378.9016239458215,1.1056910148391255
512,500,17364.188490799097,14904.364694666114,1.1650404996472805
128,100,17883.983548269578,13665.746151600846,1.3086723073788835
1024,200,5224.461210484938,4463.604645581326,1.1704578754878774
128,100,21973.558042869932,9432.722542721762,2.3295032736677506
512,100,3255.197584455508,2531.5390943312577,1.2858571261035237
4096,700,3958.971233477828,3699.399488205731,1.0701659137110369
256,1000,110905.81633255002,69878.35963712295,1.5871267858673543
8192,100,1668.9608141373335,1580.14919940126,1.0562045753462557
1024,400,10831.226049540517,8144.403100633454,1.3298980804005254
1024,500,35448.10787519326,30546.171276298068,1.1604763017451811
128,600,90127.55747910312,68626.08174271135,1.3133134690248494
256,1000,82906.9108204063,55472.5389035857,1.4945577119609224
8192,600,60080.49822078705,59074.08071480974,1.0170365326688022
512,300,21762.767404075854,19280.001135654296,1.1287741764615462
512,300,15571.19110171674,12377.714046552526,1.2580021676986204
2048,900,6770.35790965354,5982.500910177018,1.1316935862285076
8192,700,73163.38103581562,71889.015710936,1.0177268434165772
128,900,146511.67704140904,109027.86800752781,1.3438002569333298
1024,600,41616.473189593526,38040.452252199924,1.094005741931914
8192,800,64752.93522975422,62901.69335261319,1.0294307160661538
2048,600,12073.32325514849,10483.566398017123,1.1516427517864585
8192,900,25033.726893340237,15396.310048586183,1.6259562722718124
8192,500,29622.079368073526,29622.079368073526,1.0
512,800,56079.86668735874,40810.215976887834,1.374162457731628
128,300,42995.876057452515,33498.244300831684,1.2835262550277904
8192,500,22968.204512544882,22968.204512544882,1.0
8192,1000,38807.20037415766,38183.179816617674,1.0163428127394567
128,100,14310.62903769853,10135.939910969757,1.411869956155784
2048,600,14795.155293130067,14705.057207917169,1.0061270135803613
8192,500,10575.749815814255,8613.251550260844,1.227846389264456
512,400,11896.72984429839,9790.264300089462,1.215159211196135
1024,300,4594.299568574813,4240.403914421691,1.0834580057219352
2048,1000,39403.75867278629,37945.93275199021,1.0384185027239743
512,400,16531.647784911333,11765.86262664915,1.4050519124256893
1024,800,43032.66186230648,38980.21906212414,1.103961519398437
8192,1000,23859.165454775066,23859.165454775066,1.0
4096,500,10130.7153200336,7849.878317215758,1.2905569883568364
2048,300,4971.646010105625,4160.156593477788,1.1950622286430452
2048,300,10343.286254442271,9332.201122771377,1.1083436928083086
128,100,19034.91330749262,12591.78808735666,1.511692634551678
1024,400,6738.580247741589,5533.234888185013,1.2178373743233495
512,700,55866.42176897409,38363.28395246362,1.4562471199858387
512,200,7369.419167721613,5115.422257733739,1.4406277324575063
1024,500,11203.939751395004,9178.81822404002,1.2206298760826353
8192,300,4296.283166076691,3302.1012714029443,1.3010755312938522
512,200,7014.997445849678,5667.494549690811,1.237759892725857
4096,800,8316.187767397514,5078.139283702366,1.6376446770743858
2048,200,3436.1009174735736,2593.427486474571,1.3249265442715377
256,700,66007.44452617122,40633.1382003709,1.6244732120043022
128,1000,139125.082825958,109034.07151832568,1.2759780579465458
4096,700,16234.307954025287,15420.131576056581,1.0527995739824236
4096,100,3352.0628481752433,3352.0628481752433,1.0
2048,100,3262.1886599234886,3172.6674349582977,1.0282163910338644
4096,500,38741.209637346605,38563.60941349583,1.0046053838463735
2048,800,55585.4759930776,51570.17225474676,1.077860972007152
128,400,54804.392332054405,43295.973050195695,1.2658080756960073
2048,400,8104.741999496266,7720.711493088641,1.0497403000683807
2048,600,38437.72402310204,38040.452252199924,1.0104434029403302
512,500,17386.720355612146,14825.420824997262,1.172764035560883
2048,1000,47778.406136602185,41229.98517153895,1.158826663114679
1024,900,20673.660367522974,17124.937538092487,1.207225446605966
256,700,50756.93418225937,37863.62896123062,1.3405195321935592
512,600,37577.447414302434,20243.673842128894,1.8562563152988767
256,700,99992.51444487437,69059.34844796591,1.447921486259252
128,600,77387.5852528492,60327.430444906604,1.2827926646655803
4096,100,625.7865738146913,507.0180130529647,1.2342491937250357
