P,n,Algorithm Time,Optimal Time,Makespan Ratio
4096,600,128985.83372365077,32086.250269673834,4.019972188696699
256,400,221373.07457452986,69344.18366491112,3.1923812910432594
8192,800,287061.6678350645,68639.61815064191,4.182157121052981
128,1000,270424.86368740257,125295.95783362567,2.1582888096556667
2048,600,472255.753467526,191374.78812730435,2.4677009865760215
256,900,370767.82445693016,79309.82918527524,4.674929050607101
256,100,106812.31637542302,27744.76099020595,3.8498193014936533
4096,300,91305.94203109443,24265.13520631133,3.762844973035463
256,200,130238.97524948914,32996.77807816611,3.947020977047088
2048,400,161040.464710249,49006.50439213838,3.2861038898355526
8192,1000,292891.88853112195,97895.23348711745,2.991891209592601
1024,500,346683.0456137812,103433.70181766388,3.3517416424380206
256,600,377491.3104292431,107515.86756387605,3.5110288274888584
8192,900,223610.97460863553,76055.59330000391,2.940099010556585
8192,700,308106.7679147334,80626.46962808013,3.821409635520339
256,1000,270070.4915555959,66688.81108753479,4.049712195365204
8192,900,873302.5474746494,294265.0674249581,2.9677411427618887
2048,700,202015.45132887128,53921.858220267735,3.7464482493101334
1024,600,333024.59001159034,87981.12037524463,3.7851824185827705
4096,1000,213679.3872623653,57823.110280004155,3.6953976745221517
2048,200,142213.6162133964,43211.18708703341,3.291129584729023
512,800,247888.3462769406,76745.1936743743,3.2300178605153755
128,200,135133.75928989623,55080.46923257345,2.4533879462664583
2048,800,387108.0215755021,91530.45019922058,4.229281301828433
512,100,142903.35953595294,81541.92332472774,1.7525139671634067
1024,100,93372.56221405072,26126.125239736124,3.573915433584356
512,900,281058.99648540467,83768.9354752691,3.3551697283819615
256,800,449438.02609089005,140690.70674223357,3.194511112338982
1024,100,102248.37311253052,26128.92828146623,3.9132249134403776
1024,700,723859.4152817358,209079.4040392636,3.4621268345771647
256,300,261471.52092284255,73378.01257741736,3.563349724782712
1024,600,239113.44683886325,121589.27436436518,1.966566936836178
8192,200,198515.7394526301,66804.37457564907,2.9715979037844518
1024,300,239745.93103750053,60661.299768006524,3.9522056394173295
4096,900,386211.9658535229,83867.31024046338,4.605035796977158
512,900,299541.8940045949,83934.36071927342,3.5687636319342646
4096,100,142903.35953595294,81541.92332472774,1.7525139671634067
8192,700,99630.82237024611,48366.36010081021,2.0599197905855466
1024,400,346913.9547344192,93715.09953214714,3.7017935900011194
256,700,229404.05832917767,54206.33391376397,4.232052636028349
256,400,352898.80940982024,62094.6152682652,5.683243351862377
512,500,668337.4549639071,150411.49619722992,4.44339343641351
256,900,233767.5872206,65851.69814960258,3.549909778932721
8192,500,438778.2088753274,145171.26830844925,3.022486570435161
8192,300,194942.9209669605,49207.11959862682,3.9616812070503835
1024,800,340068.5065117681,113583.42103934956,2.993997745445223
4096,800,387108.0215755021,91530.45019922058,4.229281301828433
4096,800,341422.94298866723,80495.74766274964,4.241502848313375
8192,500,410457.81394060026,126547.99516819877,3.243495192437054
4096,700,723859.4152817358,209079.4040392636,3.4621268345771647
4096,800,221566.39059162518,76289.52886222344,2.904283115862038
4096,100,115026.2232481273,27021.11397775278,4.25690159712999
8192,600,216014.62599718483,71516.09563181561,3.020503623537939
8192,800,562738.7911044854,111382.24810651336,5.052320281472015
512,300,223378.42007337173,64288.232254330745,3.474639327298099
256,100,214622.02604716568,66621.99147149005,3.2214892005894207
128,600,213768.96156586852,74899.47399565695,2.854078275346285
2048,900,709959.7109206342,246837.67939689083,2.876220975076858
8192,1000,177924.4376464124,55350.7803146872,3.214488334850097
4096,300,126061.94981734108,44478.45983108848,2.8342247077815705
256,500,410491.8834637591,126547.99516819877,3.2437644145856432
256,700,270087.9331751681,88059.66488743904,3.067101533039037
128,500,164971.85048270976,56182.17500713485,2.9363735110247897
2048,700,234748.18674521794,82723.15596316708,2.837756659692007
128,800,398521.76688678405,133043.65281458962,2.995421115219726
512,300,121576.5366344248,36792.68253707005,3.30436728857516
4096,200,299992.56036077987,87248.16939999937,3.4383822884057214
4096,500,1144076.9606023687,374127.1854931126,3.057989381590743
8192,1000,538732.9954220197,150682.91879743664,3.5752758157428555
128,900,313916.70368195226,109443.21737422631,2.8683066087919955
4096,300,101590.85571062438,36076.63280186646,2.815973881724585
4096,400,357493.79008744186,80803.01007103526,4.424263276493823
128,900,267375.84639018436,109318.34627419793,2.4458460588082667
1024,400,190833.9214848823,55614.3310578869,3.4313803268846357
8192,600,110655.70750063758,36813.11504024967,3.005877317897494
128,400,326026.2296442781,101350.91774796846,3.216805894693669
4096,700,295475.09124777565,83298.65199605712,3.5471773452199655
8192,500,232132.83443026294,62291.80850112228,3.726538689691129
256,900,277610.8104933192,72343.07089417889,3.8374208761389093
8192,1000,704506.5611718424,193587.99783544827,3.639205782636793
8192,600,128985.83372365077,32086.250269673834,4.019972188696699
4096,900,229947.47077051285,74506.27131782444,3.086283432298156
8192,700,852843.907142833,257665.43434439163,3.3098886907854896
128,300,176909.40681672376,39128.1871492468,4.521277874232648
4096,700,421325.0009091263,120542.04638444567,3.495253428545516
256,100,66403.79203408168,16062.953290333515,4.133971557648907
2048,500,172600.29786250234,64798.784885890724,2.6636347913999896
512,600,213274.03389053175,54759.00301290296,3.894775692688883
512,500,157370.16378776034,40793.162330552455,3.857758379028545
512,400,244737.73244297242,74066.52558882261,3.3042961107913214
8192,1000,808220.1978593689,296829.78369162104,2.7228406388593256
128,600,145771.83742486194,72849.63176490327,2.000996214988287
2048,800,373101.31666883285,80691.6874824957,4.623788748373481
8192,200,122058.75247002598,41095.10804137316,2.970152854863926
512,400,500767.79209794203,161388.29849094016,3.102875467306904
1024,300,177627.60656924,42146.23556164081,4.214554495844627
1024,800,526195.6683191464,164504.5334558055,3.1986697099779926
1024,100,45571.06173254404,18958.590370662885,2.4037157215581875
2048,200,186979.57341736977,57462.271367614376,3.253953750299385
256,100,195448.00920371432,54998.76131684471,3.55368020159126
1024,700,434234.7151064692,99618.79371512462,4.3589637950067
4096,800,227333.71632947764,63505.82912459984,3.5797299155553715
4096,800,601228.1755845493,202353.75339573988,2.9711738255170257
8192,1000,385421.0169330252,97107.11998289233,3.9690294285416567
8192,700,508180.27848728024,143967.24459588702,3.5298326359841883
8192,1000,213679.3872623653,57823.110280004155,3.6953976745221517
4096,900,282590.8413787741,71933.22533163877,3.9285162047986284
512,700,519440.2705589784,177200.19832819805,2.9313752211321273
1024,200,147930.71072050818,54881.936751014604,2.6954353194864864
4096,700,340607.8908989761,168001.64809777957,2.02740803293035
2048,700,575153.549762368,177106.47023915342,3.2475016242247774
8192,300,155949.1799526498,42831.51684479748,3.6409912942784826
8192,500,458585.2482705238,105591.85204537216,4.342998435840226
8192,700,244633.37448658736,61680.706160931106,3.966124736774487
256,1000,456534.0963741454,147856.9083645297,3.0876751138918457
2048,100,255062.84073600156,80097.32978272869,3.184411283470782
4096,700,450256.84244422277,124421.16221479316,3.6188123823094225
1024,800,285000.32535026583,124249.35109939276,2.293777173309187
1024,400,1250153.135867819,447124.8921868822,2.795981967707805
256,100,53526.56254703555,18030.171622542253,2.968721744174297
128,900,358955.8698530504,106569.95671190214,3.3682651370821177
512,900,569610.9673934926,155561.6151421717,3.661642153000987
4096,1000,456102.74135137576,147856.9083645297,3.084757732299461
8192,300,222922.40182560653,59646.42706960382,3.7373974063101785
512,500,664408.9708962857,191297.86620507852,3.4731645683073866
128,800,228881.48865537404,84426.00544789649,2.7110306527131414
128,100,91217.766400075,33864.52550884084,2.693608282692791
2048,200,144107.31465327775,38158.64128795635,3.776531600425746
4096,500,151775.47318654216,100808.81710997372,1.5055773645371537
128,400,224458.1590490396,56697.870143421365,3.9588463990138685
1024,700,763214.6509481905,203696.4792654518,3.746822987321197
128,300,231649.17306830193,56263.074324413734,4.1172505386500795
4096,500,541210.562339473,144967.29718427974,3.733328639296463
256,500,198485.97108693077,64740.90042417872,3.065851259195685
512,500,523290.12095435115,225641.9561793339,2.3191171084266564
128,800,294647.35551084485,103240.3095790912,2.8539952728940525
128,400,669087.1026390357,248839.23122737743,2.6888328634469048
2048,600,341491.49165563955,92901.70772451619,3.6758365375615374
4096,100,168410.67199821793,53822.603263146375,3.128995287998876
256,900,1426605.7943808828,471069.48858223285,3.0284402385612066
2048,500,131384.05717310432,46117.50017027101,2.84889806880294
1024,500,326107.77195120766,94363.66759019131,3.4558615649346076
128,200,101999.38252340842,34021.21650844406,2.9981109728422615
8192,200,478147.91398626723,148803.6312079928,3.2132812224046328
2048,800,285000.32535026583,124249.35109939276,2.293777173309187
512,800,193579.01034113992,82757.78660001053,2.3391032831358407
512,800,630832.4071925281,151102.0773920206,4.174875806345738
1024,600,401016.14184619306,105019.85128070624,3.818479429896754
128,200,237569.6026230291,70374.68498825342,3.37578211060814
2048,600,213182.38448265684,54759.00301290296,3.8931020061198756
8192,500,142444.19108982844,44043.12302968092,3.23419824234159
512,300,176816.23595139608,53292.82538852232,3.31782439122616
512,600,500248.40698128485,123966.35877611427,4.035356139521235
4096,300,463622.38073886576,151327.6818856169,3.0636984255749127
2048,200,66401.99708154293,20700.962951012414,3.207676726859483
512,800,307417.2351815067,108006.22245017193,2.846291891407756
128,500,1146619.860248614,375731.15576153254,3.0517029068953385
4096,600,381408.3328373169,110655.08892051583,3.4468214391051157
8192,400,357493.79008744186,80803.01007103526,4.424263276493823
256,100,189973.61688520308,64601.3564317874,2.9407063160631357
2048,1000,303333.4840340753,60509.32359768595,5.013004046299993
2048,500,668337.4549639071,150399.0297809245,4.443761744589885
2048,1000,925743.8325991557,254936.71337053613,3.6312691897523575
1024,600,128985.83372365077,32086.250269673834,4.019972188696699
1024,800,761988.816145228,220831.60557494673,3.450542390258631
128,200,288401.06595117843,63311.651754383245,4.555260492492389
512,100,57648.857870997366,19361.98507836203,2.97742497154503
4096,900,444190.85865067586,138660.26103350002,3.20344744297979
8192,900,835349.5661525413,227394.75968666168,3.6735655971298997
8192,300,206359.2067986419,49550.41489560321,4.164631259564952
4096,1000,603228.8089887053,182480.7972512204,3.3057111656425042
128,200,162265.26931037163,52625.615790818134,3.083389464844664
4096,200,135108.6366910421,55080.40807549345,2.452934562610023
8192,600,631854.3769124863,147890.2175992439,4.272455522546454
4096,800,331663.69099149306,96700.03304942673,3.4298198307953864
2048,500,196588.2306711271,63587.77275587825,3.0916042841420937
128,300,130113.2958672387,45007.6355113429,2.890916049887742
128,100,101428.50256374758,29276.558469929165,3.46449541423825
128,400,221505.68530431812,70067.20077666298,3.1613320191049246
4096,1000,226868.1109011781,75618.70934949408,3.0001584641261263
2048,800,307417.2351815067,108005.60745631279,2.8463080984554803
2048,100,96839.3753710091,30198.110141443554,3.206802509078467
128,900,357928.82045303157,107296.26736457921,3.3358925640612873
8192,700,266194.7663439993,68714.9288586522,3.8739000500395853
1024,700,390735.28967957466,114978.99996643869,3.3983187346700414
512,700,136456.1440081775,72744.33423628379,1.875831917918842
8192,1000,3136539.3159203846,1137530.3818757026,2.7573235545133006
8192,1000,384764.48539658036,114821.68959577374,3.350973903546725
1024,100,80147.52245578449,43929.616859217924,1.824453027046304
8192,1000,977231.2697900377,270407.67287867976,3.6139184194986917
4096,900,358977.8615467274,89987.30710479997,3.989205512380305
8192,600,704170.1508803761,212721.5108913956,3.3102912250368903
8192,1000,238041.14943594302,88788.38772271542,2.6809941653557376
2048,100,170725.51681001647,49628.83987756196,3.44004649778655
512,800,185938.49842343933,49694.143521465914,3.7416581763426753
2048,200,103645.69020513854,38263.86021787016,2.7087097228296235
2048,600,347555.98439691006,64352.41237737711,5.400822930440635
1024,100,126237.89025160324,38902.58936820653,3.2449739799266992
256,700,292921.7776513397,99443.58346047232,2.9456076245258473
128,1000,256106.5586693657,118514.74706755942,2.160967854265191
1024,800,323065.96879775426,81513.14058911963,3.9633605877881863
1024,800,312693.9816393717,79873.37446696083,3.914871303812459
1024,1000,372580.05911444034,107712.89842023634,3.4590106159880536
8192,600,454889.61982117273,131761.85730909472,3.452361928642717
4096,200,142901.32599512814,37222.327856175216,3.8391292061928546
1024,700,340607.8908989761,168001.64809777957,2.02740803293035
8192,800,544934.7401903518,178752.13959328766,3.048549468723756
128,1000,420484.51175926963,114759.30901984677,3.6640557994868197
2048,1000,423412.5615828083,93395.93902427712,4.53352218529274
1024,1000,526151.0484985744,129220.21608915825,4.0717394260937105
2048,900,324463.7655545115,109810.59666555177,2.954758241982103
512,600,230391.07110109748,55246.19014466643,4.170261704884999
1024,700,154551.242095127,52978.919429421854,2.917221486576733
1024,100,145895.19223392167,50440.03416874034,2.8924483228113793
4096,100,214487.31175933182,66433.41435496167,3.228605873142399
128,700,415722.1987518436,95764.45131334884,4.341091010813269
128,300,109391.67253955902,36061.13127075538,3.0335064010671444
2048,1000,166833.4891966141,87656.17777952272,1.903271320091576
256,500,196589.5459728784,63587.77275587825,3.0916249689639437
128,500,176368.6040624591,59540.26409032341,2.9621736946766895
2048,400,218507.56170567186,64845.882043045916,3.369644375576886
128,900,410836.58542800776,142091.52385562783,2.891351815224661
128,300,154421.3836898741,49018.24004301976,3.150284130037097
4096,200,143876.17007047188,52396.80681940171,2.745895767396207
128,500,460377.29122171656,133237.7915469743,3.4553056297049625
256,200,161870.99929143678,52126.77261513772,3.1053332322444436
1024,300,230284.27147520555,66019.7704373757,3.4881107575744457
2048,200,245620.77692520508,99057.8538518329,2.479568932440184
4096,500,605988.8767924313,218673.40978607017,2.7712051382254237
8192,100,79865.73355440646,29457.384252428696,2.7112296485666985
4096,700,434234.7151064692,99618.79371512462,4.3589637950067
1024,500,219054.17863157092,54675.27307489169,4.006457879625412
2048,1000,218922.30044030963,117209.69503034814,1.867783210114367
8192,1000,857577.4637904677,310306.1045740466,2.763649993182228
2048,1000,269836.6924959852,92929.47364766299,2.903671805126716
8192,400,281508.33739072323,86617.18216219664,3.250028809106021
128,700,188198.66855606786,80058.73659126465,2.3507574134838713
128,1000,1936001.8289739334,667487.6807548334,2.9004308016360563
2048,900,283749.1231620844,81400.98392035367,3.4858193291584425
4096,200,128576.89780922246,38046.299123850666,3.3794850161554737
2048,300,450062.4388404389,122166.32017680924,3.6840140407689383
128,100,250225.48745160148,67205.4375358315,3.723292290422041
128,1000,732651.4974090836,177126.7800345265,4.136311275270014
4096,300,201471.23284189784,55675.452984295036,3.618672539561177
256,200,101223.48440521448,34021.21650844406,2.975304671427338
4096,400,366549.7957355802,120207.70846299056,3.049303579798572
2048,200,168299.19369389437,56905.95090164368,2.957497256917522
256,1000,1185431.1601459845,402202.4082987434,2.947349731594554
4096,600,226555.14315577078,97714.56773042677,2.3185400950735118
256,500,526701.4277571543,128716.5115702618,4.09194920940385
256,400,357517.4298934312,80937.93876137368,4.41717982153569
512,500,605988.8767924313,218689.015215715,2.771007387795329
2048,900,386211.9658535229,83867.31024046338,4.605035796977158
8192,300,680129.6256963972,211310.8280420486,3.2186217431368855
512,900,873302.5474746494,294269.38675830397,2.9676975817805
2048,600,229881.09820264857,63428.93636475278,3.6242306962346076
256,700,422978.77891052177,110052.4859247753,3.8434277550044844
128,300,219445.85419055627,62282.88541372249,3.523373278756395
128,300,142356.95756532974,35017.52520551622,4.065306064030607
1024,700,365163.20604918787,97718.7908840865,3.736878063527643
256,800,286005.17163103627,81159.63436473215,3.5239829980717556
1024,1000,165837.46706538548,46583.35108963575,3.560015825101994
4096,900,260154.16661823852,67196.61567748235,3.8715367432621526
512,600,173459.4840587444,54819.80235635847,3.16417565556263
2048,700,715554.8338149416,230854.7665827208,3.0995887345412085
256,400,306694.17700320506,106249.04084579187,2.8865594885542167
2048,500,410457.81394060026,126547.99516819877,3.243495192437054
128,800,212733.5524815406,97648.19890207484,2.1785711858841097
512,200,124353.17034720305,39935.77304748188,3.1138290524476036
128,900,469477.55955906503,137983.51207886107,3.4024178141714985
512,300,172100.47741802267,65210.744929774046,2.639142944975694
8192,400,212547.80630235546,64334.95787606042,3.3037684848076396
8192,500,236989.6475340282,56893.54245548506,4.16549290667662
128,400,277666.8634143914,73219.6768009263,3.7922437730683707
512,400,732951.9905329073,302551.7330790469,2.422567483166295
8192,700,193435.24657126708,58909.34219503371,3.2836090060359635
8192,400,315268.81355519476,79751.87253871835,3.9531211433579374
1024,600,247472.39751261307,73266.38484935311,3.3777072257823852
512,700,154839.39313462365,52978.919429421854,2.9226604619767604
4096,400,254360.34183154604,56955.556614236266,4.465944272204122
8192,300,219210.89971841325,62242.53045311874,3.5218828367449415
512,200,122974.63690111213,42449.62169222391,2.8969548372592238
2048,500,969400.8857453896,323100.1950984921,3.000310431412407
128,400,245117.67751584746,74233.43833028698,3.301984698933719
2048,400,138698.9792615104,40001.769895931386,3.4673210616017665
4096,400,206977.40360475142,54667.38391077755,3.786122342026802
8192,800,317994.71947316173,94133.54454054113,3.37812329308612
1024,900,444190.85865067586,138660.26103350002,3.20344744297979
512,700,421325.0009091263,120542.04638444567,3.495253428545516
256,1000,644772.2498303043,187194.71304615473,3.4443934838658037
256,700,390735.28967957466,115009.78625805757,3.397409058763465
256,500,668363.9124942959,150710.25139423233,4.4347607831000815
8192,700,377938.8525792778,113219.76468805708,3.338099612029528
128,500,159384.1515842462,58507.64553511288,2.7241593833850843
2048,900,453531.20501205174,130420.49556876707,3.4774534710529252
128,200,205058.9516746105,71342.50643143423,2.8742885823851494
4096,400,313640.40212574526,119856.35989077212,2.6168023324884304
2048,400,122023.4299384352,38119.45514470553,3.2010801171008665
2048,100,95497.10134035467,29478.52247325327,3.239548434864807
256,300,177627.60656924,42168.09157632779,4.212370062982791
1024,800,249328.64749422617,69579.78689333206,3.5833488233652484
128,900,696974.6132744311,226453.48252444254,3.0777827106244757
1024,900,410305.24739441095,142091.52385562783,2.88761240826231
2048,400,352898.80940982024,61995.608328814014,5.692319487182154
8192,900,277509.97120525694,72331.37337176806,3.8366473394458307
256,500,438778.3869478217,145256.71842409528,3.020709759301824
512,100,27729.319986480186,11064.831273205229,2.5060770744539003
2048,400,111382.04507384074,36292.5152200074,3.0690087032721793
128,700,1521581.5544391877,519862.9761509299,2.9268896310042907
2048,400,412109.9863976863,133260.18829018957,3.0925214175764846
4096,1000,1929258.5392718166,660862.412342602,2.9193043865712505
4096,800,544934.7401903518,178752.13959328766,3.048549468723756
128,1000,1015852.9902405161,338229.9954371404,3.0034385002654536
128,1000,992750.6881380101,212850.57283176226,4.664073368140208
128,600,233298.8832768169,68384.79052619991,3.411560984272289
1024,400,229289.03152378468,74020.68632221934,3.0976344980870207
512,600,772411.1423738651,176029.73971094415,4.387958214573459
128,700,1085586.5343869396,277111.37119997636,3.9175098794611722
256,1000,1759543.2252507198,608131.9476116404,2.8933576539780526
4096,700,763214.6509481905,203696.4792654518,3.746822987321197
8192,700,265183.8935458184,65894.30315831472,4.024382698284241
512,400,356579.68442047155,109127.46472101046,3.267552172425928
256,400,492839.3850362776,147480.59637564968,3.3417235700685683
8192,600,821533.6211199181,254750.17179748067,3.2248599297236766
8192,900,1426153.9240798887,470097.26183904405,3.0337422483609098
4096,800,363201.46464192326,84716.1705510098,4.287274345376958
512,500,470910.71791826043,128236.81139468354,3.672196094059958
8192,800,795393.223325225,270374.624086737,2.941819063130941
2048,200,103333.90659425808,33716.70783680652,3.064768573919148
1024,200,134056.51680872976,35895.9151129629,3.734589754484867
8192,500,242605.0246904938,77074.5486776688,3.1476671463245944
256,500,268160.0979208113,77418.90887707144,3.4637545505401746
1024,100,151417.71692935,41980.83955504662,3.6068291757435254
1024,300,160846.40967338884,54707.14018925136,2.9401355859027576
512,900,1835552.839656275,482109.4928685304,3.807336023887055
256,100,170075.92079566646,62929.765866919784,2.7026307575231274
128,700,254636.30951023154,97654.43951026569,2.607524151356821
128,1000,1095674.480511694,353450.3629095445,3.0999387622417025
2048,700,187866.49218494538,51390.66317782948,3.6556541707753856
2048,800,720068.9325223962,170832.96785220358,4.215046671467799
8192,1000,1022299.7611570118,216975.52776592041,4.7115901580380015
2048,700,229253.98769305897,54206.33391376397,4.229284128636621
256,1000,384796.2377830303,114837.58679551279,3.350786519645552
4096,700,267759.9507349171,80857.18176548481,3.311517231846123
128,200,68910.00001384533,33836.393554642564,2.036564561839672
8192,800,448564.9995286026,113760.30981094284,3.943071184265131
2048,1000,292891.88853112195,97895.23348711745,2.991891209592601
1024,700,178637.95465328952,64236.714438567054,2.7809323097327834
512,900,569486.9883914557,138962.7962054598,4.098125569878831
128,300,153224.2165645225,44845.91213104526,3.416681906631368
4096,900,308920.72008767596,113882.61280621722,2.712624100162997
4096,200,251936.44412637383,70855.20004716367,3.555652146330491
256,900,1196285.3009897154,449316.0474721866,2.662458435927035
1024,500,459987.0886735485,132888.28073688442,3.4614571437214376
256,900,953712.4942695115,318607.9205068489,2.993373462757371
1024,700,609541.8002801217,204746.7203054814,2.977052816136383
128,700,373404.2361851826,104436.23843349399,3.57542785709359
1024,900,223794.23467035298,76055.59330000391,2.942508564591547
256,300,153200.32375493413,44842.51107758433,3.416408226780039
1024,700,862394.0718846454,204334.06035349282,4.220510620660722
1024,800,512022.4801548252,150981.56294084387,3.3912914277847346
256,300,158074.898413252,47272.82842862618,3.343884926452367
1024,800,197231.7858467251,63384.96579246821,3.1116493222145336
2048,700,139523.5155540288,39830.52628133257,3.5029292500064075
1024,200,144107.31465327775,38158.64128795635,3.776531600425746
8192,900,391070.65990325506,129274.8424964807,3.025110318072144
256,300,497475.97894122935,158126.09066362507,3.146071447497484
512,100,100095.49068425277,32127.582362244073,3.115562495666768
2048,700,297341.2261492186,83385.46634442732,3.5658639231090663
1024,800,562738.7911044854,111382.24810651336,5.052320281472015
128,700,577040.3336550181,178217.27865116403,3.237847295292258
128,100,119006.83402057388,46771.56319955634,2.5444271236524063
1024,900,1717910.9139709985,560097.2001241816,3.0671656876522735
2048,300,175934.75244007396,38752.99367855184,4.5399009402839114
2048,900,835349.5661525413,227394.75968666168,3.6735655971298997
512,800,419043.64353612025,106129.47588543595,3.9484190423070316
512,400,218776.46179895208,68990.92324952882,3.1710905071914115
1024,500,210095.06000030652,59493.939479229935,3.5313691081703085
2048,400,258163.09669589275,86256.23134714305,2.992979088744335
512,800,341450.3478995486,80495.74766274964,4.24184329997296
2048,300,239745.93103750053,60661.299768006524,3.9522056394173295
512,400,276880.516926751,87472.4653040146,3.165344842682094
1024,1000,2033627.899029198,699619.5213287543,2.906762657461051
1024,700,450256.84244422277,124421.16221479316,3.6188123823094225
2048,200,122058.75247002598,41095.10804137316,2.970152854863926
128,600,546734.3873615131,189111.60902971157,2.8910672917790836
256,200,293047.52346382954,100081.06315326637,2.928101623131741
256,300,222922.40182560653,59674.1897532552,3.735658628082943
8192,400,488631.6278892641,129974.9928893605,3.759428002471255
2048,900,299486.04544941796,83910.40996318546,3.5691166993560555
2048,800,319533.69286593643,85494.69624934767,3.737468017127138
8192,1000,330979.6946673007,90351.22398043098,3.6632563465768544
4096,100,100095.49068425277,32127.582362244073,3.115562495666768
128,800,673667.8920492094,198112.22602341895,3.4004357306528616
256,400,212866.5217472907,56748.426169231956,3.7510559519746356
256,500,123546.4475009891,46076.78175941884,2.681316767001294
8192,300,245146.0677855713,71601.6689436777,3.423747957305362
8192,300,497475.97894122935,158004.11444726828,3.1485001557174965
4096,800,413225.672209189,109133.65575834506,3.7864183082457683
256,400,176518.9385002911,41834.27607100889,4.21948113075198
8192,900,386110.79618676484,138124.28920140318,2.7953866652936403
128,300,194942.9209669605,49463.87224103563,3.941117266699437
1024,500,548080.374637103,137452.48154279057,3.987417094877834
256,200,148372.82272900635,54932.0600662729,2.701024184237796
1024,200,185081.7501979332,63200.43563028972,2.9284885199308675
128,200,121422.59099945147,29865.551364690233,4.0656403599167525
8192,400,318310.4473624033,70385.6271905619,4.522378503506267
512,600,281545.3733679305,98202.85231839726,2.8669775543289995
2048,900,451078.06875455414,124719.89755923967,3.616728986970987
2048,900,870148.7311148527,215541.07016371653,4.037043754370904
1024,500,172600.29786250234,64798.784885890724,2.6636347913999896
256,1000,1054824.5039083601,338233.8679718164,3.1186247262389886
256,600,272509.86618324724,68303.98610196497,3.989662708358505
8192,600,321679.07161514286,70196.86577668699,4.582527553843798
8192,700,471823.6971339937,187198.4742658489,2.5204462749196117
512,200,67368.62714440117,23735.00072910216,2.838366339791116
128,300,114139.91106828922,37851.96843215377,3.015428676394325
256,800,165237.28000037148,49795.0272020813,3.3183490256927706
2048,700,188964.35299248865,54305.257758226115,3.4796695714765207
1024,700,298665.11597757635,68672.48589166073,4.349123409464996
8192,300,127896.35899564011,32579.939562209405,3.9256168278467745
2048,1000,384764.48539658036,114821.68959577374,3.350973903546725
512,700,181876.76414565073,55164.29818327047,3.2970013239615183
8192,800,323065.96879775426,81513.14058911963,3.9633605877881863
512,800,263765.63163450494,61790.097255538276,4.268736308079909
1024,600,358499.1624928309,130073.66237184455,2.7561241526972706
256,200,109791.65774385442,34121.40715069298,3.2176767288339874
8192,700,270061.36886976083,87960.61434701637,3.070253327294108
256,800,543135.9444502637,164116.409132005,3.3094554488661707
1024,100,170075.92079566646,62929.765866919784,2.7026307575231274
1024,300,175934.75244007396,38752.99367855184,4.5399009402839114
8192,800,227333.71632947764,63505.82912459984,3.5797299155553715
4096,200,633056.3708530493,225508.16054450237,2.807243734880806
2048,700,281246.1681701515,74562.77172285572,3.771938216239098
1024,200,121418.14254540435,29604.106861031265,4.101395225850591
128,600,322285.32844493946,72848.77070877024,4.424032489626343
512,600,631900.3850404929,147892.255097173,4.272707753528412
2048,900,928728.5621929519,223245.59065820705,4.160120517743402
512,900,653152.7448026891,174453.77904522466,3.743987366609975
8192,1000,390236.1961965271,144258.02683203,2.7051263958497587
256,300,175934.75244007396,38817.417749948916,4.532366206670342
512,400,212570.20043038475,64334.96496393181,3.3041162072530583
8192,800,818159.6544171748,208854.0721270381,3.9173746821633384
128,800,449553.52824115875,140885.89597390196,3.1909051302369904
128,100,86697.69191923243,75975.29810075773,1.1411299999672888
4096,1000,764347.1883430742,271703.2474445486,2.813169130409707
512,300,228033.78676436358,44764.909406981445,5.094029894960536
4096,500,438778.2088753274,145171.26830844925,3.022486570435161
512,1000,2033643.8451638056,699706.7355337031,2.9064231368483804
4096,400,176825.60966517616,56441.842041722426,3.132881622369177
512,200,124648.18083000614,39367.6001669369,3.1662631275830884
4096,600,239113.44683886325,121589.27436436518,1.966566936836178
2048,900,206352.81182601178,64576.56261261201,3.1954753160817884
4096,700,565340.2621636015,160072.15725034184,3.531783864694521
256,400,611642.1308706434,219374.12532677565,2.788123394039988
2048,400,195035.05720280364,49051.77331750574,3.9761061427966555
2048,100,45571.06173254404,18958.590370662885,2.4037157215581875
128,1000,705304.4079435231,232089.26489633613,3.0389359381122216
256,600,112817.82530896922,36885.459914873936,3.0585988508571047
2048,500,210095.06000030652,59493.939479229935,3.5313691081703085
512,400,427761.09088598454,124852.25244373192,3.426138355643738
1024,1000,1022299.7611570118,216975.52776592041,4.7115901580380015
4096,800,433230.4292915079,140274.3450182545,3.0884509154908533
4096,300,122520.82611513998,32771.91940534239,3.738591707117617
2048,300,127896.35899564011,32579.939562209405,3.9256168278467745
512,400,254309.22662273003,65130.744287195856,3.9045957390160675
256,200,142269.07789107517,43211.18708703341,3.292413087484156
8192,400,218776.46179895208,68990.92324952882,3.1710905071914115
4096,1000,522773.3636636643,156736.75112649944,3.335359192444555
512,100,81281.46001621473,23405.27370800908,3.472783998608011
4096,200,137610.70768044592,32882.965133640275,4.184863108335263
512,200,337533.8973899088,102193.00484474283,3.3029060834712576
512,1000,730889.0112143084,175963.11716279262,4.153648918018002
8192,500,198763.31606436963,85036.28486560313,2.3373941650732752
128,700,166774.90160630964,84366.35857819415,1.976793883449834
8192,600,256735.05107633796,64117.0966977279,4.0041590199675365
1024,800,210520.93706270977,89430.60534256375,2.35401444792093
1024,100,137465.90679682398,42497.45784911204,3.2346854083578145
2048,1000,733600.5954358319,234263.462779227,3.1315194727023514
1024,300,546570.0506816654,186612.50492955197,2.928903670673093
2048,300,348406.2511677555,90075.07952905796,3.867953855709455
8192,400,340504.021422869,130537.89822202895,2.6084686980612592
256,500,434485.6047899816,146481.6311552918,2.966143955137718
128,200,261901.40715068977,91369.163401698,2.8664091625667947
1024,500,523290.12095435115,225638.66198292206,2.319150966220308
256,600,382960.5440320725,96636.03485678323,3.962916572473494
4096,400,325727.0482861086,71520.95228711009,4.554288468902461
128,500,392855.1477556938,108948.47425608216,3.605880214827903
256,100,93198.26463163605,34613.82990507125,2.6925152428157517
256,200,142901.32599512814,37222.327856175216,3.8391292061928546
8192,900,465561.54159512685,116828.6499266447,3.9849946215029215
256,500,547920.400491693,161000.96372157914,3.403211930080234
4096,900,264871.0711763835,78666.78098055435,3.3670002493410407
1024,1000,124717.12490178597,45397.850167045304,2.7472033244499143
2048,600,589142.065534336,236189.43210158672,2.494362513564713
1024,900,565594.7668357731,164378.4020691561,3.4408094963584097
1024,400,118621.56869938305,38831.21791890785,3.054799078079479
128,200,222520.7327947465,72024.30331535502,3.089522877027355
2048,400,224181.43764160608,56657.63699799809,3.956773517567053
2048,800,227333.71632947764,63505.82912459984,3.5797299155553715
128,900,690943.5263979931,240112.69874268485,2.8775801114060946
8192,600,556181.1397147239,178061.86457240052,3.123527550665285
128,700,142704.70494319382,81043.3533172761,1.760844031027691
1024,600,218910.56635283591,78434.37115640785,2.791003014689837
2048,300,335371.3765434996,86099.42778726865,3.8951638258517005
8192,900,451078.06875455414,124719.89755923967,3.616728986970987
4096,900,565594.7668357731,164378.4020691561,3.4408094963584097
4096,800,228691.52180279448,55455.29906814292,4.123889432491936
128,700,306122.0079950921,82176.18191258638,3.7251914225063962
128,400,249487.2590072529,64176.12548032461,3.8875400647822183
2048,200,292857.5030453402,99887.13852189228,2.9318839980700275
1024,600,395546.8978988807,130807.24538409045,3.023891350493873
128,300,136739.2325015335,51917.44044858809,2.633782238108238
128,900,211592.2811247581,105523.65052388472,2.0051645301719856
1024,600,229924.37916499865,63428.93636475278,3.6249130498232156
256,300,209057.22706943774,62574.02179586301,3.340958772818711
4096,200,180253.85765365447,47639.49018411157,3.783706688653264
1024,800,286005.17163103627,81153.62654491312,3.524243879264613
4096,100,68007.13420718702,24463.205202714078,2.7799764439551833
128,400,312135.9351058999,74560.66666945617,4.186335088575148
256,400,403817.1948470751,123620.72705007954,3.2665816201152595
128,700,618916.5618917181,163904.3612286704,3.7760835480652006
1024,500,470910.3323104169,128235.151227661,3.6722406282688507
4096,800,526195.6683191464,164504.5334558055,3.1986697099779926
2048,100,100095.49068425277,32127.582362244073,3.115562495666768
8192,200,134056.51680872976,35895.9151129629,3.734589754484867
128,100,57995.77175879471,19361.98507836203,2.9953422401718424
512,800,227342.41227525222,63505.82912459984,3.579866847013388
1024,700,619654.7003932926,211418.54982938516,2.9309381834912505
4096,100,131587.74925801484,44429.675138657985,2.9617085618418386
512,300,546572.617472976,186632.86285385626,2.928597938836593
4096,200,122058.75247002598,41095.10804137316,2.970152854863926
1024,400,352898.80940982024,61995.608328814014,5.692319487182154
1024,400,285853.28925841814,57131.771786968944,5.003403190860217
4096,700,819610.0373624843,308745.66972431756,2.6546446403420756
8192,1000,161503.86075624553,56310.26740548294,2.868106798237649
128,400,150314.23807841548,44766.77748087496,3.3577185255881323
128,300,177273.65506380316,53306.23854594503,3.3255705129336732
256,600,580373.7548919588,161951.0277511989,3.58363736835046
256,400,180877.07148674052,55187.50980353505,3.2775001468747984
8192,400,118621.56869938305,38831.21791890785,3.054799078079479
8192,300,107988.76295288464,32167.176018033744,3.357110456085526
4096,400,352035.50452273554,103964.21564333347,3.386121872264702
8192,200,299992.56036077987,87248.16939999937,3.4383822884057214
256,200,181730.86745358518,40127.216556790394,4.528868011475178
8192,500,322222.1884134826,84673.75705494557,3.8054551920306277
512,1000,704517.2877532826,193587.99794911713,3.6392611898308833
1024,100,87769.44506228676,27303.956377486087,3.2145321303933247
128,500,210881.23681937598,65960.00138039459,3.1971078290798305
4096,200,106105.96553927007,30312.01313197929,3.5004592099271647
8192,900,414917.358874366,213334.35267079194,1.9449158266350473
512,600,580366.8637001291,161900.90287424746,3.5847043061329606
2048,700,723859.4152817358,209079.4040392636,3.4621268345771647
128,200,128755.87005803881,35532.42334400541,3.6236163464420983
2048,300,178651.1297430585,39829.9506092953,4.485346504581551
128,500,631949.5054689463,136474.55803962256,4.630529781862147
4096,900,1236810.4360353542,412258.04168696393,3.0000880782684405
4096,900,469262.23818814557,137811.604861172,3.405099582584999
512,300,299022.25650631776,79440.56137013643,3.764100496635302
128,500,217207.80173663772,70183.58331412707,3.0948519793362634
256,800,762185.7223961252,220988.88234741328,3.4489776784241326
4096,500,242201.2934997366,60310.283534834554,4.0159203257574445
8192,400,290668.3928412114,88763.01067709028,3.2746567587554
1024,800,543135.764442092,164048.08831135405,3.310832634704349
512,1000,269855.2746885555,66613.26387126524,4.051074200628715
128,900,395387.39705549215,130921.35121036274,3.0200375523178704
128,100,160248.6728219279,34334.34576201569,4.667299442158354
2048,200,111838.81522212706,33777.42846023225,3.311051797616865
512,300,206362.59220248507,49550.41489560321,4.164699581976586
4096,900,451078.06875455414,124719.89755923967,3.616728986970987
8192,300,452424.6322972219,114697.14098863088,3.944515341860767
2048,300,162567.17589827336,43604.935902248806,3.728182888806618
2048,600,153616.34103474836,43653.64277618617,3.518981034924049
512,100,121382.40744331242,29792.118789208624,4.074312683234865
256,400,104299.045350144,39865.041332157394,2.6163034544758017
128,1000,527584.1825365582,129807.81477445313,4.064348386522486
8192,600,233034.91484077068,76006.06948203195,3.0660040234794774
2048,1000,222782.0406818475,86987.76066371784,2.5610734082820086
8192,900,1196215.2557686232,449200.4240467097,2.662987815087716
256,1000,538732.9954220197,150750.21295615262,3.573679830082338
8192,100,87769.44506228676,27303.956377486087,3.2145321303933247
128,1000,232974.03583882452,119286.35685419329,1.9530652287720929
8192,200,124577.9096485831,39522.21565925871,3.1520983216789547
2048,500,760611.9658251996,280398.3335013462,2.712612290976929
1024,700,1064581.2720473316,354698.3940736106,3.0013704314274365
2048,100,95639.25319802677,29793.797004168133,3.2100390958778062
128,1000,525257.4557049138,196984.51417637977,2.6664911092178483
1024,200,166729.39453983365,53149.58772324275,3.1369837788397654
4096,600,442012.77769962244,120774.94809003804,3.659805155702495
512,300,229163.27789365765,58481.39199202796,3.9185674295320574
256,300,228059.40133585862,44764.909406981445,5.094602096978464
8192,700,723859.4152817358,209079.4040392636,3.4621268345771647
128,200,255526.96731307742,64826.41454927219,3.9417106296826074
128,500,210159.68419553997,59802.89267320319,3.5142059990972556
1024,300,139823.8665164989,43109.379615737635,3.2434673790910784
8192,1000,1084277.9718856958,351181.8435339452,3.0875114754641055
1024,100,140815.85076607717,45306.70010880877,3.1080579787954807
512,1000,324062.6357833153,82923.2342436557,3.907983555382233
8192,600,195454.17107296252,47351.7535557099,4.127707136400098
2048,900,1184098.2459063034,405126.74051565956,2.922784717688942
128,600,270097.0453373757,90881.14791567237,2.9719810052134887
2048,100,151151.00895045523,38051.93771384741,3.9722289594584863
8192,500,198742.42875513737,53291.01691923906,3.7293795510850463
8192,100,170075.92079566646,62929.765866919784,2.7026307575231274
4096,500,195807.04224956155,57304.47013752236,3.4169593014236628
1024,600,195459.69402989373,47351.7535557099,4.127823773198453
2048,900,256544.7933429126,62271.47321623191,4.119780376033254
512,900,724947.0536642076,208819.65588546015,3.471641836541714
512,900,284016.0697235324,126647.55311099823,2.242570525421925
1024,600,272497.6708943533,68303.98610196497,3.989484164036425
512,100,88551.52694454395,28042.384562922198,3.157774501874113
256,600,805049.4193157987,163196.14490790025,4.933017380834139
128,800,413315.07679059944,109308.64279987245,3.7811747196177037
256,1000,914003.3220310761,227728.78295034825,4.013560825248675
128,300,108441.13541840817,35572.315455000964,3.048469969732119
8192,1000,557193.6561075096,124114.40321053391,4.489355318112017
8192,300,402288.79552983586,140522.6503523854,2.8628039289112865
1024,300,127896.35899564011,32579.939562209405,3.9256168278467745
8192,800,1354742.2574269313,416248.7941325711,3.2546454825175046
512,100,145895.19223392167,50440.03416874034,2.8924483228113793
2048,100,195428.14628095244,54891.783613400505,3.560244055054596
1024,600,256735.05107633796,64117.0966977279,4.0041590199675365
256,300,394393.7546027318,152334.24318257935,2.589002619260289
128,1000,566656.1798554208,170554.12481655332,3.3224419548041526
2048,900,619118.5728303202,143704.73437399408,4.308268447294529
2048,200,321783.9808766795,113322.38650358589,2.839544690196735
512,100,87769.44506228676,27303.956377486087,3.2145321303933247
1024,300,452424.6322972219,114697.14098863088,3.944515341860767
128,400,542540.1866081567,190726.67538897425,2.844595206735934
2048,1000,385421.0169330252,97107.11998289233,3.9690294285416567
1024,500,211663.52886370712,75308.02642475703,2.8106370451121543
4096,1000,2033627.899029198,699619.5213287543,2.906762657461051
128,600,284012.1337504946,98683.38165076081,2.878013795226534
1024,300,219210.89971841325,62242.53045311874,3.5218828367449415
2048,800,449223.96786311106,140683.89126429337,3.193144316851346
2048,600,2494894.223738028,849751.0610181596,2.936029548169886
4096,400,218507.56170567186,64845.882043045916,3.369644375576886
1024,100,131587.74925801484,44429.675138657985,2.9617085618418386
8192,300,572763.7824783588,246821.1024575754,2.3205624510035876
256,700,218030.67950391732,59205.32448127474,3.682619450432626
512,400,190370.7305374662,58250.10501913,3.268161155674248
256,200,288401.06595117843,62923.75114845966,4.583341912829339
4096,300,127896.35899564011,32579.939562209405,3.9256168278467745
1024,700,139520.44376037183,39830.52628133257,3.5028521284129024
1024,200,161870.99929143678,52013.803178654016,3.1120777447373267
512,100,61278.62897071795,17655.71814820062,3.470752560521768
2048,200,228046.72592505894,59854.38298817181,3.8100255075743514
1024,900,290575.89327834506,84602.54543351936,3.434599890456954
8192,400,1359575.4325055971,477069.44860849157,2.8498480388362424
256,500,370003.82224796247,164062.49631541045,2.255261443399163
4096,500,117368.2886102277,37160.831735686785,3.1583870201030786
1024,200,118014.13138954375,35392.16149553701,3.334470865940908
128,800,1070355.8039036638,380347.2537789174,2.814154153261809
1024,400,138698.9792615104,40001.769895931386,3.4673210616017665
4096,600,546208.0829760887,188275.18890026337,2.901115575379591
256,400,218507.56170567186,65116.255693622865,3.3556530451285043
8192,800,215086.72008921852,57077.06814588616,3.7683561380459754
256,900,1835738.3893613634,482838.54517777526,3.801971503094201
1024,500,242201.2934997366,60310.283534834554,4.0159203257574445
4096,700,229251.29545446718,54206.33391376397,4.229234462141999
2048,300,152611.31988611503,41048.940544814155,3.7177894937265297
128,400,338529.4846521435,92402.18688429345,3.663652301606801
128,500,199623.85819950176,60922.8209824693,3.27666800355394
512,200,145802.0353892597,41788.09593049591,3.4890806135739005
128,300,335371.3765434996,86486.91403692236,3.8777123716117945
512,700,763214.6509481905,203738.52335524262,3.7460497817461547
4096,700,519440.2705589784,177166.92394106078,2.9319257737509954
2048,400,221373.07457452986,69277.55617341686,3.1954515546187094
8192,400,666018.794758473,246967.2941691022,2.6967894554589886
8192,500,434485.40762370866,146417.97392352228,2.967432180496167
256,900,244329.35883670117,74545.08327176174,3.277605284120127
512,800,212205.44083795772,85014.05051425601,2.496121988710242
512,900,808282.745640274,208515.51451365068,3.876367413357911
2048,700,565666.7407479694,169666.73829039902,3.3339872413871876
256,600,395671.85792117665,131142.9851737448,3.0171027249148765
1024,200,128755.87005803881,35459.309345443966,3.6310879268318903
8192,100,107954.63427088634,41615.799165425524,2.5940781250351486
512,300,222922.40182560653,59646.42706960382,3.7373974063101785
512,600,398170.7438014845,117398.21143853011,3.391625297545247
512,200,256661.76136546675,62881.645165784255,4.081664223141603
8192,500,526687.5574216536,128708.06293305126,4.092110046715685
2048,100,42952.24914476392,16478.597069020954,2.606547691217736
8192,300,133414.82941690285,42185.27585482161,3.1625923195582013
8192,200,261719.9721828412,90515.81844674076,2.8914280031267294
8192,900,691501.7096858963,223808.7976470251,3.089698514785296
4096,1000,1244527.7767498891,354110.7446334615,3.514515714675911
256,300,208623.31550809823,51640.62698648386,4.03990671071252
2048,600,281545.3733679305,98202.85231839726,2.8669775543289995
512,500,377251.98874205485,119390.55130295263,3.15981444615982
128,200,310402.73679274216,93477.05666890898,3.320630193697401
2048,900,260154.16661823852,67196.61567748235,3.8715367432621526
2048,200,97804.99881536218,34995.89392353165,2.7947564085396017
2048,400,411648.3475643585,119438.18068975037,3.4465389977233993
128,1000,574214.4775837744,126747.76651454996,4.530371566885619
1024,400,162000.46856676895,43579.75926112394,3.7173328011310107
8192,700,862394.0718846454,204334.06035349282,4.220510620660722
512,100,248276.56533294235,79250.48014292015,3.1328083424251933
2048,700,712569.9170467824,167852.55989538235,4.245213284151917
4096,100,57648.857870997366,19361.98507836203,2.97742497154503
256,1000,1084384.7512481497,351586.08259715623,3.0842652907015853
128,600,772880.2784912442,176383.20262309266,4.381824725922377
256,700,266285.4241954127,68727.10187464886,3.8745329998213784
512,800,285019.0395106637,124249.35109939276,2.293927791080888
2048,900,238595.3176608501,49329.49729812519,4.8367676690254475
8192,800,249310.37020544964,69579.78689333206,3.5830861423541016
128,300,156213.38390029245,42831.51684479748,3.6471597414198715
512,500,196638.97573899964,68371.97033626745,2.876017390926261
128,700,727136.4982228093,210815.9712629318,3.4491528031143206
128,700,712833.1188017374,168212.42326485337,4.237696033184002
512,700,908991.348543163,301144.7389340127,3.018453358211722
4096,400,212547.80630235546,64334.95787606042,3.3037684848076396
8192,100,45571.06173254404,18958.590370662885,2.4037157215581875
1024,600,290955.04979472567,104288.75976635002,2.7898984554671604
128,900,444668.1575744995,139492.18741266307,3.1877638871561103
512,100,137465.90679682398,42497.45784911204,3.2346854083578145
512,1000,803996.0261089789,290812.04525967967,2.7646586144361844
4096,100,194394.85638566822,59799.751125205716,3.250763635765875
4096,700,178637.95465328952,64236.714438567054,2.7809323097327834
1024,900,553350.3996537895,182352.24071005496,3.0345138480290554
512,400,1245360.8045531646,441567.6123019123,2.8203173644485418
2048,200,235081.65551229857,79335.95549278108,2.963116206921956
512,400,274986.4410481312,66881.10045961938,4.111571716948034
512,700,229251.29545446718,54206.33391376397,4.229234462141999
256,500,470962.1816001415,128289.03384804694,3.671102412057891
2048,1000,3736665.3840407697,1334718.3829848357,2.7995908587731075
128,600,272537.91822026094,69348.05711601679,3.9300007751380095
128,200,186979.57341736977,57462.271367614376,3.253953750299385
256,300,139854.60626736627,43240.46013612466,3.2343459303414446
512,400,217612.73305210817,43787.13132786166,4.969787388507035
256,1000,1929716.6998193099,661816.3293022667,2.9157888894245825
4096,400,285853.28925841814,57131.771786968944,5.003403190860217
1024,900,1196215.2557686232,449200.4240467097,2.662987815087716
1024,300,463622.38073886576,151327.6818856169,3.0636984255749127
128,700,191600.18681378616,81155.12225248374,2.3609130452381555
8192,100,123717.67753749958,47184.148141995276,2.62201782609671
256,700,328274.45573745825,104583.76139207515,3.1388664106924473
128,1000,296025.8440442869,117926.23224716319,2.51026288556258
128,600,399221.8388784519,118985.95193570876,3.3552014534805084
2048,1000,194152.04694907938,65829.24121441941,2.9493283435652273
8192,100,136550.70677628476,49702.854805663665,2.747341320940075
4096,900,277382.8363221121,119278.44934298367,2.3255067269067298
256,200,185088.57958937864,63210.49890339568,2.92813033911105
2048,400,313640.40212574526,119856.35989077212,2.6168023324884304
512,800,448564.9995286026,113779.66821447237,3.942400312532698
4096,500,627133.0111206534,148541.54886328193,4.221936662972785
256,1000,324137.9952707031,82929.23347534107,3.908609566095715
256,300,335371.3765434996,86202.6290109689,3.890500561193152
1024,400,427761.09088598454,124852.25244373192,3.426138355643738
512,700,710278.4177615673,163096.60075583545,4.354955372889059
1024,600,532630.0394809851,143697.1760152111,3.7066145226445055
1024,800,206091.86406074202,52179.14170893851,3.9496982378580907
2048,200,166729.39453983365,53149.58772324275,3.1369837788397654
512,800,758429.3213409848,223564.8995076071,3.39243469351135
4096,900,929783.2843537609,228567.55314220468,4.067870839809404
2048,100,151417.71692935,41980.83955504662,3.6068291757435254
256,800,581450.3141368005,210977.95440512575,2.7559766411436684
8192,100,147169.094429804,45746.699274861276,3.2170429071956317
256,200,163391.12867951696,57977.566255472324,2.8181784650902792
128,700,1065876.6548741953,357230.52277553035,2.98372223793416
8192,600,950453.5566842309,314594.4295049918,3.0212027535889656
256,100,107620.91258100931,29704.094341113356,3.6231002819046227
256,600,454889.61982117273,131772.37600602672,3.4520863447158905
256,1000,303474.0599357867,60509.40175163594,5.015320779098299
1024,600,536646.0954924243,159299.9083569902,3.368778431998865
128,700,421435.2595196907,123648.96593143292,3.4083201290449066
2048,700,471823.6971339937,187198.4742658489,2.5204462749196117
256,900,177593.50142538702,51169.08100378722,3.4707189955637983
8192,300,250379.97799533384,92808.64670782663,2.697808737407428
4096,800,934197.3732221498,291376.75023711973,3.2061493323057126
4096,700,710278.2017431867,163096.46540805747,4.354957662424589
512,900,473500.2608849618,104079.6431637771,4.549403192513581
128,400,169610.4068999929,54193.72447570918,3.129705672397844
128,500,220714.26567027834,61794.54678124966,3.571743416965229
256,100,168410.67199821793,53823.17547774184,3.128962022463035
128,400,376847.87791085494,118864.1042752357,3.1704094369671525
256,1000,197761.43943510583,65829.24121441941,3.0041579666846845
512,300,178364.3368488691,60617.962790846555,2.9424337050766494
128,700,188610.49546522164,85335.45718841201,2.2102242336241176
512,900,170328.62666937837,54985.620150486575,3.09769401896745
128,1000,453475.2418547197,108445.31548148034,4.181602864460858
2048,1000,464703.3684854214,163383.07283176485,2.8442565097543815
256,100,86643.34079564028,75907.2703419812,1.1414366556100675
1024,700,715554.8338149416,230854.7665827208,3.0995887345412085
128,400,116615.43228310869,39177.38721993352,2.976600548384058
4096,500,210796.04939528214,46061.858103017745,4.576368780517602
512,500,174087.47176543684,36144.74530556542,4.816397799838185
256,1000,222829.2303424193,86987.76066371784,2.561615894491698
2048,600,247472.39751261307,73266.38484935311,3.3777072257823852
512,1000,300397.69685362495,95329.4200934544,3.1511541406539103
512,600,211767.34570063988,64871.243439611,3.2644255678215153
128,500,156818.09489472574,61482.8756065851,2.55059792417923
1024,700,178561.03771887612,60545.29623925781,2.9492140399025155
256,700,282216.6166674857,74563.49009131061,3.7849169388648867
128,600,230397.83353868997,70119.83671935719,3.285772533396197
256,500,172600.29786250234,64798.784885890724,2.6636347913999896
2048,200,198515.7394526301,66804.37457564907,2.9715979037844518
128,500,261816.3134528628,99304.01047734916,2.6365129886932617
8192,500,152267.68043769576,42611.328809463965,3.573408403163366
4096,300,230264.07595978572,66019.7704373757,3.4878048565498583
128,1000,706135.3316803424,194533.22634255196,3.629895750749101
256,200,157320.72423264675,49159.94625253988,3.2001809648951496
1024,1000,887530.7007041287,302399.9337096704,2.9349566642307323
1024,100,57354.13816467908,18307.041123907562,3.132900493121145
256,200,114866.6716976458,31626.909821856698,3.631928390875034
2048,200,142266.51679700208,55185.974476140334,2.577946990109073
8192,400,104188.1259925609,39862.62562986046,2.6136794640670944
4096,1000,802203.5728131428,255315.6145668397,3.1420074881598437
128,200,103660.93700433135,38479.29156641197,2.693940890918468
1024,1000,538732.9954220197,150682.91879743664,3.5752758157428555
256,1000,294596.119596552,97959.10764872079,3.0073377215007633
4096,1000,977231.2697900377,270407.67287867976,3.6139184194986917
1024,700,221826.44426460445,42076.766999595086,5.271946018731409
512,600,218910.56635283591,78434.37115640785,2.791003014689837
1024,300,450062.4388404389,122166.32017680924,3.6840140407689383
512,800,1163667.898623818,376316.576834163,3.092257876103685
512,300,118261.48263354882,41803.277427678906,2.829000258129167
4096,300,302083.0002283115,83581.993375327,3.614211482990126
4096,600,580366.8637001291,161900.90287424746,3.5847043061329606
4096,900,954758.158600255,279295.63957364607,3.418449926600088
8192,300,158073.20416060722,47272.82842862618,3.3438490865692647
4096,300,680129.6256963972,211310.8280420486,3.2186217431368855
4096,200,130238.97524948914,32996.77807816611,3.947020977047088
256,1000,1019124.0502048314,291285.65143529116,3.4987100984314323
256,600,216014.62599718483,71516.09563181561,3.020503623537939
1024,100,121242.75053855663,42336.16661122929,2.863810312632275
512,600,390507.7557286551,105231.19270819752,3.710950581084068
2048,800,2060110.6873793032,690176.0982427881,2.9849058705805884
4096,400,254473.27454954528,48631.548291799874,5.232678857408574
2048,100,147169.094429804,45746.699274861276,3.2170429071956317
4096,1000,1073551.1520435777,361421.7915235331,2.9703553499586812
4096,600,218910.56635283591,78434.37115640785,2.791003014689837
8192,400,418144.73736206605,102075.26108957673,4.096435638750125
8192,100,62127.1159659974,23557.413808837362,2.6372638554530523
512,500,394822.2496323848,126389.41030688013,3.123855461258468
2048,400,376563.45734851004,118375.94620530441,3.181080864987724
2048,200,124577.9096485831,39522.21565925871,3.1520983216789547
2048,600,173459.4840587444,54819.80235635847,3.16417565556263
1024,500,174087.47176543684,36142.526899969416,4.816693427309427
512,700,256532.25301879374,86127.51053300613,2.978516985237654
1024,800,326063.1586203531,105413.1219237275,3.093193263513044
256,300,680318.6436975359,211745.44738668308,3.2129080086201744
128,200,166766.9006228812,53577.13936437546,3.112650331864637
4096,400,548440.030908251,187364.24030520208,2.9271328937415375
2048,600,171638.65719676466,69754.65712653751,2.460604987067829
2048,1000,339055.1289448653,70879.21259938313,4.783562295778327
128,900,1917191.6928197003,702765.4396401726,2.7280676946796554
256,800,512037.3083318133,151267.07931021406,3.3849883971233576
256,500,760612.042176859,280494.34067256533,2.711684094420851
8192,400,176825.60966517616,56441.842041722426,3.132881622369177
256,300,120024.42505402345,42917.83919462575,2.796609226054725
4096,1000,730889.0112143084,175958.34504967066,4.153761567875558
1024,300,261470.58170808965,73377.2147602002,3.56337566862665
8192,1000,166808.71823417256,87656.17777952272,1.9029887277738522
1024,700,182352.29925124373,91483.66415075141,1.9932771707826917
8192,600,226555.14315577078,97714.56773042677,2.3185400950735118
512,600,377480.411346091,107460.73744240684,3.5127286516938354
256,1000,177982.96957967716,58412.46821374808,3.047003063256737
1024,300,223378.42007337173,64288.232254330745,3.474639327298099
1024,300,250379.97799533384,92808.64670782663,2.697808737407428
8192,500,196588.2306711271,63587.77275587825,3.0916042841420937
8192,200,128755.87005803881,35459.309345443966,3.6310879268318903
256,800,227525.1343960127,63505.82912459984,3.5827440966025867
128,200,256807.16375525005,60259.6913778696,4.26167406243243
1024,100,194394.85638566822,59799.751125205716,3.250763635765875
256,900,644722.3954579653,206649.38353806437,3.119885404057878
512,500,232138.9651691169,62291.80850112228,3.7266371093549897
512,500,434485.40762370866,146417.97392352228,2.967432180496167
4096,700,408935.0521511576,123120.04475088752,3.3214335892954567
8192,900,177322.3949962068,51169.08100378722,3.465420748578277
8192,200,130238.97524948914,32996.77807816611,3.947020977047088
256,600,290960.24699355895,104330.27852498544,2.7888380162224777
256,700,295475.1627804253,83298.65199605712,3.5471782039691515
512,700,619654.7003932926,211438.89275968005,2.9306561924611843
4096,400,258163.09669589275,86256.23134714305,2.992979088744335
2048,300,245146.0677855713,71601.6689436777,3.423747957305362
256,200,128755.87005803881,35459.309345443966,3.6310879268318903
256,700,575218.4910899643,177218.41827946738,3.2458166406996387
128,300,121643.31868398309,37256.63379765559,3.2650109868926918
128,1000,385058.6242811259,124089.35917466675,3.1030752905986225
2048,500,523290.12095435115,225638.66198292206,2.319150966220308
2048,1000,456102.74135137576,147856.9083645297,3.084757732299461
128,700,423293.94082439074,110438.72842731516,3.832839682711306
256,800,884489.4636835045,320833.44954676076,2.7568492778200553
1024,100,93198.26463163605,34613.82990507125,2.6925152428157517
128,600,226965.4011130281,98070.304051862,2.3143132195552614
256,900,484066.6711942756,116397.87810846175,4.158724188624926
256,700,202099.38058229446,53921.858220267735,3.7480047471051523
128,700,357937.7137199678,87928.42487302498,4.0707850076565775
512,400,1359575.9212634147,477121.19263507705,2.8495399958125045
1024,500,651109.5713129063,200791.6018005936,3.242713168648976
128,800,264408.2513921326,90364.92656588534,2.9260052704115433
4096,700,432439.5905286998,98027.10087159794,4.411428948563279
1024,400,133436.87780178795,37588.8642009553,3.549904490021721
4096,800,239313.95441512612,57462.9417430166,4.16466590738386
512,600,239113.44683886325,121592.78906745979,1.9665100921914285
1024,400,1071190.5422908973,357146.4835977379,2.999303063270261
1024,300,152611.31988611503,41048.940544814155,3.7177894937265297
4096,900,1184098.2459063034,405126.74051565956,2.922784717688942
512,1000,284451.12376522494,91244.23909051798,3.117469405197603
2048,500,157290.6794374512,40793.162330552455,3.8558099066432696
2048,200,157320.72423264675,49088.639705453395,3.2048295731276815
1024,600,2494894.223738028,849751.0610181596,2.936029548169886
8192,100,156812.08069801982,61396.3689968807,2.554093723457601
2048,900,343999.87393440993,78172.17027182774,4.400541429746938
2048,100,133060.97784226536,43599.477966196144,3.051893831055297
1024,600,208573.32668762014,90053.05349795487,2.316116095856282
8192,800,450466.9588811286,76146.64778133373,5.915781876238473
8192,100,115204.75317436323,32528.283612421954,3.541679436487963
8192,400,243559.1525631967,74983.66125021738,3.2481629798050253
4096,500,233626.0931838258,73423.11275665177,3.1819148550421605
256,100,73417.62773664533,25795.138290894545,2.8461808154973567
4096,500,760611.9658251996,280398.3335013462,2.712612290976929
8192,700,191586.62641144625,52750.67799367782,3.631927279387915
128,700,207330.56914622046,69737.61936348946,2.9730089876679475
1024,300,402288.79552983586,140522.6503523854,2.8628039289112865
8192,500,175971.6131923346,50662.88838175732,3.4733829596596473
128,400,215329.68182214338,57337.2855241042,3.755491384949158
4096,800,1163666.6229219746,376263.92615066026,3.092687185898415
128,500,549796.8528961256,137485.0159166273,3.9989583536109095
128,500,1017375.9012755905,397230.68503874034,2.5611714794298175
4096,900,311497.1854885306,98493.19746382898,3.1626263895323943
2048,200,122974.63690111213,42449.62169222391,2.8969548372592238
256,800,341536.6577292669,80497.93260577711,4.24280036360531
4096,600,772411.1423738651,176029.45060286677,4.387965421288919
4096,400,315268.81355519476,79751.87253871835,3.9531211433579374
8192,200,111838.81522212706,33777.42846023225,3.311051797616865
128,500,664495.0501390661,191838.26713108574,3.463829506367504
512,100,105648.33877625843,34799.95086686327,3.0358760901831454
256,300,152187.17240163148,49018.24004301976,3.1047049479554514
1024,1000,384792.4233273925,114821.68959577374,3.351217219342813
8192,600,145214.1453767164,51390.42881231599,2.8257040996302223
128,500,242904.3124701441,61680.22166788071,3.9381232087340865
4096,300,299840.78478592826,90816.35802465858,3.301616485264858
1024,300,186769.13689679385,38974.3570065928,4.7921030965360245
512,500,175286.20831063273,46739.25085036305,3.7502999111349937
128,100,248276.56533294235,79666.29941065735,3.1164566092513795
1024,200,114733.5531572601,31597.04570368141,3.631148121670513
128,100,265931.4260614056,86344.56797589775,3.0798859997265584
512,100,53500.98796911783,18025.848996841487,2.968014875665071
4096,700,188956.39217078272,54305.257758226115,3.479522977536365
256,1000,1050707.191473401,360676.80053220456,2.913154352935944
8192,100,73417.62773664533,25795.138290894545,2.8461808154973567
1024,400,383280.24521992356,120580.49917854788,3.1786254645735603
1024,500,940757.6665544651,294175.952031181,3.1979421161344623
128,600,207518.6344734281,72089.82396634229,2.878612029491369
256,1000,1014613.8073342687,337560.13371898624,3.0057275903881453
8192,600,1109626.160672767,384293.30760192865,2.8874459656793623
512,300,394340.5912205089,152291.4081616464,2.5893817384756512
512,300,476074.5964535456,149334.56515523556,3.187973232845717
2048,900,355635.1914803806,93516.63477761437,3.8029083523599065
8192,700,508112.661338907,196511.4844004837,2.5856639518502176
128,900,323556.7856779793,115026.20169640075,2.8128963740972037
1024,600,899616.1721111768,293953.3753188842,3.0604042941682916
8192,800,212200.18158289534,85014.05051425601,2.4960601253472974
2048,600,398156.3695149443,117371.70634790494,3.3922687324214005
8192,900,473500.2608849618,104076.3163198519,4.549548616130687
8192,500,326107.77195120766,94363.66759019131,3.4558615649346076
512,800,580752.678139628,160684.38796188083,3.6142445791149296
128,300,162571.94294614787,43604.935902248806,3.728292212390654
8192,500,1287276.1565207317,460914.78976229916,2.7928723163441984
8192,1000,222782.0406818475,86987.76066371784,2.5610734082820086
128,100,92992.1780686898,26954.953098281032,3.4499105871054208
2048,600,220009.58294171936,77108.28352064782,2.8532548371771997
8192,500,627133.0111206534,148541.54886328193,4.221936662972785
512,400,104431.06483725863,39862.62562986046,2.61977386554866
1024,300,114798.13972192912,35991.92882026974,3.189552310330135
2048,1000,808220.1978593689,296829.78369162104,2.7228406388593256
512,400,221373.07457452986,69277.55617341686,3.1954515546187094
1024,800,419043.64353612025,106129.46677926577,3.9484193810911306
8192,1000,803903.9830981869,290785.40374703397,2.764595377687993
4096,500,493306.5850692383,116888.71562031504,4.2203097403484735
2048,300,194942.9209669605,49207.11959862682,3.9616812070503835
2048,300,228028.53700722835,44764.909406981445,5.093912621024214
128,100,97910.42217474965,34613.82990507125,2.828650352858088
1024,400,207401.3696370393,49433.43537060026,4.195568608213459
512,700,1064581.2720473316,354726.0303720126,3.001136598097611
512,200,208808.95735507377,58499.092790372,3.569439240764437
1024,500,410457.81394060026,126547.99516819877,3.243495192437054
8192,300,122520.82611513998,32771.91940534239,3.738591707117617
512,200,97804.99881536218,34996.58017287243,2.7947016060493715
4096,800,286005.17163103627,81153.62654491312,3.524243879264613
2048,200,64581.019461706106,20091.500334061056,3.214345289695569
256,700,715560.8210182838,230923.35906691285,3.098693973228327
128,1000,174951.41020783214,115278.94675509605,1.5176353977236368
4096,700,470903.2117674847,131806.90107522614,3.572674935273125
4096,100,95283.27716833689,28071.45857803146,3.3943115888856936
2048,100,141514.19435578753,49616.377239482084,2.852167010758255
4096,500,268160.0979208113,77409.48417035426,3.464176267221651
2048,800,388195.8892317435,125793.44799209914,3.085978605627579
128,400,208862.55858308976,55074.503650447594,3.792363884179868
2048,400,492839.3850362776,147310.70283031533,3.3455775823971923
2048,600,899616.1721111768,293953.3753188842,3.0604042941682916
512,500,216730.33408335445,70064.77794083822,3.0932851063391467
2048,1000,519195.1883487855,154165.75979263845,3.36777238374547
1024,900,234256.75568601614,68636.81596996175,3.4129898419025784
256,700,435230.0123974469,104104.47595405938,4.180704128317317
512,600,175136.43340980698,43257.53631100339,4.048691819863483
256,700,472301.99959267204,187460.48579103957,2.5194749581474074
128,600,539142.1689305723,160812.79852705298,3.3526073413856694
4096,100,63034.957088914765,28184.750351922674,2.236491588601732
