P,n,Algorithm Time,Optimal Time,Makespan Ratio
4096,600,44462.735116081225,25339.817846041748,1.7546588292869914
256,400,80641.72435493507,48679.56019676214,1.6565828456334093
8192,800,100832.36480335754,62137.90128877687,1.62271918928761
128,1000,251499.96216037666,125295.95783362567,2.0072472129893533
2048,600,149445.29685689745,95460.11175339336,1.565526104169735
256,900,144946.95020745532,77030.62312975689,1.8816795751904334
256,100,39075.45303623678,26193.65899088914,1.4917905531956523
4096,300,29724.85653222909,20887.76340872541,1.423075125401515
256,200,48432.14614671863,25775.82693292296,1.8789754552881948
2048,400,47584.81179494817,34397.99854935305,1.3833598988811846
8192,1000,99218.16446544566,71441.52524391812,1.388802438451469
1024,500,112205.26866648415,69330.81468246617,1.6184040124204826
256,600,136170.00051390324,65997.13135384436,2.0632715046935335
8192,900,71959.31436115934,50985.945546331204,1.4113558862171052
8192,700,102910.77174585604,54661.38833726035,1.882695900640089
256,1000,155160.91134577667,62174.13220982782,2.495586280515074
8192,900,280469.5076295631,200725.03795784948,1.3972821252546446
2048,700,66767.48857429004,45736.33575987692,1.4598346689780755
1024,600,108721.78906126536,69645.19944005155,1.5610808775822336
4096,1000,73887.7472574414,51207.743830232605,1.4429018295045195
2048,200,46051.89830802042,33208.183834406,1.3867635320757117
512,800,94020.3012776347,58281.74602729851,1.6132032357712252
128,200,72585.51849522362,36920.89002320384,1.9659742343590705
2048,800,118033.14653286272,69914.3129245496,1.6882544016450851
512,100,48114.51827810993,34744.80913128068,1.3847973116304308
1024,100,24862.224743586034,17424.209760559108,1.4268781818652907
512,900,105913.72816239067,65527.226447374065,1.616331621291062
256,800,153717.3506043091,88988.07431158595,1.7273927073202842
1024,100,28752.934297377455,17010.884101954263,1.6902668976549096
1024,700,206376.28694760887,122698.14519501191,1.681983754681882
256,300,89332.3281927355,58817.967607809784,1.5187931821852692
1024,600,80083.1943902577,56839.82740281852,1.4089274730325205
8192,200,70604.2732696018,48832.439654252754,1.445847755498183
1024,300,73032.15601349101,51334.02512144949,1.4226851652623502
4096,900,121949.6584816887,68798.33552250691,1.7725669895283105
512,900,107172.41871526187,70503.79592528375,1.5200943056858616
4096,100,47812.979301900865,34460.69141352587,1.3874643061611411
8192,700,35667.368847198966,24919.342184621364,1.4313126158366491
1024,400,113011.1572788527,71121.47502380062,1.5889878161418025
256,700,115222.29849285266,46686.09352875527,2.4680218408482606
256,400,111994.41564880194,59315.77823058138,1.888104969531717
512,500,193436.41987203277,104189.08387589059,1.8565900829155295
256,900,141909.23140163533,57244.69321120439,2.478993657596539
8192,500,135713.95220390463,87191.89492611904,1.5564973363510466
8192,300,62220.51601849393,37997.38137569971,1.6374948421652427
1024,800,107830.62029421954,76586.05734526525,1.4079667243881946
4096,800,117660.67874327624,69744.6297416748,1.6870213402677219
4096,800,109512.10503034203,49156.66889863417,2.227817862438292
8192,500,130237.8679716379,93303.02350633578,1.3958590309004728
4096,700,204578.22300510856,121247.84298185878,1.6872730926497206
4096,800,60537.72324140588,43369.83132383738,1.3958487131152963
4096,100,34426.2368448139,25235.008428580157,1.3642252960702057
8192,600,66088.26730124366,37566.49697046091,1.7592342281264564
8192,800,176273.07601722778,84971.24391877686,2.07450271277334
512,300,70078.17976309622,47234.241688785194,1.4836308842391104
256,100,77970.46931540706,56270.53628076332,1.3856357957274719
128,600,155932.25552221865,74899.47399565695,2.0818871909736028
2048,900,220746.2560834267,156586.64072292217,1.4097387559008565
8192,1000,64485.66834702937,45312.78094590863,1.4231231674791283
4096,300,57175.481580975495,41796.45799396132,1.367950403578124
256,500,141654.62624741122,95166.34282014595,1.4884950083153146
256,700,98469.59649910234,47967.297444383694,2.0528485394298936
128,500,115397.30111873012,56182.17500713485,2.0539842237164234
2048,700,69288.76104169256,48971.50074361899,1.4148792662989997
128,800,202706.6433383169,93497.3020055607,2.168048050480227
512,300,45770.01374499491,28600.5958497807,1.6003167900904365
4096,200,81457.91935867816,50831.013653404065,1.6025240006840404
4096,500,333316.5469700328,237564.50729901434,1.4030570086401781
8192,1000,167835.31849413057,112393.23827909636,1.4932866163830933
128,900,228963.4942669266,109443.21737422631,2.092075687833782
4096,300,38694.5754761677,27866.80417099782,1.3885544692792153
4096,400,108216.4208539463,56915.493482307924,1.9013525884227847
128,900,226864.53328279025,109318.34627419793,2.075264957939968
1024,400,66948.34117968727,44207.66491546582,1.5144057327548586
8192,600,45642.149683909534,32734.27780938007,1.3943227936689255
128,400,140887.3358402099,81480.70461614145,1.7290883345196295
4096,700,96595.24222835382,53915.74341202593,1.791596222464554
8192,500,81132.1205818405,54509.002824173345,1.488416892225012
256,900,137201.5130988943,64837.41435415292,2.1160855112061756
8192,1000,211437.69867697026,124535.58998606945,1.6978094270129662
8192,600,44372.09540730443,25325.579367516788,1.7520663501273013
4096,900,65719.07292818162,44998.63267930536,1.460468219035586
8192,700,259897.4228099766,185768.68163866145,1.399037881506329
128,300,87921.63599627092,38152.527144095155,2.3044773853172793
4096,700,144369.12220861134,86344.15596057125,1.6720196127058904
256,100,22013.57948717955,14891.07425106187,1.478307012377551
2048,500,53768.43948411386,38078.8838745444,1.412027717547096
512,600,82120.57289357038,50523.437090590436,1.6253956108790675
512,500,60949.83601544132,33156.78306802833,1.838231287106156
512,400,78901.23998668679,57470.31142497088,1.3729043401773557
8192,1000,213222.04161852036,150569.03775101455,1.4161081508079416
128,600,152535.98441113715,72849.63176490327,2.093847020440594
2048,800,116128.07229807023,41519.7534269463,2.796935499686835
8192,200,37419.76062852652,26972.824218293383,1.387313405733311
512,400,155457.99953991815,109009.50865491609,1.4260957732782822
1024,300,62612.49197459381,35788.66352580134,1.7495062907128176
1024,800,163814.0824156379,105506.57662913551,1.5526433294434165
1024,100,14309.102546025248,10211.848879179503,1.4012254504861954
2048,200,56054.28212113905,40359.96560634527,1.3888585205416122
256,100,61256.44742763101,37681.884279448226,1.62562060255146
1024,700,138766.3089657018,66874.51640802078,2.0750252326169867
4096,800,76960.34870490043,46857.31231092819,1.6424405265547324
4096,800,178502.51716604683,127268.05412448723,1.4025712767749605
8192,1000,121970.22104007214,61631.005637657836,1.9790399293037948
8192,700,166942.68989219295,116555.24523591898,1.4323052519368387
8192,1000,73518.44558234817,51177.51428416821,1.4365380306305955
4096,900,86948.83623848461,60367.665223331875,1.4403213362122744
512,700,174017.65291517033,123260.96281991307,1.4117823594272412
1024,200,44409.506598108936,30960.64519433914,1.4343856957550998
4096,700,104459.34608800802,65060.34510421777,1.6055762680120809
2048,700,167376.14453897043,89844.51474818445,1.8629534035337725
8192,300,38141.838200334016,27325.43722463806,1.3958363369184563
8192,500,129083.0867191415,68815.17228508745,1.8757939918304087
8192,700,87651.65203246861,46993.19158217273,1.8651989592832852
256,1000,185612.99303660006,111749.61276708746,1.6609721361939866
2048,100,67624.26516085297,47958.62701914873,1.410054235577933
4096,700,137022.18668857127,86817.79328982205,1.5782730877661557
1024,800,97503.80460948481,53472.408401124616,1.8234414256799052
1024,400,362555.97361689125,257567.86842644215,1.4076133635451205
256,100,24299.279120333464,13011.59979464646,1.867508953843727
128,900,207794.50597139812,102373.53702350879,2.029767770197104
512,900,182536.86940952358,114159.9168451615,1.5989576241291747
4096,1000,152877.0180514954,109849.57632880178,1.3916941981997626
8192,300,68192.00316703835,34770.69707161906,1.9611917191818051
512,500,203292.79187140608,134723.51647863665,1.508962927817005
128,800,180787.7895383256,84426.00544789649,2.141375617373
128,100,37727.39991526315,26068.19735827815,1.4472577216115994
2048,200,47720.753968952995,20752.375075557742,2.299532164159791
4096,500,49537.52825727091,35418.499695506645,1.3986342923372181
128,400,114493.57028317421,51327.80354104017,2.2306345174429407
1024,700,249824.88280360049,145939.20363147225,1.7118421684310532
128,300,87987.90862623964,46426.00783958498,1.8952288323015587
4096,500,186796.92136007553,110169.6014202929,1.6955395948783756
256,500,96694.56942088761,40888.66155932382,2.36482598679825
512,500,160278.02415189194,114576.28797187006,1.398876041360689
128,800,234561.44323285125,103240.3095790912,2.2719947682175095
128,400,218018.1818763945,142772.5734921948,1.5270312535783583
2048,600,105081.08436551283,51881.5556249558,2.025403500333118
4096,100,43485.24604583025,31218.56877485844,1.3929288802262665
256,900,436792.09971063357,303266.1858379448,1.440292786034644
2048,500,46257.68665339364,24114.557614326197,1.9182473671386138
1024,500,103091.70833439945,69563.61906013438,1.4819773572344137
128,200,58650.5256261591,25374.187301930957,2.311424792773396
8192,200,139540.72126516525,99756.89480744647,1.398807787015731
2048,800,96903.36804548885,53333.70966416959,1.8169253302586232
512,800,59120.30334863713,36819.879889469856,1.6056625802721585
512,800,215998.40303731413,117323.0806231038,1.841056353874659
1024,600,135552.33243955672,74481.33456651334,1.8199503704986078
128,200,88198.13717335217,60040.30731987671,1.4689821073609601
2048,600,70064.2242183836,50265.19690701414,1.3938913707628717
8192,500,59311.51529943777,34006.78819154014,1.744108116455193
512,300,49748.27313686146,24111.71881778852,2.063240431460219
512,600,168715.95090258477,94447.6501421378,1.786343552737181
4096,300,158491.4236411146,112569.83265804852,1.4079386981284883
2048,200,18642.63052314635,12653.47289062971,1.473321252140335
512,800,99568.2314275237,66646.61187663602,1.4939728911024936
128,500,360274.7554579154,253115.47456998134,1.423361238857432
4096,600,113773.41925703902,71456.619906994,1.5922026455368783
8192,400,108214.22173826101,56844.504840111076,1.903688351981246
256,100,69019.38741697682,47410.329663996534,1.4557879665913869
2048,1000,83956.1436315911,41036.23401408571,2.045902740557847
2048,500,190418.96451542195,102237.81420332319,1.8625101289502382
2048,1000,284218.106961606,186143.3911687721,1.5268772379026432
1024,600,46005.23531466057,25425.24871719152,1.8094310827155722
1024,800,228158.9373980777,163828.9339260643,1.392665702757032
128,200,96633.17260713917,50493.626094343745,1.9137697187083964
512,100,22398.04778175019,16101.63022849706,1.3910422400652063
4096,900,135136.70801552795,97276.29608484646,1.389204908641452
8192,900,262974.59573559894,174543.99859779057,1.5066378554875604
8192,300,49016.26628340953,29182.503094384378,1.6796457152725117
4096,1000,180533.7302091335,111109.49416957432,1.6248272171377591
128,200,63791.82469340223,31673.672766490905,2.0140330792610404
4096,200,48246.719957956404,34702.92658399461,1.3902781323408138
8192,600,180846.16433659242,88619.85145344147,2.0406958640819233
4096,800,109108.72144404109,73651.67654654282,1.4814153127266811
2048,500,63451.38747729976,34737.72064133729,1.826584655119648
128,300,101144.08535847327,45007.6355113429,2.247265029796617
128,100,38636.02030714918,21221.25277948328,1.8206286268123864
128,400,115387.80609741963,50394.41325747465,2.289694405367543
4096,1000,69639.16008904538,48747.66573635519,1.428563994544454
2048,800,93022.96731301346,65485.35111688879,1.4205156684121782
2048,100,30375.79536025569,22142.388512887606,1.37183914655711
128,900,233079.5094682637,107296.26736457921,2.172298395770739
8192,700,75715.86764584959,55097.75917161366,1.37420956467606
1024,700,124818.0537228137,77611.39331459909,1.6082439496590613
512,700,62856.37382876234,30043.338927871162,2.0921900185485236
8192,1000,838591.7098035945,594123.6410518169,1.4114767564525448
8192,1000,126993.74752416978,92756.94828493604,1.3691022599629217
1024,100,29787.99464652634,20880.261588422458,1.426610223266694
8192,1000,300283.4239347849,217060.7610016852,1.3834072199371565
4096,900,108425.11071757785,79036.30171917535,1.3718393745550514
8192,600,207315.82843170158,147931.95047990262,1.401426992337714
8192,1000,57932.408027362835,40918.42390527257,1.4158025285010531
2048,100,54080.671112674165,36009.56108391144,1.5018419965367655
512,800,83098.42521325644,41133.52440023117,2.0202116503488683
2048,200,32672.181990470435,22527.539467295755,1.450321817786719
2048,600,106200.13525278679,52514.09455749124,2.0223167922379637
1024,100,34960.85663868496,21207.98779051644,1.6484758942721753
256,700,128254.32004694121,61572.56259002922,2.082978434743759
128,1000,251130.63548696705,118514.74706755942,2.1189821663612025
1024,800,101392.18780236921,58330.64729665371,1.7382318301169588
1024,800,98651.03552550045,69119.67131146269,1.4272497778666422
1024,1000,115584.780854296,80146.5687229894,1.4421675524724171
8192,600,139985.35483711335,84911.06049106766,1.64861154751258
4096,200,46192.84924460514,33587.36450215761,1.375304372024717
1024,700,105543.94724344676,65373.77817459692,1.614469137175542
8192,800,165199.02619985954,113903.40354683883,1.4503431948100405
128,1000,241746.20414282862,114759.30901984677,2.106549840771701
2048,1000,126828.32230674112,70808.53547371653,1.7911445485808501
1024,1000,152037.75990901873,85399.97673139501,1.7803021233508851
2048,900,98874.34863289699,62122.524010291076,1.5916022442442566
512,600,80967.86233693216,41819.19699061202,1.9361410109120127
1024,700,56899.443419303294,36022.205004696705,1.5795658098077154
1024,100,45898.57086222285,33212.05639475801,1.3819852139437896
4096,100,76175.45607029981,54461.868961599546,1.3986933890206792
128,700,190557.03362681737,87030.90404794872,2.18953296775858
128,300,78027.70469094196,36061.13127075538,2.163761976991009
2048,1000,65016.39304854818,43331.913764574194,1.5004274540420146
256,500,76505.45887212867,35358.4879143905,2.1637084441326415
128,500,145036.3628541622,59540.26409032341,2.4359375133798533
2048,400,67646.14634579161,42668.98421079895,1.5853704417146932
128,900,235820.13590599308,109433.5624577617,2.1549160112283934
128,300,81669.32097157101,39356.74427840015,2.0751035805670783
4096,200,42389.87907039165,29955.14266930692,1.4151119071058806
128,500,190194.89504138037,103230.19362385968,1.8424347408898054
256,200,50307.454222280445,30740.577879803866,1.6365162170660346
1024,300,72630.62170228481,50052.420972495536,1.451091081931807
2048,200,58936.107212766976,41622.292262618,1.4159745657665024
4096,500,194255.89295250777,139026.15742020504,1.3972614690440697
8192,100,26858.346344433612,18587.00120410456,1.4450069728570576
4096,700,138480.87088658445,66401.40119224958,2.0855112753667018
1024,500,75538.93188708399,51556.79794042655,1.465159492146285
2048,1000,70727.651556982,48061.693636227064,1.471601315016294
8192,1000,217818.15512808677,152180.5493602882,1.4313140282625818
2048,1000,87555.68212819108,63377.48507506607,1.3814950534008674
8192,400,93589.1790859045,66043.58447489416,1.4170820652758715
128,700,171050.45614802136,80058.73659126465,2.1365620222226314
128,1000,663036.1497869799,433656.1726002424,1.5289443381178087
2048,900,98812.50688276904,61913.30626049231,1.5959817501431448
4096,200,42956.337229887016,27777.016549631757,1.5464705200838602
2048,300,137890.36796908738,88389.16350127902,1.5600370283750005
128,100,78918.54132051171,54856.11162168177,1.438646287304828
128,1000,288348.77633537375,133265.43601557915,2.1637176522025174
4096,300,56745.31766613429,40904.58886479182,1.3872604331436564
256,200,40796.40901207726,24965.579774245634,1.634106212672963
4096,400,88526.57111716623,63220.3046379777,1.4002870062727686
2048,200,46895.32587790277,33705.039523403946,1.3913446339482798
256,1000,389922.50530475436,275889.8750121948,1.4133266227603283
4096,600,58544.369777110514,41495.82519943877,1.4108496335651213
256,500,150656.42879549667,68455.21386786921,2.200802835650919
256,400,112325.1865206261,59074.844564556515,1.901404690077145
512,500,195149.80998856708,140795.03198073205,1.3860560791326326
2048,900,122338.2544719475,68899.88456665813,1.775594476556629
8192,300,189737.25406221332,134426.74428370426,1.4114546556433565
512,900,282730.72793107637,203255.11762460766,1.3910140676174874
2048,600,62912.96675888231,44565.37639963274,1.4117005586292046
256,700,146293.92243721097,91529.91776736967,1.5983180800951688
128,300,83122.8549428558,48504.48423274269,1.7137148504456041
128,300,76566.34411003902,35017.52520551622,2.1865149995802025
1024,700,107229.14815383808,74644.65643978806,1.436528122282058
256,800,123724.39576185096,54094.28604752221,2.2871989779689152
1024,1000,62584.37438907151,38617.14510172746,1.6206370052526728
4096,900,88757.90597567997,62100.064781262285,1.4292723572562402
512,600,79875.63151422632,43441.5061252218,1.8386938814686067
2048,700,226491.9824157552,161072.35282367095,1.406150580439465
256,400,104759.39016323598,57659.06193290379,1.816876422393786
2048,500,130620.4733079687,93483.34473025288,1.3972593052257103
128,800,202756.77067857783,97648.19890207484,2.0764005169405086
512,200,38310.53026063619,21008.09746191717,1.8236077936178816
128,900,253126.9630248656,120641.51190463375,2.098174658362709
512,300,61181.95195718302,43175.05575649103,1.4170671209378762
8192,400,60773.3723866979,41606.18644279763,1.460681153036035
8192,500,68942.9053091779,42838.649147952376,1.609362262359603
128,400,130573.32440937223,52214.952048342944,2.5006883907215234
512,400,200807.0509786451,143530.23617059793,1.3990574831909897
8192,700,67840.62969959906,49093.90452489389,1.3818544350083077
8192,400,101641.59106387518,67983.31925252365,1.4950960350483635
1024,600,81598.62564589706,52102.623525388204,1.5661135682761973
512,700,64408.22057382397,36260.498303880806,1.776264077621091
4096,400,81435.31789274709,53677.90002828974,1.5171107261988346
8192,300,66893.47877002558,46505.060024839695,1.4384129110745336
512,200,42436.05503198562,28346.010005815035,1.4970733102570728
2048,500,295435.7163473379,209404.91397304146,1.4108346874103055
128,400,109836.72942353415,59222.677498968354,1.8546397100240442
2048,400,45890.16140697748,32065.95222422041,1.4311179997428929
4096,400,62870.304609352606,45558.52739847821,1.3799898328463676
8192,800,99699.11591142719,58003.614134907264,1.7188431686264025
1024,900,138035.98939730757,97683.68369178884,1.4130915643275508
512,700,147755.85553591937,87044.25929154124,1.697479612538652
256,1000,228671.6712810957,117962.59942855392,1.9385099378010455
256,700,145438.9645719886,78794.09054059889,1.8458105623676275
256,500,200836.32807268185,106790.77677264703,1.880652376002974
8192,700,112032.87915978777,62218.1646853655,1.8006458359280297
128,500,115074.19995779186,58507.64553511288,1.9668232913035446
2048,900,136777.9758362892,89687.53677484854,1.525049976337921
128,200,67522.88506053924,45955.61932718424,1.4693063884049813
4096,400,90404.47188662505,64357.49024554013,1.404723390264429
2048,400,44350.572357613244,25170.327772017878,1.7620180698210155
2048,100,39934.29513578978,28552.74869818188,1.3986147378634908
256,300,74097.07363903115,36433.16718973165,2.033780737566915
1024,800,79136.21915232565,55808.93110346344,1.4179848563237318
128,900,308918.3522255245,149366.22570343033,2.0681941367313392
1024,900,133689.88951742306,95026.63949624964,1.406867487118697
2048,400,107892.71488582269,58389.33677677682,1.8478153861945361
8192,900,91038.35498386215,63752.69376969122,1.4279922870826653
256,500,142696.3874304465,89207.63682998554,1.599598335985532
512,100,6548.096192809561,4328.569975217943,1.5127620046109722
2048,400,36466.68898047222,24300.177747967304,1.5006758122797124
128,700,509828.4478410824,353412.1924421842,1.442588735600815
2048,400,136644.60516160782,88732.91687839403,1.539953942333209
4096,1000,545425.8890147232,386071.47327980405,1.4127588458715974
4096,800,165221.78223374073,114000.34180152354,1.4493095338380173
128,1000,383656.1918448629,249927.3451774492,1.5350708885915056
128,1000,345588.3682720871,147764.26282835662,2.338781797825659
128,600,150096.6585660491,67837.41368004146,2.2125940601743377
1024,400,76738.75392065762,55996.63409946781,1.3704172608722376
512,600,240344.94202795654,122850.25813623035,1.956405673657069
128,700,379518.7488305881,188608.66401977988,2.012202094760541
256,1000,541228.1630338219,371124.7677284433,1.458345575657848
4096,700,249280.04895197446,145036.31470502613,1.7187422988439724
8192,700,79167.04080965545,56419.31919593585,1.4031902890341543
512,400,126109.8469775662,77408.52936214146,1.6291466588595767
256,400,168320.28397058471,115642.38356796416,1.455524166636199
8192,600,240443.1056438456,160143.11588582143,1.5014264229458125
8192,900,408138.0333513042,287479.8079991563,1.4197102613638242
4096,800,118978.95100701757,69412.80529335505,1.7140778348344254
512,500,145232.91192714445,86030.55730520321,1.6881549588469378
8192,800,210738.29362527878,148603.37174093782,1.4181259224229554
2048,200,31081.024897194293,22033.946928467336,1.4105972478783793
1024,200,39337.977995256435,26475.276122665215,1.4858382519976663
8192,500,69386.6392407656,40311.48463667873,1.7212623118730754
256,500,101929.88561903375,39414.57005197484,2.5860966004353667
1024,100,54475.34175823872,40032.659209295554,1.3607725001088506
1024,300,43719.05088604997,30793.876435997583,1.4197319709623517
512,900,575242.0695658759,337507.04085377266,1.7043853903335417
256,100,54653.913802117546,38444.170849535076,1.421643713321977
128,700,200567.8563897141,97654.43951026569,2.053852926662181
128,1000,401449.8953956712,252421.36691300521,1.590395853985005
2048,700,56528.454861143684,40157.168139067406,1.4076803091637646
2048,800,220219.77820887085,129250.2100774949,1.7038253019227827
8192,1000,314064.4425440337,129989.63690302538,2.4160729272467423
2048,700,71774.7934354464,46085.28628063976,1.5574340365028543
256,1000,168276.90964326184,94456.4510313677,1.7815290306363445
4096,700,83928.04886585973,46743.51996066081,1.795501257425485
128,200,42334.51801066376,18473.245593016192,2.2916664966912106
8192,800,132658.5696220885,89339.93559589019,1.4848742473034762
2048,1000,101930.62507815276,71564.52841553609,1.4243177078775306
1024,700,61316.55693121015,28750.615749685116,2.132704129367445
512,900,166620.25117359342,91945.85782138453,1.8121561440785352
128,300,78420.17275354233,38162.0954646318,2.0549231324632387
4096,900,83833.5593439151,59871.38519149271,1.4002274889044533
4096,200,69887.01776683977,49379.87132482686,1.4152936387200035
256,900,380072.0366090623,272591.03824391356,1.3942939542604298
1024,500,163738.50124591193,98724.72664549941,1.6585358785936566
256,900,294769.52346706257,198702.34125964408,1.4834728247207094
1024,700,203706.76097904824,141625.82650183098,1.4383447285754387
128,700,192069.68089485363,83003.72790694215,2.3139886091645
1024,900,75768.60465552182,51222.124598523835,1.4792163591298082
256,300,57711.961573354245,37117.846473465084,1.5548305480117641
1024,700,264784.135631962,123706.87813287329,2.1404156311143665
1024,800,168575.49670010436,107601.71209980687,1.5666618440396258
256,300,53141.620336635344,29689.086327454082,1.7899378832515382
1024,800,64807.057156180876,37267.751414926155,1.7389580722121303
2048,700,48597.70476666642,32457.00781780014,1.497294668672889
1024,200,47730.37397060033,20902.52376236325,2.283474211690307
8192,900,116947.21355787978,83647.85040139803,1.3980898851158667
256,300,154330.52996015706,111027.59974134572,1.390019511542099
512,100,34578.352596856086,24814.720098888934,1.3934613188888765
2048,700,93705.18684434387,67540.68283769223,1.3873887989780596
1024,800,176493.4353205533,85500.40690778324,2.0642408814604933
128,700,219484.18581676204,100907.3115413787,2.1751068625662366
128,100,42377.74142356678,21494.514216197193,1.971560789758767
1024,900,480300.3767574939,320958.5163021913,1.4964562470287526
2048,300,52227.412428464304,36890.090878800176,1.415757217840797
2048,900,263262.6549079828,174891.5757525379,1.5052906566550992
512,800,124596.85968691038,77715.89252368681,1.6032352668269858
512,400,72290.03964828896,47801.488008989734,1.5122968480540566
1024,500,74554.4015500222,50519.457310624246,1.4757561842285152
2048,400,83728.60430749576,59432.502626653106,1.4088015918405363
512,800,113445.46102129831,49553.02954471504,2.28937487906625
2048,300,72403.70376334555,51222.569372482954,1.4135117517599813
512,400,79417.31423603551,50033.43716073569,1.5872847987817067
1024,1000,588346.9541535351,416251.7463152748,1.4134402062253764
1024,700,137812.59835781064,87211.33334309078,1.5802143262235617
2048,200,37569.72233913512,27018.322017385482,1.390527595124528
128,600,204930.2950292885,133081.68265043938,1.5398835583374095
256,200,90288.02683894613,62099.829092908214,1.453917477033073
256,300,76839.78136978066,36491.496829709686,2.105690038650902
8192,400,143528.0023902472,88650.28112064465,1.6190360659422969
2048,900,98445.78995984037,69964.953848744,1.4070728921320894
2048,800,102909.1942220865,68517.72669542223,1.501935326598657
8192,1000,105608.59208187788,75865.77577617505,1.3920452404448131
4096,100,34312.04658643057,24532.76614188892,1.398621190451241
128,800,293842.3308506914,158452.73359865765,1.8544478481195525
256,400,71738.85629273333,33653.485663164014,2.1316917067897156
256,500,81981.96143058191,33156.859648941274,2.4725490380751323
8192,300,84245.04037331238,58071.471110720566,1.4507130396729335
8192,300,152017.01874302723,107726.9139262276,1.411133144008283
4096,800,130656.21920078166,68343.28498088372,1.9117638146502247
256,400,63655.56988697883,35858.20505265218,1.775202350299201
8192,900,104150.77858252863,73377.520108252,1.4193826451054439
128,300,90485.57298128473,39983.32086521501,2.2630829811839375
1024,500,165772.41839909347,86515.89874078294,1.9160919647356054
256,200,47487.51886682889,32046.193337824792,1.4818458581406104
1024,200,60672.05625671437,43107.91686212757,1.4074457935595066
128,200,51540.08082992929,29191.23879186256,1.765601014654327
8192,400,71175.28624512619,36397.930118433396,1.955476204650443
512,600,97063.41196995857,67269.34945411752,1.4429069517932938
2048,900,136190.10935721736,82904.71088729052,1.6427306470240113
2048,900,276778.1220746905,142980.70076232674,1.9357725944760324
1024,500,53877.42119764193,38170.92417670181,1.4114780388400137
256,1000,348046.59789981745,242654.66336819905,1.4343289062271138
256,600,99908.49028744268,46790.70387729099,2.1352209308381753
8192,600,99875.7686429831,59744.38146305444,1.671718179972215
8192,700,141533.08835714016,99429.23676280367,1.4234554439432998
512,200,23673.828023451424,16533.01353799436,1.431912456192383
128,300,67050.46951153886,34381.62665711036,1.950183165567949
256,800,114794.778517106,47446.796352278296,2.419442140303616
2048,700,62924.4229251617,43772.72282483471,1.4375259034482808
1024,700,92493.31228113038,52547.236199896965,1.760193665167717
8192,300,41006.32944708104,30204.690107881754,1.3576146386742984
2048,1000,130004.77726436117,92921.41629265525,1.3990830365188598
512,700,62140.7519394971,41116.05978836402,1.5113498778665346
8192,800,99759.74651078561,58069.36721056455,1.7179409954485665
512,800,85516.16430907276,54194.28811204028,1.5779553028222864
1024,600,120305.73834431176,84863.75272313808,1.4176339660208124
256,200,39303.05121954353,21539.986782643522,1.824655308108783
8192,700,76661.55649419804,46499.807562268594,1.648642446348609
256,800,194218.08744223812,108262.39433710498,1.793957067284936
1024,100,52824.842503388456,37728.19861438061,1.4001421865727126
1024,300,53113.70760571414,36974.25329648651,1.436505212960211
8192,800,76867.11509010819,46833.72399498413,1.6412770229064129
4096,200,182251.1260537463,128455.07587072687,1.4187927165848866
2048,700,94212.81477889189,55893.73009184422,1.6855703604694479
1024,200,40676.30065827371,28381.741463708036,1.4331855115475145
128,600,154253.98534517753,72848.77070877024,2.117454884198985
512,600,186001.13141501887,90169.60742991473,2.062791851008004
2048,900,261649.1395836875,133610.9631108938,1.9582909477759336
512,900,195330.71491505904,127345.81108039568,1.533860542862641
8192,1000,130233.44673042724,78832.83726044853,1.6520202907344432
256,300,63608.57518624504,37479.227802604495,1.6971687762954597
512,400,65335.75278028227,42004.26775017883,1.5554551068207614
8192,800,263171.6198450491,161412.785793903,1.6304261062755898
128,800,210017.56506422078,97364.40382177394,2.1570261493991074
128,100,34550.41188121164,15273.252584890693,2.2621515416690734
4096,1000,242915.22705068177,136115.48474894473,1.7846259556634687
512,300,71280.82125408674,37371.90252391701,1.9073372357339566
4096,500,135730.33628097642,87256.9188585018,1.55552520140071
512,1000,600048.6541310264,423127.3894128863,1.418127658820736
4096,400,44503.099887363016,31579.073678484558,1.4092591929852538
512,200,36785.995843203666,23096.097696600515,1.5927364148887433
4096,600,79043.68636466253,56298.14497213727,1.4040193758388015
2048,900,58598.519817714754,40795.631939715175,1.4363920113875768
4096,700,175975.16853157687,98922.61063555247,1.7789175538431652
256,400,184615.17722917913,125668.96183340531,1.4690594601546612
2048,400,59287.41777671165,36833.20774008487,1.6096186407406023
2048,100,14395.121404563943,10180.220731062058,1.4140284169518358
128,1000,284740.0109503572,156757.56450499504,1.8164355375735888
256,600,74097.47842646402,33581.57191906532,2.206492257272702
2048,500,71633.83523901156,50410.2817682419,1.4210163626607686
512,400,132474.44934238642,87582.77383884622,1.5125628423934327
1024,1000,315741.76503229514,131384.11220466706,2.4031959400116816
4096,800,147440.50200369078,105636.5648009827,1.3957335916920994
4096,300,37751.56601200189,24372.895781103678,1.5489159085179653
2048,300,41392.19679875545,30249.996951988345,1.3683372221310166
512,400,83987.5516577193,57457.86312448981,1.4617242460922977
256,200,53543.192742329964,33787.86890678461,1.5846868854039644
8192,400,65774.86490867041,47486.545457664375,1.3851263399926743
4096,1000,152178.7022922904,107671.69029516692,1.4133585334744325
512,100,28084.460091229346,19624.09282959512,1.4311214452102028
4096,200,46506.512120717576,25588.8552799911,1.8174518403362414
512,200,109996.30817353625,68968.2753748046,1.5948826844772743
512,1000,221079.58465584487,125472.49587679592,1.7619764643314944
8192,500,56052.76687445761,35906.47308310363,1.56107693297324
128,700,178570.06040858134,84366.35857819415,2.1166026769197983
8192,600,71922.6072921363,51605.91974697675,1.393689089251234
1024,800,70647.23218851516,40691.58848042725,1.7361630456500032
1024,100,41169.78323063044,29949.660287541967,1.374632728230165
2048,1000,236908.82224261484,144736.3339148082,1.6368303371706192
1024,300,157869.20132589058,112940.46682068823,1.3978090030080554
2048,300,103503.70795795263,71956.18664862089,1.4384268091274175
8192,400,83507.21271548944,58402.18695491332,1.4298644805879834
256,500,138038.3790360923,92391.67103597312,1.4940565257483698
128,200,101417.85323195597,70197.34463110403,1.4447534128950275
1024,500,159230.27033767634,113400.55311449726,1.404140155973544
256,600,127297.71031805797,75529.50815050988,1.6854036711637004
4096,400,100395.64956921304,49581.84816555354,2.024846859963599
128,500,153725.78556164,76779.36590571314,2.0021757636084003
256,100,35585.74525166894,21983.65099314314,1.6187368177728254
256,200,49265.979723400276,34066.44972158685,1.4461729979505895
8192,900,157589.25991834342,93609.5407561437,1.6834743408139268
256,500,169308.6429750994,97714.73167047238,1.73268288292564
4096,900,91148.44389391187,56406.38672201878,1.6159241743866424
1024,1000,59068.32603839232,34521.97724283392,1.7110354260097815
2048,600,189743.36295280332,126162.02460605148,1.5039657420312365
1024,900,177876.56999061443,117796.48203003765,1.5100329562071013
1024,400,53832.32502148065,35417.13644567608,1.519951368853616
128,200,73192.43609298706,49550.597225714395,1.477125205163091
2048,400,79665.74620264345,41047.89911254656,1.9407996005888908
2048,800,78226.70426659533,46904.488942816286,1.667787157045152
128,900,294940.06432902184,126837.66098671831,2.3253350939663435
8192,600,174927.50805003353,122335.43651839571,1.4299005507184297
128,700,164584.73790239907,81043.3533172761,2.030823394709093
1024,600,75252.51688586122,50672.250334260476,1.48508338172188
2048,300,118542.43452878228,58052.336132726756,2.041992492046405
8192,900,135963.3423227846,82738.50381520813,1.6432898354851957
4096,900,177336.214475978,117176.79481012255,1.5134072813933843
4096,800,74645.01824166893,49913.710597319616,1.4954812485064455
128,700,162713.398350538,72804.41898909131,2.2349384915072013
128,400,122534.46865344192,51922.942566058635,2.359929206584319
2048,200,87627.90531184695,60474.43679577299,1.4490073815449227
1024,600,122299.99719753061,87959.86561730562,1.3904068217842838
128,300,77298.35839775432,33764.75863534988,2.2893206266496784
128,900,223997.91210887537,105523.65052388472,2.12272709479639
1024,600,68020.31742741117,44659.388692452354,1.5230910995184965
256,300,73393.37226923024,42533.040330698066,1.7255613917695614
4096,200,55290.1472948132,36308.61704382817,1.5227830690459074
1024,800,96749.40877855098,52787.042678911675,1.8328249484830903
4096,100,19526.96550195059,13656.053678083988,1.429912767060119
128,400,132949.215925907,61952.60358704614,2.145982706588069
256,400,136636.6136464124,87047.72589089106,1.5696747071563704
128,700,233509.51731242696,106202.386821974,2.1987219336591433
1024,500,143446.04851287915,85195.20001328425,1.683733925039345
4096,800,163012.4557265994,104968.21922749652,1.5529696219129356
2048,100,34312.393477539365,24573.045278603204,1.3963427441944538
8192,200,39304.33670243638,26333.609866803625,1.492554074478933
128,100,25966.180204918426,16644.296861294704,1.5600647129348668
512,800,90432.58369490776,47187.54873414491,1.9164501255279391
1024,700,197473.87432176791,125187.67546269397,1.577422646373966
4096,100,42728.09835021513,30112.015246356947,1.418971729412382
512,300,159816.21081430762,114260.23915271426,1.3987036260330739
4096,200,37476.94649390539,26987.990151324084,1.3886527408587592
1024,400,107947.31546657476,58521.68555589176,1.8445694863569595
1024,400,81850.5497027835,38493.05387533014,2.1263719414904827
4096,700,260742.15847644964,184813.77084588126,1.4108372838400993
8192,1000,56090.20919921057,39649.89963564164,1.4146368519124974
128,400,95684.50587853942,44766.77748087496,2.1373999037437366
128,300,78628.72971250566,31178.092564262402,2.521922389910187
256,600,180425.86453227585,112000.7551504031,1.6109343574513078
256,400,65572.03353956554,39749.835279202234,1.64961774253877
8192,400,49018.895659355985,35290.91001805836,1.3889949461284226
8192,300,31109.094411908278,15836.270376217375,1.9644205152386987
4096,400,106299.01249720123,70803.73803262875,1.5013192163415872
8192,200,81457.91935867816,50793.10131812073,1.6037201360968596
256,200,64433.29497665637,26445.01249438103,2.4365008332042573
8192,500,118409.20444910147,60201.68467375821,1.9668752642185743
512,1000,216375.24874414262,126596.34473591344,1.7091745357696753
1024,100,35493.963376267224,25507.764619988688,1.3914964288345768
128,500,143743.8265200953,65960.00138039459,2.1792574819869626
4096,200,28993.9436710939,20549.780780359943,1.4109125533253524
8192,900,134526.51797818666,92861.4701047855,1.4486796065837213
512,600,172760.32542603978,110469.68987709572,1.5638708284439486
2048,700,204809.45472361177,121731.27705290983,1.68247191421965
128,200,55686.79492431575,30389.288426301457,1.8324481357753575
2048,300,50638.443375611765,32878.61549635522,1.5401634956686459
128,500,211672.67683636575,98454.77186746601,2.149948375496791
4096,900,330493.8786514117,212138.7154964969,1.5579140180891178
4096,900,161246.64419434164,116811.78173220533,1.3803970952519553
512,300,92120.3016568342,60847.63152910381,1.5139504914463675
128,500,130892.46355049635,62082.49517400644,2.1083634474359885
256,800,240170.70567055518,167351.11182094782,1.4351306248118534
4096,500,78262.78949334958,49948.40245750224,1.5668727255078512
8192,400,90971.00216722937,62719.23001239291,1.4504483258046073
1024,800,181720.29795081797,106291.70299879521,1.7096376558467383
512,1000,98735.71931117591,60904.48610802627,1.6211567590612026
128,900,220787.2315098349,98276.93251912572,2.2465824466679134
128,100,51114.25022103744,22611.811772883277,2.2605110432740774
2048,200,29240.16333408247,20637.04520517809,1.4168774184177177
512,300,50969.586462802064,29845.96576160934,1.7077546382621631
4096,900,135983.68327413127,82793.90617256892,1.642435893659829
8192,300,139797.56540221133,70498.40280997702,1.9829891150729304
2048,300,54225.29022883729,36570.36131791679,1.4827660508311928
2048,600,50400.539527797075,36015.17930638649,1.3994249230034976
512,100,37937.36917157631,26337.427059410064,1.4404356616156901
256,400,52730.310771025775,27515.142112125257,1.9164106278698376
128,1000,262927.6720994011,114859.14467036695,2.2891313778626374
8192,600,82837.71722841909,59234.86589688568,1.3984621383733788
2048,1000,81019.08870468,54443.24424942433,1.4881385160205012
8192,900,372107.0055811524,265624.7539023904,1.400874730665694
256,1000,195263.02340140493,115290.31787463636,1.6936636744616211
8192,100,35406.6481595889,25420.922782743324,1.3928152200526827
128,1000,244075.89266114662,119286.35685419329,2.0461341858188082
8192,200,44067.56347691825,25605.165505158675,1.7210419307010516
2048,500,217302.21054893598,146468.2748569608,1.4836128216922795
1024,700,284538.98276999674,185661.916745595,1.5325651472180426
2048,100,29771.96522740429,21049.77462938154,1.4143602842116991
128,1000,257841.30783865918,109528.88859705196,2.354094076378669
1024,200,37765.49626024998,27015.8166436223,1.397903189765888
4096,600,133538.3964178668,80220.12446145037,1.6646495790721247
512,300,75578.47125684083,45913.103933716135,1.646119839032273
256,300,76037.86489126201,37659.431554846815,2.0190922101551436
8192,700,204556.2087984407,121006.12594633322,1.6904615960448344
128,200,87330.34860209774,49280.31765321057,1.7721141575557244
128,500,127740.46001810563,59620.48515455305,2.1425598883834387
1024,300,42998.18354107581,30906.468477812086,1.3912357399210598
8192,1000,327074.0198951941,232924.68675067252,1.4042050435182123
1024,100,46402.25092068935,33600.124238254924,1.3810142662466336
512,1000,117608.7827070081,57903.706722017756,2.0311097400313343
8192,600,62402.570334305696,44992.30341341965,1.3869610044391096
2048,900,373113.45128067944,239395.88503124096,1.5585625092594573
128,600,132456.79606180347,64781.918301211816,2.04465689709787
2048,100,51354.10780293973,37123.179833120965,1.3833434537071112
8192,500,61723.91165652541,38611.89650843252,1.5985723892905757
8192,100,52516.498072239185,37519.373379127224,1.399716822068653
4096,500,51378.838773434916,36783.058235269484,1.396807150857572
1024,600,64050.73694833261,45149.33083087896,1.4186419991085766
2048,900,74990.77564620979,49940.48044438356,1.5016030077989257
512,900,213081.69752064458,131232.0275884347,1.6237019379819686
512,900,76779.35441377216,44574.09087554049,1.7225108332137389
1024,600,81944.52141438445,45750.68957447886,1.7911100832914137
512,100,24278.21135402077,17042.361865500796,1.4245802046468483
256,600,239859.44117522653,92665.8158205032,2.5884350021786067
128,800,185098.35235689676,92812.227955092,1.9943315275920128
256,1000,283160.52550578007,172214.76043654312,1.6442291287227828
128,300,73731.78035379836,35572.315455000964,2.072729295540775
8192,1000,180546.62302197062,95631.5478931527,1.8879399842371254
8192,300,109037.89370886277,76397.32127257086,1.4272476036147481
1024,300,41872.27186055665,30310.406077463795,1.3814487260099515
8192,800,418749.2541397444,257545.91031093788,1.6259208062523067
512,100,46237.43977227936,33387.0333173869,1.3848921326052763
2048,100,60094.371206137075,36469.62574008183,1.6477923747950762
1024,600,75723.4773282611,51796.13485958143,1.4619522775887883
256,300,111444.79766433375,78913.21787179852,1.4122450036872864
128,1000,255076.10905712555,117822.86237593276,2.164911833861787
2048,900,197439.85186505644,92822.15497536311,2.127076794515932
2048,200,91025.52908863904,63586.376463599685,1.431525652994978
512,100,35791.579616725714,25607.012433983386,1.3977257092758804
1024,300,140227.46371756998,71090.67620702914,1.972515542111342
128,400,167944.91519146267,112397.13389618693,1.4942099444153192
2048,1000,122995.34751869038,61768.02774248738,1.9912461513497144
1024,500,79617.58178042916,56633.02921470252,1.405850664964247
4096,1000,583459.9639051136,411106.86878239847,1.4192415846351203
128,600,137861.9870502481,69164.13647952555,1.9932582703618222
1024,300,67021.06612729451,46727.21827016225,1.4343046431696307
2048,800,128267.27057631988,86046.72307365466,1.4906700219893916
2048,600,713377.5503209353,507720.37876543467,1.4050599112361288
4096,400,67344.30719296657,42610.39720637375,1.5804665435715082
1024,100,42852.659788606776,30390.284377228334,1.410077617461079
8192,300,140612.0071044198,98554.33931371769,1.4267459767227941
256,700,95422.40070844915,51977.90262439922,1.8358263009953852
512,400,58823.1416566202,37204.030187196215,1.5810959554823771
256,200,90904.8846737371,49442.09051923173,1.8386132891847968
4096,300,41107.60399417303,30219.792389250615,1.3602874389300994
1024,700,54085.81392495365,32515.966188398343,1.6633617347114662
1024,200,49061.12501095365,30190.486895646347,1.6250524604168792
512,100,21415.55750686315,14424.377517858551,1.484678106930365
2048,200,64637.00922396589,46837.16340284668,1.380036802571126
1024,900,95106.89296666274,62514.166146430616,1.521365457293124
8192,400,399697.34061959333,282212.5761674707,1.416298827102605
256,500,114452.69536438998,75600.1656836679,1.5139212239731306
4096,500,41633.043283193925,26145.461812893736,1.592362130802464
1024,200,33483.607067405756,22791.60732309358,1.4691200402298312
128,800,346455.3861837816,237180.54124166243,1.4607243257396036
1024,400,47853.35634942086,32158.042781654378,1.488068060433093
4096,600,174797.07191700084,125586.02149454286,1.3918513369308094
256,400,77753.15802185597,43489.2022727518,1.7878727122702889
8192,800,66094.39623041087,47686.12652509306,1.386029880108445
256,900,588713.5097398688,343820.25913173653,1.7122711477984784
1024,500,78807.39405858837,50101.82887405337,1.5729444579098186
4096,700,70934.53296771657,46042.371477202934,1.5406359553577416
2048,300,46441.08417407749,33932.02103593418,1.3686506950144866
128,400,128224.22207004683,59849.299810246564,2.1424514986237826
128,500,129361.89216542237,60922.8209824693,2.1233733119916853
512,200,46006.249093172526,29867.074651031475,1.540366762755042
128,300,125502.41323308714,61169.2481102475,2.051723980763826
512,700,251312.06101308574,147143.0555334004,1.7079437429246518
4096,700,170934.41717918415,121946.08077930051,1.4017212860538202
2048,400,75658.44349370731,47179.063768638705,1.6036444441697395
8192,400,179445.79291457724,125547.26372835398,1.4293086729699123
8192,500,126403.64712087801,89663.19947731083,1.4097606136937408
256,900,123568.11799784222,52393.67892599474,2.358454693979025
512,800,79869.48164836553,40920.26827468737,1.9518318187022135
512,900,285836.80555819167,143345.24080608017,1.994044615299621
2048,700,167266.4556281386,115509.75544850226,1.448072112858996
256,600,140159.83736560182,90831.04944903134,1.5430828798719394
1024,200,42727.57344265948,29211.5994410747,1.4626920216693045
8192,100,22441.85565019044,15098.571716162805,1.4863561979287585
512,300,71425.85468842153,35603.342115856474,2.006155895589672
512,600,110732.84471219307,58696.80951314345,1.8865223788253371
512,200,70732.3846826518,39421.25759548457,1.794270122187926
8192,500,137957.7020310657,63681.41641111079,2.166373014388474
2048,100,13237.090118851052,9133.892705604358,1.4492276782197213
8192,300,43576.17179739586,25225.036160387826,1.7274969011075498
8192,200,91700.44587934756,64611.7479158447,1.4192534459644284
8192,900,186252.21609239426,132141.347879209,1.409492328341075
4096,1000,392449.35050099244,268387.839689966,1.462247138150293
256,300,68289.17496208509,38815.76325441669,1.7593155263877165
2048,600,93338.28852464817,66795.65269776552,1.3973707083450744
512,500,108676.59140834433,76213.46890328245,1.4259499399805395
128,200,107674.64605637523,71292.92688163197,1.5103131652197144
2048,900,89073.81849364562,62181.83487243323,1.4324733047260765
2048,200,33215.02242175653,23554.90866004437,1.4101104318055955
2048,400,120465.26641941661,85886.29064492848,1.4026134498862537
128,1000,282036.38918507315,126747.76651454996,2.2251783754524532
1024,400,54002.80486567162,31219.377219992457,1.7297848219435004
8192,700,263132.79302931874,121931.19666189529,2.15804322628739
512,100,79459.78376658657,57766.58148760503,1.3755320415426737
2048,700,214297.77132390434,113418.33678354556,1.8894455464717599
4096,100,22159.950774055666,15943.352460597747,1.3899178876476301
256,1000,346243.36841341923,242442.0499548191,1.4281489885023837
128,600,279043.80959131056,128841.80891373742,2.165786183413001
256,700,120451.54737102063,55882.88191519223,2.155428339465701
512,800,100088.9314450842,53749.80587503467,1.862126380098664
2048,900,74204.65249440301,37957.87120531904,1.9549213414266684
8192,800,76788.1150844264,55623.98651009604,1.3804856484079755
128,300,88007.94143851666,32248.612504742956,2.729045828733652
512,500,75707.33310512066,51734.15737372828,1.4633916342390545
128,700,283936.09507159604,136238.67384537274,2.084107889906914
128,700,246652.59143596233,118558.74846162989,2.0804250604567445
512,700,256386.54947376085,180937.0538816137,1.4169930590420323
4096,400,60789.56838466513,41632.72519662305,1.4601390636228626
8192,100,14309.244349968729,10156.499619973973,1.408875585622815
1024,600,92615.66790402535,66338.20922801581,1.3961134764082854
128,900,226100.8168982033,107176.8948357356,2.109604101189311
512,100,41941.1611294712,30062.798710806925,1.3951183165922028
512,1000,240157.7819217091,166425.74716737992,1.4430326197074208
4096,100,56050.344398102956,39854.64458597343,1.4063691943656045
4096,700,58053.67135491511,28471.45595964239,2.039013088659913
1024,900,165655.16549570303,102834.24968773137,1.6108948720755485
512,400,361333.5322685874,252853.25683391053,1.4290246318873137
2048,200,94006.6563361479,67302.25007053251,1.396783261148465
512,400,92153.64579860968,57054.61346029367,1.6151830712645643
512,700,81848.39642740326,46342.77510126069,1.7661522480809893
256,500,152271.87901044716,87701.2718890411,1.7362562221799955
2048,1000,1106254.4854893931,785859.2991378877,1.4077004454906739
128,600,153491.5972015916,69348.05711601679,2.2133510812683
128,200,72882.14843683015,41788.26135544644,1.7440818563113325
256,300,50340.02564825479,31594.964796852237,1.5932926645726189
512,400,70361.52251521607,28381.29905738995,2.4791508793497337
256,1000,590269.5185085394,409096.3277896934,1.4428619335150397
4096,400,81760.68097966572,38251.574536327134,2.137446156680908
1024,900,372810.0855492741,267180.9265761022,1.3953469296135745
1024,300,158772.01539834542,113256.57606223662,1.4018789982764197
128,700,167002.84684440805,81155.12225248374,2.057822626707915
8192,100,33394.05895855147,23646.547566206886,1.4122171054803232
256,700,130341.13944794761,68004.56774434651,1.9166527157109001
128,1000,244516.02363634956,117926.23224716319,2.0734659199817824
128,600,190076.3160342534,73778.9525409219,2.576294586573678
2048,1000,66436.54672876626,44362.662216365665,1.4975779948629278
8192,100,61555.70940093097,40705.78926599817,1.5122101919873319
4096,900,94195.41997682622,60945.76904864849,1.545561266141986
256,200,64257.24832538458,44333.0689633356,1.4494202595928267
2048,400,90502.80435737145,64516.024844288346,1.4027957329330674
512,800,138189.62753081156,90071.50799523454,1.5342213160028677
4096,500,194489.597271915,97545.36754486276,1.9938373514505028
256,1000,155964.1163233419,63137.15361199734,2.47024307243565
256,300,121837.0490022484,59498.27550922224,2.047740845587426
1024,400,131139.3201864635,86952.69630614712,1.508168530217189
512,700,204431.06347987804,100358.74869088575,2.037002913513247
1024,600,142425.27680365017,87956.14561386313,1.6192760131726591
1024,800,69535.9620955911,45256.917957947284,1.5364714442155316
2048,200,37356.43960253025,26776.78550997178,1.3951054576218105
512,800,262459.8803102108,168672.19594525892,1.556035236509222
4096,900,273312.56145650847,142534.2565804688,1.917521920789672
2048,100,54444.60789781775,39957.50557921306,1.3625627302956884
256,800,204436.74235852546,126274.855960436,1.6189821861493856
8192,100,42301.675147908114,30343.939115467227,1.3940732937453617
256,200,58208.489878604814,38450.4516267042,1.5138571178232527
128,700,348713.29114877194,204408.08081748415,1.7059662697980018
8192,600,278429.5180585773,196010.02761450358,1.4204860916920516
256,100,34857.789126402335,23392.69103010603,1.4901145439633645
256,600,150794.79474773078,87487.82051924868,1.7236089989755041
256,1000,142940.70255656375,56458.12841349437,2.531800230954852
1024,600,166714.14127670162,102499.3162885427,1.6264902763584268
128,700,209211.81541623847,86466.88015020516,2.4195601258286183
2048,700,142196.72490520225,100116.16441795636,1.4203173456742868
256,900,116926.81650021498,51042.72530563347,2.2907635867810927
8192,300,68817.01539849248,48705.36261121294,1.41292481379965
4096,800,273463.75657994463,163520.79990504717,1.6723484519323466
4096,700,200493.9179982846,98464.41517584643,2.036206863568172
512,900,147637.59827375738,61821.0126495833,2.388145906159829
128,400,114409.3991348271,48051.09897312966,2.3809944325894654
128,500,139544.52138157192,61794.54678124966,2.2582012272952534
256,100,44222.56454159406,32004.864307907977,1.3817451033737784
128,400,131965.39755543324,70435.20404407526,1.8735715945801064
256,1000,142669.59534747945,62272.555582159584,2.291050913419599
512,300,45140.52485564515,31686.38554754873,1.4246031560749357
128,700,187329.9731687172,85335.45718841201,2.195218486438898
512,900,79616.2047681752,40077.85831593316,1.9865384058340105
128,1000,219433.84555732022,108445.31548148034,2.0234515855578277
2048,1000,176494.33727763913,124971.52194910712,1.4122764492658892
256,100,24425.48966198728,14899.521024616024,1.6393473066438222
1024,700,227313.43963724867,161613.8911316378,1.406521667448111
128,400,84203.28752124056,39177.38721993352,2.1492828770979857
4096,500,66213.34129981,34769.26706110624,1.9043640230736376
512,500,62592.116656324004,34730.07929192971,1.8022451411698517
256,1000,159147.5678704735,65034.84385428194,2.447112323773114
2048,600,80360.85348303149,51822.018201801104,1.5507086808178092
512,1000,122489.47536317873,82814.68622062249,1.4790791459000474
512,600,70500.27562402739,45251.094928080776,1.5579794419577264
128,500,132316.94197955125,61482.8756065851,2.1520942323227885
1024,700,66902.31273764322,44403.962041082654,1.5066743971122452
256,700,111883.6553921988,56940.6946678545,1.964915532640349
128,600,145145.1959599719,70119.83671935719,2.0699591264151262
256,500,77228.38606857457,38723.16598964631,1.9943716918503946
2048,200,70797.99662193964,48973.41962369589,1.4456412716518552
128,500,138267.05992989344,62579.58215132287,2.2094596220785188
8192,500,45146.77534484566,32150.815208157874,1.4042186816274014
4096,300,69599.92348397491,49920.300990833304,1.3942208300537953
128,1000,299316.31684045953,133190.75993541427,2.2472753889654316
256,200,54514.93450920321,35114.15410637471,1.5525059878718943
1024,1000,259231.71697899344,183355.3989897273,1.413821018673779
1024,100,21674.6535578662,15091.98529907834,1.4361698032657015
256,200,42875.27712609374,27253.11227675473,1.573224984020037
2048,200,44514.777142680556,30693.51786211094,1.450298963535588
8192,400,38084.80552670276,26894.98737754607,1.416055898895821
4096,1000,253512.55554790562,179771.9952605869,1.410189363367908
128,200,50853.918464579496,23316.950421347796,2.1809849721179777
1024,1000,167993.2602195026,113047.4175426054,1.4860424401662178
256,1000,156737.5837183557,72712.55801730376,2.1555779083037634
4096,1000,300328.6089761658,217185.90406273838,1.382818144999917
1024,700,63283.35590103736,35648.69700468068,1.7751940805221644
512,600,76574.05592433862,50905.50173617524,1.5042392926641641
1024,300,137986.9010736061,88620.11330592679,1.5570607611080287
512,800,351301.90538276767,237195.95014153284,1.4810619876652564
512,300,43209.304845574035,24331.991297328557,1.7758227971385985
4096,300,100636.32546363412,69473.1041879998,1.4485652633471529
4096,600,170610.5049495768,109130.00776295179,1.5633693101183563
4096,900,301845.64387850824,190277.6038713783,1.5863435198739755
8192,300,40294.40520643273,29201.35254647029,1.3798814675556292
4096,300,189786.30309823406,134655.81098888023,1.4094178461700881
4096,200,42572.67935168877,25235.892616365454,1.686989241826161
256,1000,303145.0135746807,167787.85781647245,1.8067160372609494
256,600,97218.31803520316,38275.88614068562,2.5399364413895116
1024,100,37035.1096553893,26198.154357778985,1.413653387548368
512,600,133653.34635517446,80005.07319936834,1.6705608908339789
2048,800,585775.2106951238,416774.44951685163,1.4054969333513303
4096,400,80450.64760805886,40347.35142270925,1.9939511460169284
2048,100,42301.675147908114,30406.108724410282,1.3912229128467193
4096,1000,340031.6013225207,227371.27423411873,1.4954905911834682
4096,600,73872.15569148365,50497.31178282441,1.4628928369333456
8192,400,144780.99299739092,72543.1931908356,1.9957901855315783
8192,100,20620.57482645282,14456.016849306623,1.426435444936679
512,500,118603.91619100166,81782.28709863621,1.4502396594504077
2048,400,107778.1505750374,65135.09346714821,1.6546863578141147
2048,200,44145.431439227235,25663.59163351026,1.7201579603372545
2048,600,74186.6975543981,43083.11187307334,1.7219438041745607
1024,500,59082.31893462608,34519.45985469113,1.711565568619316
512,700,83843.37168887969,57489.394116412266,1.4584145993798847
1024,800,100494.4914056223,68260.638030941,1.4722172880961122
256,300,202818.0705426689,141527.8121441578,1.4330615832320075
128,200,57138.2581027874,30362.252514729607,1.8818846880700955
4096,400,164412.92104124973,115305.27186110805,1.4258924885871196
2048,600,45709.73324441519,33114.60734600061,1.3803495468574762
2048,1000,95147.25472076607,56313.6919039828,1.6895936228616677
128,900,673078.7449526464,426203.60563059355,1.5792422590062007
256,800,188755.7480230613,109435.75398208958,1.7248087682016002
256,500,227792.0660135895,151882.27900741552,1.4997935736957684
8192,400,44111.77455644483,31561.339058705962,1.397652186885807
256,300,57889.49458885645,34579.90467074803,1.6740790681770317
4096,1000,217994.5953181111,123213.00141715335,1.7692499396233563
1024,300,84240.30842375389,57306.13157735241,1.4700051478792535
8192,1000,61306.596610180204,43244.65042059604,1.4176689142799
1024,700,64334.71344604676,41347.32660536675,1.555958237882696
8192,600,58544.20780920062,41413.23713987529,1.4136592995970012
512,600,121195.60142229144,64691.72469657064,1.8734328384464312
256,1000,149149.61762197904,58412.46821374808,2.5533866686851434
1024,300,65710.56420414233,47056.43352726768,1.3964204101032258
1024,300,69299.48516109462,49213.90607712503,1.4081281224150892
8192,500,63006.96101223847,34671.209862081596,1.8172703307116622
8192,200,42730.067741025276,29064.38831792136,1.4701863763180434
256,800,121426.78395899764,48891.62351187926,2.4835907510719992
128,200,86014.11433804061,43277.65468223584,1.987494816195453
1024,100,56053.53174792524,40065.96026992153,1.399031281673934
256,900,220346.11944253327,145193.3384893515,1.5176048828073023
512,500,86854.8109391265,55076.61730325877,1.5769815793314432
512,500,129362.31889631662,90983.42765085713,1.4218228773786796
4096,700,136476.06274939337,78144.18580391303,1.74646470937521
8192,900,62361.10176263979,44637.9858844058,1.3970411192863772
8192,200,42516.83489429855,25217.89480581354,1.6859787552328533
256,600,121271.1161148829,68392.87026023149,1.7731543602929998
256,700,109042.0543032594,55449.776596509095,1.9665012376285078
512,700,200135.2321443435,126544.02279311125,1.5815463087620316
4096,400,83581.92083441073,59330.98018405511,1.4087399293779566
2048,300,84272.19464799906,58242.66924059665,1.446915049512517
256,200,45659.13588376767,29716.32329188617,1.536500173163568
256,700,182515.45985334332,94989.86386528314,1.9214203750432892
128,300,83504.69321376715,37256.63379765559,2.2413375740623613
128,1000,262001.06071953266,124089.35917466675,2.1113902308959704
2048,500,159023.22196514916,112812.68568581076,1.409621808029969
2048,1000,154220.9898888885,109976.24542468748,1.4023118291895147
128,700,209556.6212461377,93504.47579775327,2.2411400038154423
256,800,265829.0350594391,187531.75749764283,1.417514764467455
1024,100,32931.33681727048,21640.577724822106,1.5217401880864614
128,600,128466.22489213829,63972.02086718295,2.008162680351407
256,900,175827.89389428243,90396.47078751157,1.945074761907335
256,700,99286.64656723003,46391.38428767831,2.1401958163512025
128,700,201288.45943847625,84246.87798421347,2.389269065569344
512,400,407898.62283528154,290247.646638021,1.4053468738163022
1024,500,162568.47434051757,107421.78053941316,1.5133660373546967
128,800,187921.36222435348,90364.92656588534,2.079582968369254
4096,700,127770.98235689897,79047.1545819496,1.6163893948192216
1024,400,46746.69355719122,31546.477499055043,1.481835604580305
4096,800,71571.97471694801,44756.555987930624,1.5991394587253012
512,600,87093.33482180389,57562.07064372685,1.5130333889629692
1024,400,310063.51845509716,219529.418663486,1.412400763154162
1024,300,46445.75515679831,33997.42278586126,1.3661551773893292
4096,900,372882.0471859561,238926.75599025315,1.5606542081924368
512,1000,102444.3902496114,60331.696577991024,1.6980193838437998
2048,500,47927.863919209776,32923.858442619094,1.4557183205832394
2048,200,48069.38955992107,33630.160733022785,1.4293535478919026
1024,600,716210.2589507216,510901.3253991859,1.4018563337864123
8192,100,43943.66955309607,30543.015020910498,1.4387469450220012
2048,900,107679.07664575419,57649.82549169011,1.8678127076252036
2048,100,42489.28487670538,29860.459479903715,1.4229280331503589
1024,600,62475.67511378093,42587.3274721714,1.467001542996694
8192,800,144136.63134499046,55266.23284314115,2.608041545984957
8192,100,42554.05221965934,30640.2877305179,1.3888267823697773
8192,400,86362.97695171367,62013.34375891064,1.3926515120272684
4096,500,75573.200411914,52378.33293591273,1.4428332513824227
256,100,25869.458246198385,17360.015795293908,1.4901748103945438
4096,500,217096.96705533465,146081.56027478544,1.4861353249990368
8192,700,68242.42700309426,35700.48821924015,1.9115264358294182
128,700,144206.6375393403,69737.61936348946,2.0678457173552225
1024,300,110069.0202054028,77601.31228624887,1.4183912225529116
8192,500,56283.88561434745,40708.47177427006,1.382608660095216
128,400,105393.57115881974,42967.461238325974,2.4528694067875514
4096,800,348761.8135623753,233794.29621574885,1.4917464592058856
128,500,202028.96035312628,89847.23411066456,2.2485829681110476
128,500,313302.193860475,208027.88025411445,1.5060586757782837
4096,900,106991.25465366914,68836.85019009504,1.5542729563919553
2048,200,38463.70884000306,28207.122588649727,1.363616892120733
256,800,126021.25821871372,50006.01314023605,2.5201220874238013
4096,600,237383.97034744578,121227.58495235175,1.9581679404134715
4096,400,101644.71886910067,68026.84177306795,1.4941854747303902
8192,200,29239.30915850527,20575.854416118607,1.4210495742815876
128,500,225714.5954370944,141323.76899859364,1.5971453141710406
512,100,32626.550311322233,22959.26432550392,1.4210625326996897
256,300,64345.37106971432,38788.32045596039,1.6588852085712495
1024,1000,133346.19347036062,93140.70696961416,1.4316639609989534
8192,600,55148.22340989938,38556.62610136729,1.4303176648525198
128,500,135435.47907541343,61680.22166788071,2.1957683583672973
4096,300,98941.5397715039,71028.83980109282,1.3929769942544046
1024,300,66955.798744323,33520.84293865713,1.9974377991284873
512,500,64278.27214537099,29070.479098205094,2.2111184314585217
128,100,84693.40413224227,59790.7005109521,1.4164979404569553
1024,200,37217.99809487642,26545.34670614281,1.4020535691953826
128,100,90208.81090941705,57421.40767217122,1.5709961592100774
512,100,20329.238710130485,12862.884096284724,1.5804572720982784
4096,700,61585.1083057685,43727.54473384273,1.408382489358132
256,1000,327039.7678449703,224957.34510990366,1.453785684060211
8192,100,24131.559407811394,16956.594236406323,1.4231371625323324
1024,400,126993.56942013481,90106.72309903121,1.4093684139480176
1024,500,270011.6978402015,178961.26426577708,1.5087717386663326
128,600,143940.52592659238,72089.82396634229,1.9966829991677628
256,1000,349350.95500095485,243630.85813855185,1.4339355764296509
8192,600,318486.79935462633,221901.70321370324,1.435260724645752
512,300,108489.2632172208,77385.1304671395,1.401939397947894
512,300,143242.8347330452,101416.88662297247,1.4124160137706152
2048,900,118259.67984769121,60913.59330752759,1.941433322618925
8192,700,155897.73305037696,93518.26571533749,1.6670297706858448
128,900,236540.61421233937,115026.20169640075,2.0564063728424484
1024,600,299332.87510249665,215835.29784514845,1.3868578406357506
8192,800,72007.52068471987,40550.8570560135,1.7757336320969694
2048,600,101956.8617330069,57077.39013814643,1.786291585621506
8192,900,138747.3964092447,61103.09951785541,2.2707096285467525
8192,500,102503.10761484888,69020.58878325314,1.4851091452833243
512,800,191909.26335391012,115219.61290483916,1.6655954530276853
128,300,97391.96494140918,37673.06707845043,2.5851881063625655
8192,500,381882.70788034104,268694.1920322166,1.4212540471829518
8192,1000,78675.1832283227,54333.158166662026,1.4480141755609663
128,100,35499.760559520124,20307.759048894506,1.7480885248858922
2048,600,64933.38196073428,46853.05201268877,1.3858943904689278
8192,500,194438.64860227282,97376.84696003907,1.9967646794115792
512,400,42629.635896394946,27195.062249116647,1.5675505908349097
1024,300,45340.73318773997,21215.32220636414,2.137169200010487
2048,1000,214017.08552383643,151559.9185525759,1.412095543252712
512,400,76999.16752460944,47822.13366640589,1.6101156853797982
1024,800,122838.0550096201,77204.76980332876,1.5910682114918218
8192,1000,227329.51325888524,160428.91747891906,1.417010828417247
4096,500,147663.69474007166,82814.88909155023,1.7830573265253349
2048,300,62235.64699987976,38091.94992281949,1.633826756728898
2048,300,68641.93245222743,37156.25575071965,1.8473856169131886
128,100,50876.13113919386,22441.082017571185,2.2670979545174452
1024,400,72676.69926403445,44636.678522344155,1.6281834058879197
512,700,289702.2739324024,188339.94018443616,1.5381882018689443
512,200,68010.98822871961,46106.15915927805,1.4750955071700782
1024,500,130926.64448488574,93723.77302880904,1.396941675028823
8192,300,37736.91325792498,24344.939246722264,1.5500927266846958
512,200,33231.7880270399,23791.31654725729,1.39680323957822
4096,800,95141.39970800385,52460.231836759034,1.8135909121419094
2048,200,19836.645992258324,13880.917415397425,1.4290587141059206
256,700,241143.7748374878,164863.12097943894,1.4626908274262398
128,1000,236297.64803050595,115278.94675509605,2.049790136723817
4096,700,153090.27794859794,105143.99758950417,1.4560058725014648
4096,100,27424.15858263829,19700.801685206585,1.3920326198314663
2048,100,40500.91543945224,29172.62302054964,1.3883192954888828
4096,500,89278.00382040697,38395.89718620483,2.3251964496999293
2048,800,121177.8951206273,86380.91883344318,1.4028317452176966
128,400,104196.55355799649,47371.71703252915,2.1995519707771396
2048,400,162730.87313744484,113205.31673424035,1.4374843676244482
2048,600,298644.4749486824,215000.72652305762,1.389039375718828
512,500,76266.64085937307,51044.656722329884,1.494116049682623
2048,1000,160421.1747818114,93229.7513317016,1.7207079552432765
1024,900,71337.93193267005,47911.069780799575,1.4889655409293077
256,700,154631.3520190554,69769.77271750802,2.216308667725561
512,600,62025.47312680585,31424.826505849913,1.9737729694469262
256,700,168594.96224580603,106527.48919938161,1.5826427855654812
128,600,199015.2805453171,119692.67452086376,1.6627189704130685
4096,100,20254.05226465787,14062.540367087327,1.4402840266372827
