P,n,Paper,Min Time,Time opt,mtsa
2100,100,112290.27123652476,149192.89345742387,96617.8227975813,1.1622107390245995
700,200,593682.5225171085,607437.6266659036,576675.890069519,1.029490798454465
4700,100,69016.41814913334,66784.10185447104,43169.66550530229,1.5987248763986008
2100,100,121936.61694388493,170801.69290740634,94338.99683431353,1.2925367137202104
700,200,646256.46762466,697241.2820982481,613499.966652838,1.0533928325221213
4700,100,84515.46236609809,86311.68043140059,82739.16147748545,1.021468683715099
700,200,625248.897734475,709539.9850783153,580255.8348724816,1.0775400438185703
2100,100,127399.17352540212,208262.63338894557,96898.28004180182,1.3147722897706982
4700,100,61982.56194035789,67847.9913558808,54290.25884700422,1.1416884586060163
3000,300,270214.959940751,372115.14587338566,209393.1776164917,1.2904668767941225
2100,100,133717.81832660458,203260.30795328564,96931.99974023178,1.3795012863136547
700,200,652875.1246163936,764168.3877739242,586957.6778186704,1.112303577052939
4400,100,64809.162004215046,67892.55096527851,46113.05178975472,1.4054407480923694
1100,500,1027276.9016345331,1198725.762103901,928628.9669207562,1.1062296549297659
3400,400,295769.05881974613,387044.53153847205,232508.63496710072,1.2720777396572673
700,200,560253.6153046126,617543.0100853342,508193.6272251061,1.1024412454043748
2100,100,117898.52531956554,151341.34405862918,99439.92348568245,1.1856256640879335
4700,100,87982.30115952365,87542.34722789035,70156.3045836674,1.2540897312314565
2100,100,124788.5767888366,151759.35403032467,87846.2702907037,1.4205335795803535
700,200,587034.4773354883,620162.7897893243,552295.7514240686,1.0628987744733642
3100,500,420014.6506619645,572526.9842819852,329513.50439123606,1.274650795990671
2600,200,179515.81829380494,235699.6795521904,155258.89348025512,1.1562353322879675
4700,100,66785.85773673668,65333.47708553572,44430.604110624074,1.5031498912428045
700,200,585715.2264031331,607742.8344820942,564120.9747471545,1.038279469515661
2100,100,142476.72565782,193137.5053708117,96986.26142741814,1.469040290458517
700,200,663321.0529902843,725988.619683536,619022.6133753316,1.0715619084954062
3000,300,263829.51143202826,370803.0787547369,198813.28951575665,1.327021508846967
1000,700,1538884.2866868991,1755980.9411006556,1425241.4497221177,1.079735848958742
4700,100,85812.10066383978,88485.40542559566,67742.26274582943,1.26674393776613
1100,500,987615.177045714,1106872.348837137,907729.5764016383,1.0880059466176621
700,200,594118.9968636398,638115.8351254181,573010.1744757434,1.0368384774445047
2100,100,110224.67985193929,144531.97163224994,94700.98331528656,1.163923287733665
3400,400,295474.82381890883,412137.22969671467,223906.67031796864,1.3196338608372258
700,200,658171.837857476,736616.803750076,607718.3616983391,1.0830211481814351
1900,800,1026290.5421370862,1272577.276817751,859816.8620396103,1.1936152772144712
2100,100,114073.67260837444,165336.7165213571,89852.75032710702,1.269562391725258
4400,100,87669.52581195797,86050.8698021989,82739.16147748545,1.0595892470558108
4700,100,114049.746649965,127107.9686559762,96621.71431835281,1.1803738678677307
3100,700,577362.4983104873,813179.211807118,459755.30636197346,1.255803881588959
2100,100,137990.2012703585,218039.43494037446,101653.04462974092,1.357462550905104
3000,300,282791.75995705044,375387.03038249013,210694.19582239294,1.3421905565705898
1100,500,947107.9909479298,1143236.3451515562,888143.702278374,1.0663904822139632
4700,100,65101.35267620406,66962.95355590235,50459.111537190256,1.29018032012359
3100,500,406068.3604726066,575887.6510665048,322097.5916263878,1.260699772457844
1700,500,697650.1102475469,888756.3964587891,600877.5668310776,1.1610520158488038
3400,400,298510.1601558644,410687.3796243563,232582.20377446013,1.2834608809766717
4700,100,62132.80766213619,66281.7750193683,54138.05797390288,1.1476733741001046
1000,700,1528493.4002825888,1744353.5373781142,1414003.531714842,1.0809685874185184
5000,300,175763.7203961637,193144.30150199693,142348.1066563424,1.2347457547889518
2600,200,218700.7708383659,311150.97536082915,165173.06794499487,1.3240704042089753
3000,300,268984.2785855379,364712.4975472755,198402.63602400303,1.3557495201474834
4700,100,104710.6607714319,108367.88928837504,100419.32952364009,1.0427341157140626
4400,100,65303.66708332203,79703.8266954935,54290.25884700422,1.202861590093994
4200,400,241472.66595365334,276548.05364304763,188221.2759257482,1.282919078972307
1100,500,1072268.9456979018,1263025.7886447546,947977.8668209653,1.131111794090452
300,200,1368897.96094101,1358888.6619952228,1345577.0768288777,1.0173315111514032
300,200,1461255.8238390468,1477274.304350984,1431499.9221899556,1.0207865199207065
300,200,1374607.2441490712,1430685.0305517663,1353930.2813691243,1.0152718076140803
300,200,1414001.1504019094,1473668.6074237383,1369567.9149102308,1.0324432509026695
300,200,1207913.7442673566,1247764.200957948,1185785.1301919143,1.018661571571454
3000,300,259570.0204468899,387074.489286981,201771.37439097016,1.286456125059266
1100,500,971178.0356911955,1150004.9617584082,902676.7584433239,1.07588682948479
1000,700,1558415.470784806,1738840.9472781287,1414695.6627881126,1.1015906189416367
3400,400,313983.2192298203,421935.450527963,229629.25199896639,1.3673485259240126
300,200,1310862.02229915,1316313.9425837954,1288690.0866561602,1.0172050176163927
4400,100,84506.29661158589,83780.01070512724,70156.3045836674,1.2045431570701517
1900,800,1023323.1206394383,1329091.637606078,864549.8289879913,1.1836485143225357
300,200,1329532.5289589406,1329833.641524818,1316282.2744100273,1.0100664232942378
3100,500,403838.37218736066,576295.6789350349,315147.7653245843,1.2814254664678648
300,200,1469761.8282758812,1508738.4064206085,1444386.097875774,1.0175685230129443
2600,200,227732.51479497072,320868.54614127125,156222.72477336045,1.4577425603435918
300,200,1358992.172650729,1356248.5855308252,1337023.7404434013,1.016430846770187
4200,400,245579.1658532175,285112.358745494,181257.78073359368,1.3548613740017106
3100,700,566892.1337468388,769249.5440678624,456130.17152091675,1.2428297208592851
300,200,1431549.9065954532,1482731.7102346998,1418009.510629458,1.0095488752822148
3000,300,259497.92140290161,339598.69796734094,182148.61289322504,1.424649451242423
2200,800,919422.1608692858,1157335.8028270698,742569.1081251181,1.238163762549585
1100,500,990179.6800786924,1150538.040877916,895582.4311491157,1.105626512579305
3400,400,323622.46964686876,474594.03257633554,244258.29723172833,1.324919043957174
1000,700,1473635.7457880965,1707521.8077911658,1378010.8965838985,1.0693933911852604
4400,100,63363.56411694153,70215.85853395613,47459.96348180299,1.335095087909966
3000,300,254339.42710904375,350926.1516529261,199557.73522844282,1.2745155020820909
1100,500,1033265.7495595438,1211900.7387541204,939109.7401209815,1.1002609231019504
2600,200,228436.4340819801,359929.6195887749,158027.06710502662,1.4455525769528998
4200,400,249743.10168987678,266545.97387191944,188280.83162694392,1.3264393381516024
3100,500,446658.30448251514,683245.4583862766,336379.24306550383,1.3278414577903561
2500,700,717928.1528969307,908112.1120686665,570096.5798888471,1.259309699835257
4400,100,85488.11070845787,85795.85185182525,67742.26274582943,1.2619612520061705
3000,300,264730.7919978922,347843.84806230356,202193.698799836,1.3092929877105888
3400,500,385274.74552503956,544763.5934695106,300438.7834155387,1.2823735376140293
3400,400,307581.940478341,410829.64723748516,241230.39315536697,1.2750546747243396
1900,800,1015195.7104351304,1293464.1565357451,861680.7640618309,1.1781575645830291
1700,500,673707.1075593964,859009.359901716,587354.4317892954,1.147019705813812
5000,300,193009.60779394352,205215.62877167814,148288.0517849619,1.3015857007403
1100,500,1005484.1224057804,1188668.50836774,930529.4153431677,1.0805506046630136
1000,700,1561070.2744143181,1811467.2935375343,1439772.9157720117,1.0842475624548515
3800,700,502648.62234492745,619931.8902822604,375063.5394005573,1.3401692501176792
3000,300,255769.72692034207,339258.45957237884,201497.15381078626,1.2693465991113695
4400,100,109569.18184558066,120052.44265259683,96621.71431835281,1.13400163326194
4200,400,243678.50962145638,279568.3213318613,185890.3468563061,1.3108723166234164
3100,700,567014.3418718174,766565.5829899267,456353.4396090686,1.2424894668429485
2600,200,189978.8354023068,280965.9679227776,136821.3611759901,1.3885173613931634
3400,400,297546.45852243673,403113.53053686547,224826.85539388418,1.3234471389156417
2200,800,890582.5762211174,1206063.5886163884,746656.6704896288,1.1927604900885804
3100,500,404091.01567987987,595724.1591142308,320304.65622182464,1.261583332713183
1100,500,993902.3221925948,1157903.944903295,892451.9768552567,1.1136759713332922
3400,500,391872.4089138349,543558.1996251009,293677.2158946477,1.3343643555052402
3000,300,253593.34221840496,358054.4182281772,206246.42133295425,1.2295648117404963
1000,700,1535851.4453175853,1719527.058501915,1433422.2741272766,1.0714577783805344
4200,400,272996.02959217643,299509.9086394941,197732.90728282768,1.3806302316776033
1100,500,1065570.9131070552,1276386.2550618039,915129.0345403902,1.164394170535986
4400,100,63936.58029334346,72301.71628415865,50459.111537190256,1.2670968303954342
1900,800,968523.0651794306,1284044.0388148462,818609.8897306726,1.1831314003524687
3400,400,302489.1803250856,408738.35694990924,228115.9440251483,1.3260326086270329
3100,500,410864.43316887267,565807.8294335131,317787.3142787185,1.2928912348229231
1500,500,776576.1104787267,989930.0081168648,680994.5757418879,1.1403557945123286
3400,500,379335.4563631807,467622.91697166767,287340.6095606504,1.3201595727913025
2600,200,205685.45253744966,282182.68441160215,148695.00999878772,1.3832707132480544
4200,400,255713.7349375793,299580.75907238724,195281.74684005897,1.3094605055280244
1000,700,1587636.9808862132,1823464.5568900579,1449056.9122796648,1.0956346624015847
3100,700,584664.7879857522,759802.7855333758,444519.64405932213,1.3152732298771648
2200,800,915992.8446818748,1203904.2599376128,744178.8416897631,1.2308773017544865
4400,100,61124.81595765724,68562.60470545564,54138.05797390288,1.1290544627057422
3400,400,311823.3599657297,428054.1181665054,235079.22609232672,1.326460721983413
1500,500,760205.6566670871,897703.4254979888,665668.3560278681,1.1420186190062205
5000,300,178583.41895543455,191385.09262123032,143441.4983667211,1.244991309968542
4200,400,264081.6341791931,299837.85622452997,182002.69246171578,1.4509765246178576
1900,800,969959.0792005985,1267951.184093696,826689.3931336951,1.1733053396558257
1700,500,641953.5766129196,808759.7014739313,574681.2191213008,1.1170603027439796
3400,500,414241.7219145263,656287.4438070934,306698.7216185476,1.3506470445277363
3100,500,433048.8854517544,596959.9010365923,333232.4884300257,1.2995398122553972
1500,500,738337.7129405927,911091.576108004,651305.3816708076,1.1336275328272571
1000,700,1429189.9671721358,1626216.383393751,1314246.7835551559,1.087459360795275
2600,200,186773.06847421842,219616.76212556413,151878.72397038777,1.2297513673517175
4400,100,105373.83141132462,107475.79678158855,100419.32952364009,1.0493381295333004
3400,400,326395.5565213243,446410.0635413024,245563.35050587045,1.329170480240379
4200,400,251008.52791090708,249099.9077694141,184665.28802035813,1.359262103894886
3100,700,587385.607507024,803622.5993236596,464442.87605548766,1.2647101243013752
3600,900,622150.48611927,797321.1752465026,500175.17462399846,1.2438651850063633
3400,500,381855.7751366257,515246.1242189599,292042.4806728401,1.3075350348239192
3100,500,422827.1822521059,562276.671387479,330187.8570572531,1.2805655120708743
2200,800,835675.2410742211,1109277.0531952602,706981.2684037627,1.1820330727588106
1500,500,856089.5234541647,1075950.07666965,695183.7690020413,1.2314578700292569
1000,700,1460772.9476817974,1663069.7878274573,1355417.0730965892,1.0777294876067276
2600,200,227315.2696698615,301467.4913850081,166659.9343702816,1.3639467129803202
1900,800,996401.9563468874,1293464.1928964572,845863.70380953,1.1779698689746065
4200,400,256671.31253376478,282967.3698391647,190302.23064616925,1.3487561951441136
1500,500,765045.3780762729,942513.9985234503,661962.9561917708,1.155722342043924
2500,700,686857.1426418825,965422.2198473633,565601.4126859368,1.2143837112784508
3900,600,408916.4806174599,528628.3541253139,311827.93967793765,1.3113529244358197
3400,500,370137.4463717524,515033.7507397297,289747.2571364786,1.277449353722123
3100,500,416768.1133335366,606949.5747373567,316676.5079163814,1.3160689312753961
5000,300,198642.89505864488,203420.3334144548,130823.99861272547,1.5183979786971789
1000,700,1478954.4255463076,1663261.9490453596,1375968.0356530405,1.074846498773781
4200,400,261053.7279840078,293301.8522513582,198789.37898094274,1.3132176845777768
1500,500,747529.8492216264,906306.9893594672,656760.4495093515,1.1382077739000367
3100,700,586525.0785534241,800870.1867374462,462394.28197654086,1.2684522742069309
3800,100,84341.27723717957,88459.74375221666,53394.05996708441,1.5796003766930826
1700,500,741992.1519228977,990596.4658622408,613397.4432370953,1.2096433725044025
2600,200,188057.88266495193,270030.0604928965,154271.97005116168,1.2190022763213935
2200,800,867787.4594003262,1150456.515318543,713959.0213427367,1.2154583574954845
3800,100,91309.72173998633,111161.43958801962,82739.16147748545,1.1035852927375032
3800,100,76799.80978114875,135696.89540862097,54290.25884700422,1.4146149127337717
1500,500,793688.3615526055,975734.2211420868,688680.4760887198,1.1524769310439373
3400,500,388850.0890021411,513891.0968020557,303829.62180384697,1.2798294211523047
1900,800,1001765.3218017352,1302222.7017258506,842413.901061735,1.189160483390839
2900,400,350505.7974468139,496276.4609138317,272596.3306510836,1.285805266012375
3100,500,459866.158248874,694364.6533076158,324723.2058046546,1.4161789180090754
3800,100,90426.06306555559,99892.45261171197,70156.3045836674,1.2889228359757001
3600,900,672297.7297580163,927853.0212820249,514319.72301368375,1.3071591457131997
3900,600,430963.5400770737,506060.2951530836,313626.70653439104,1.3741289599960007
3800,100,72798.48379288171,90992.12556152763,54953.641926298194,1.3247253728973298
3800,700,462651.8012785821,594443.058743121,372106.19255653734,1.2433327112885588
3800,100,96663.00705391854,108860.45061608356,67742.26274582943,1.4269232106491694
1500,500,775455.3051163164,945203.7647073616,682388.2379183229,1.136384336696514
4200,500,344346.30562080926,381110.95339503116,243212.34847924564,1.4158257496954099
3800,100,114591.3982633187,142694.53718379867,96621.71431835281,1.1859797672990846
2600,200,222146.71117761589,321663.005614552,163616.48199570668,1.3577281974773485
4400,400,239317.12823559146,258446.1225322193,179665.76338366873,1.3320129763651172
3100,700,578215.995108044,878519.9575366138,467437.71363860153,1.236990465760943
3800,100,72594.96191974469,106128.32968772027,52334.75393739521,1.3871272234619751
3400,500,382970.8607841272,524067.2139673504,301053.6343757307,1.2721017687704095
3800,100,77964.92360852714,118526.6994630507,54138.05797390288,1.440113046650287
1500,500,752839.1520548111,942354.7072651231,654464.7830271883,1.1503127006660283
2200,800,897295.0601673413,1181691.3231642563,730518.6532900486,1.2282986288251219
1900,800,1021082.5031046643,1346773.82247961,862817.7195438473,1.1834278318304452
5000,300,177597.39568176665,185874.2070264636,131967.49793690105,1.3457661807506807
4200,500,328538.740086139,352276.0928508302,237738.69858138147,1.3819321046450304
3800,100,104928.68033160895,157385.45053843444,100419.32952364009,1.0449052072878788
3900,600,418002.3341397582,517061.5003337681,296948.07962872845,1.4076613482814329
1700,500,689482.2771631676,886856.0695431586,584084.9613456802,1.1804486038720485
4400,400,234822.03446949265,251780.97448964714,173018.7907002485,1.3572053851440737
1500,500,804494.8989134844,1091459.439644937,671094.6253296195,1.1987801251102899
3400,500,371000.79636779847,548223.7181335336,288734.4631002301,1.2849203811150551
2900,400,330464.3865964829,462195.65679640323,262511.2686486529,1.2588579084533662
4200,500,315298.3805010897,360517.1482867589,232609.0648824313,1.3554862131467338
3600,900,644197.7862013583,825287.5174860811,504937.11340266885,1.275798053068906
3100,700,545500.1353706642,736260.3489377255,423950.5753403728,1.2867069113721668
4400,400,241313.99972175033,249349.28714659365,179722.61200753736,1.3427024959532075
2200,800,869630.0376844456,1151273.2047994244,727539.2781896803,1.1953032142104087
3900,600,479640.779628732,580940.8026062183,321462.6423128772,1.4920576032654558
1900,800,987992.7005620303,1217136.6835762653,839775.7621248032,1.176495851776203
3400,500,412087.9300689528,600960.2367669342,296071.1582336557,1.391854351931633
2500,700,696751.0340741512,934066.265758276,565878.265115245,1.2312737156148823
1500,900,1350897.9202691983,1624933.582237697,1200420.4190975963,1.125353999963381
1400,600,972632.8759750263,1161150.8471271123,868663.5462456835,1.1196888371552975
4400,400,250495.80530779887,273462.84962592175,177440.7856355649,1.4117149245623681
4200,500,350195.1509518443,385918.2232982034,248279.91750072903,1.41048520749092
400,400,2012409.741278374,2049512.6067368302,1976323.3972203562,1.0182593314984645
5000,300,184219.1307548492,188565.1350818361,144863.04739585196,1.2716778644829487
400,400,1932905.4069982474,2001333.6237521514,1903206.6977027336,1.01560456325178
3800,800,555143.2896038792,730225.976755876,429908.43101980514,1.291305891087083
400,400,2021770.7048800199,2088818.9040925698,1976948.732082911,1.022672299018035
3100,700,545007.138520919,716699.2830842668,437231.3139021255,1.2464961250303292
4400,400,254523.66508987205,279125.1843394013,188745.047860881,1.348505128873499
2200,800,901447.4313449978,1251777.340077755,745160.7577878681,1.209735512671242
400,400,1982367.972202377,2050533.4693705526,1951848.6419912141,1.015636115195914
1700,500,680068.4158673956,845402.0284502774,579494.5142729572,1.1735545360953414
3900,600,414266.1169601112,505376.75597182394,321599.2340352436,1.2881439789583342
400,400,2128141.26023175,2178325.7258100617,2076195.5264696907,1.0250196732917476
1900,800,987564.2660238326,1199139.4518968535,850563.9978836656,1.161069911824442
4200,500,310353.08580053673,351028.943588502,236415.34149706102,1.3127451198186937
1500,900,1404858.8491430362,1735305.189695431,1234367.335232841,1.1381205651217552
3600,900,650045.0342646865,908147.9599200576,503935.4060802334,1.289937215011224
400,400,2081070.6803897333,2122602.056498861,2050458.341820619,1.0149295101220799
4400,400,253186.234503626,276758.45755249803,186405.30380187446,1.3582566018225068
400,400,1938091.3053442053,2014875.4408693998,1911028.2708480156,1.0141615039971024
4300,200,113738.86434206873,130287.66908009161,93877.47047643333,1.2115672031301838
2900,400,326138.02081825,463564.62313086144,272682.5837355739,1.1960353915910997
400,400,1994800.7589836402,2070687.8200792277,1938985.5242137604,1.0287857924016799
4300,200,154537.00165932137,166084.06029228706,115155.9162563489,1.3419805658556538
400,400,2033669.8273631565,2101200.716687124,1998173.421784777,1.0177644268467319
4200,500,300199.7105142766,345220.192572402,234557.30339619695,1.279856590128005
3900,600,390848.2334583862,490057.506741857,315394.85998267075,1.239234632675565
3100,700,546480.1032158346,714879.6185511977,443860.6566622711,1.2311974377842763
2200,800,866937.5636645771,1135312.8942586898,725260.885471421,1.1953458142183775
3800,700,480467.6283849488,609759.5187293595,372288.3323126612,1.2905793351090968
4400,400,248043.13505507074,263589.21876983717,173729.84280436506,1.4277520260833305
3800,800,551685.2795637927,706037.3389883154,432274.91449399566,1.2762370914110857
400,400,2125214.1134871044,2196043.7754302453,2087288.4792998987,1.0181698095703218
4300,200,178582.8716477203,189657.78723973152,137320.72161632078,1.3004801427324824
5000,300,180487.96129994674,177658.62239806002,119734.6411370657,1.5073996930707292
4300,200,178733.26557907704,187627.2901727749,153927.2635835206,1.1611540504135367
1500,900,1394908.4566760715,1709988.129256326,1211849.0721664052,1.1510579070563745
2300,300,330639.3685984184,438388.71445449925,273121.53602151095,1.2105942776053273
1400,600,980370.934582226,1157717.3715683946,873674.3967743751,1.1221239150440676
4300,200,142730.4866419202,149690.68398186122,112828.85828240226,1.2650175568087056
2300,300,308283.5359789724,446491.2244874858,259321.6819770739,1.1888074056461932
1000,600,1317980.0813357616,1516237.6367246874,1216128.9647439567,1.0837502596718833
4400,400,238907.3394162348,248580.75103342405,176271.41129216005,1.355337985127147
4200,500,324878.8114797654,354535.84900820925,245957.31288882848,1.3208747797086604
3900,600,401552.8798898269,481173.70892583695,310961.5915971543,1.291326294760004
1700,500,702542.5479115341,912925.9586098146,607659.2436076939,1.1561455787959625
4300,200,133323.54298354714,148920.53770300635,89908.61069694141,1.482878469037256
2300,300,343768.94709065196,449023.66491603456,274818.51629007777,1.250894414726391
2200,800,865525.0712298178,1062028.1652254711,734577.9981722566,1.1782616323703918
3600,900,614549.8659942012,804263.6839780512,495049.6616047497,1.241390336480749
4400,400,243803.61714878617,268587.3103173096,181652.12925316155,1.3421456613316463
1000,600,1327023.5951329283,1572146.0813003923,1223144.1554841253,1.0849282066901487
4300,200,117927.80454762102,137262.44583994144,91833.64705186237,1.284145934888355
3800,800,557743.3146437996,729225.3883802912,430840.38203091547,1.2945474424070538
2300,300,313372.39040307835,464181.21797603776,258786.04698783005,1.2109323282712199
1500,900,1375917.4585108755,1725715.6250868246,1209444.9745925602,1.1376437022067885
2500,700,688707.3670777094,863671.9215846066,551204.3586335594,1.2494592183287905
4300,200,152791.68564901245,173351.15949732452,115640.3076979828,1.3212666819259744
4200,500,323918.39977548225,351931.84786207223,243710.08497082963,1.3291136467095852
2300,300,325704.6957510829,446752.8349259491,263180.0535534393,1.2375736358186726
2900,400,337781.11743453576,477231.5498492604,269220.50234361575,1.2546634245686594
1000,600,1286739.174796097,1531542.2815499743,1158097.510552041,1.111080166455703
3900,600,401478.9706645737,497906.23661743314,306273.2891359544,1.3108520556827195
4400,400,258322.52924293562,276774.3948706696,189753.4981181726,1.3613584561274352
4300,200,128333.81028072668,140395.26892779826,93280.7260774466,1.3757805677260397
800,800,2160578.840723105,2411760.060029829,2042065.0473440746,1.0580362479310688
5000,300,177138.94941133683,181377.07295053516,123414.4751336362,1.4353174473215273
2300,300,300816.5883240333,431577.5727303558,237585.14725203265,1.2661422307048686
4300,200,160666.7059538874,180846.9072098,124828.15119872103,1.2871031446914
1000,600,1422525.4788736256,1664435.1366404784,1253704.305020221,1.1346578879703868
4200,500,307142.60656058474,351982.0375123387,233737.42250971007,1.3140497711607357
2300,300,316978.70761284453,422457.72737590154,260292.69812405587,1.2177779472775376
800,800,2166000.881672671,2376449.9448190625,2053305.8438464794,1.0548846817749657
1400,600,970345.739294293,1181871.3318768945,827212.5075371722,1.1730307876790522
1500,900,1367670.2586010573,1621121.7636043502,1188119.1878513992,1.1511221033929764
3000,600,504350.02609989693,679723.6573472708,405376.3215813189,1.2441526533481158
3600,900,651121.0705214824,766531.0905497764,490619.1663940211,1.3271415287485133
2300,300,318006.7080434241,433343.85563607723,263730.91147804697,1.2057999051426898
1000,600,1355217.548068138,1519954.749797597,1254237.01273745,1.0805115255770452
3800,800,521385.5289787554,661834.5090743364,409304.9448653363,1.2738314929234347
3900,600,423479.1175200622,514768.1427692524,310929.9516514588,1.3619759539755338
400,800,4157892.654144281,4288351.144643928,4084130.094688149,1.018060776161873
4200,500,367014.4214957203,386439.88038076786,288145.1780149138,1.2737135635034793
2300,300,313757.73184671847,390253.7658357349,262822.37453580817,1.193801450127187
1700,500,686313.0651821812,866252.0483858748,602107.2687514614,1.1398518184398108
1000,600,1313758.9602346108,1442208.0347162841,1230039.953932416,1.0680620219160741
800,800,2176210.017833291,2411740.2749786894,2046491.8146468485,1.063385644769279
400,800,4169551.4384975107,4347207.985817783,4106611.687692959,1.0153264432069813
2300,300,321342.75624965766,425649.4752935209,269017.07130385336,1.194506931073912
2900,400,372776.1153256215,512685.1455156447,286371.7967544401,1.30172076842215
3000,600,507975.31775529264,701668.1801497,407714.71849470836,1.2459087070261987
1000,600,1300973.2079623716,1501416.730808699,1212750.2072289018,1.0727462260633678
5000,300,173019.96883747212,176991.26364060256,120898.29228647175,1.431120039541143
3900,600,378187.91236657574,452546.726938638,298749.6734827935,1.2659023454576512
1800,600,784869.1141780217,981110.3076166201,675627.2026355315,1.1616896287129233
1500,900,1356073.9929544495,1652861.4010524969,1177485.9993456504,1.1516688892335396
3800,700,474496.7420862964,586852.566508709,362634.446469447,1.3084712351678762
400,800,4137976.8202516655,4327430.509525482,4092983.629293697,1.0109927610352385
800,800,2055317.4786130143,2263755.0827671844,1944198.4881103474,1.057154138932938
1000,600,1309697.5822329423,1524429.6136557076,1194465.827630222,1.0964713698267416
3800,800,536561.474947392,685150.7470392337,413344.69656684756,1.2980969137960559
3600,900,645041.9079084558,803640.1829958006,500351.7201562117,1.2891769567756683
3000,600,497590.061626178,755354.3479582426,386032.50351734704,1.2889848836364057
400,800,3946599.983378097,4129962.907908093,3888396.976220695,1.0149683809326413
1800,600,800996.7102873278,1077321.4704470641,679524.530824514,1.1787605508743344
1000,600,1316809.9957820128,1498016.9644907073,1212626.8114406893,1.0859152901440026
4900,700,400480.6268945488,395423.9184451173,290865.60198410565,1.3768579858282213
800,800,2083927.616370434,2290517.9166712905,1963387.3086925258,1.061394054623985
1400,600,1053092.8416121213,1317555.5570217913,895503.0750144436,1.1759790345724228
1700,500,667685.0462866618,855277.2606839,577468.9262004602,1.1562267959243997
1500,900,1362027.9480434523,1644400.880425468,1200844.1283749081,1.1342254301452703
400,800,4002509.199298425,4124601.7923572226,3926774.6173850517,1.0192867147449902
1000,600,1259586.866153822,1411798.8368648344,1165123.7265828946,1.081075629493849
1800,600,773231.9549901459,1053210.7079040357,643387.505862245,1.2018137560098994
3000,600,582423.3618401588,816691.6414859666,417901.4350067403,1.39368595810341
100,400,8028341.848768059,7905293.588881425,7905293.588881425,1.0155652991888497
2500,700,708560.9235712999,965603.2646556549,575909.1663088046,1.2303345128411567
100,400,7744271.066385911,7612826.790810946,7612826.790810934,1.0172661587064658
3700,900,609024.9738113071,764952.8812112164,486656.9266611877,1.2514462251460206
800,800,2125758.312824446,2369496.3045757865,2008926.2965476336,1.0581564472910676
2900,400,348869.15451693576,477655.64924420876,282821.84025111987,1.2335297521831126
100,400,7990064.297646795,7907794.928331653,7907794.928331644,1.0104035790078978
400,800,4078979.0391407046,4240400.500254052,4017852.593095267,1.0152137104657557
3800,800,549353.7419897462,731613.7150360779,422931.851904765,1.29891787415777
100,400,7964531.8398553375,7807394.567964859,7807394.567964857,1.020126723521217
5000,300,170668.82601572786,175456.8583392843,123747.85279977255,1.379165958474243
100,400,8350178.249546921,8304782.105878764,8304782.105878763,1.005466265470833
1800,600,849157.3270275745,1163911.9106521073,696502.3916779006,1.219173598215395
3600,900,603630.6545592933,747846.8862632518,486935.0273531127,1.2396533842318063
100,400,8328044.60560981,8201833.367282478,8201833.367282476,1.0153881739210646
4900,700,381627.8627432408,375599.31774268544,288572.1493295596,1.3224694885832806
100,400,7721209.9486551285,7644113.083392065,7644113.083392062,1.0100857829315177
800,800,2110309.911843515,2382635.626239164,2000733.0150216208,1.054768375390012
3000,600,531201.3884228963,712930.2614706835,418079.0042458166,1.2705765729162697
400,800,4066138.3173977584,4261460.100113593,4001466.0300432416,1.0161621482898902
100,400,7866000.610900114,7755942.096855038,7755942.096855042,1.0141902186311706
1500,900,1310007.3386470499,1539518.1509364669,1168644.0656474705,1.1209634970603808
100,400,8092331.663714726,7992693.687139101,7992693.687139108,1.0124661322547546
1700,500,732123.6191814668,970537.0394469905,592142.3164673113,1.2363980732694062
100,400,8471542.954110373,8349153.917199598,8349153.917199595,1.0146588550318436
800,800,2188884.8551797923,2483941.5950591806,2049192.0839166373,1.0681696812902766
1800,600,813721.8058696913,1025755.9535429088,696798.3404096944,1.1678010102481728
400,800,4183472.714449665,4373444.555911619,4098384.1678332747,1.0207614862667633
3700,900,655140.0756081517,831294.3536701688,500419.1899592599,1.3091825588492878
1400,600,1006737.3180409585,1211277.1643872715,895883.58052675,1.1237367666109364
3800,800,558102.7793903637,709990.9721890222,421206.9505308675,1.325008475493958
3000,600,507243.23573799536,696251.3433048159,410013.317977472,1.237138437941827
2200,200,205883.53509517544,249132.16186748486,183487.78320393787,1.1220558202850255
1800,600,780462.7290584557,995116.5063206515,683355.5299624533,1.1421034803089072
800,800,2107771.011430182,2324003.274843216,1994467.4350464076,1.0568089377609406
2900,400,339679.7706550979,477647.75473852456,263590.1063238642,1.2886666172430044
4900,700,382552.03539889003,403943.8173363196,288713.40056900255,1.3250234822663176
3600,900,652653.6335948999,796304.3158409378,494647.52257929184,1.3194317242138411
400,800,4042936.7394090057,4149263.735549648,3988934.8700928153,1.0135379170317047
1500,900,1365136.4565064223,1654658.371342472,1187154.0541903004,1.1499235938991212
1800,600,781100.5420337566,968157.6279328811,673750.1151271677,1.1593327028765361
3000,600,503370.5888140978,684629.4563178436,404250.0690763006,1.2451960489809801
400,800,4085843.5506127225,4234961.032600779,4040178.989947411,1.0113026083198124
2200,200,241297.14298235235,328346.2594617946,195204.53484408485,1.236124679045407
800,800,2114594.1684282618,2306560.7413272928,2020089.4949737056,1.0467824191401907
3800,700,506317.0144875217,624626.1162918287,378887.6094136873,1.3363250787509944
1400,300,515066.8596026024,611262.1486446545,448699.6663210537,1.1479100571339886
3800,800,536906.814600664,728529.7667515264,431408.8597719236,1.2445428563625578
1300,500,889957.8541783184,1045805.3833475785,785762.9720098707,1.1326034515242325
3600,1000,728873.2113332313,949275.0769356632,568590.1602105895,1.2818955767072675
1400,300,477839.32712925674,586723.207005494,426028.47753376426,1.1216135829591023
1800,600,777237.4897964873,1038810.3085889863,663592.1264612345,1.1712578537380998
3700,900,632726.6156438162,809997.7638435307,491290.1643917859,1.287887813563554
2200,200,259731.28518184077,345547.12738303386,184626.85655033507,1.406790377276612
4900,700,389631.0681226437,387584.50742741884,281226.71358855075,1.385469620402755
1400,300,519723.9671743561,618762.3661639212,451487.5624765563,1.151136842670706
1500,900,1387381.9479079656,1698095.9157019628,1213624.7074727179,1.1431721349815662
2500,700,704566.3371373476,955791.4948324815,573368.9096509106,1.2288185237778502
3000,600,515816.1223615382,693902.4086691926,398155.2758767407,1.2955149752209298
1400,600,972401.8329177572,1138739.585467117,878599.9670945829,1.1067628833783878
1300,500,874137.7126833128,1019432.0951063203,768078.8723398478,1.138083267438891
1400,300,488805.2489665733,608932.9285500979,425148.5057657208,1.149728253392782
3600,900,633088.0510784615,842040.2902050389,505676.96144696575,1.2519614286300806
2600,700,694015.7154136279,888696.7605098487,548169.7883546606,1.266059768628851
1800,600,793310.3166300409,1015149.0767344865,673681.5619114941,1.1775746309266857
400,600,3088503.4045119765,3181651.5205261605,3040322.411859892,1.0158473300279396
1400,300,493507.69356993685,584533.7407677909,432367.2308377932,1.1414086414774598
2900,400,343770.73446510156,488550.6752744686,267446.279201898,1.285382378438645
1300,500,816257.5054034007,980858.7561966185,751506.2096201626,1.0861620236191605
2200,200,258323.27904648028,392823.5420412728,186759.2611241224,1.383188589907708
1400,300,456551.70943764533,560449.532643471,390318.45619976794,1.169690293107684
400,600,3106309.8123457953,3285980.869447343,3057860.388710313,1.015844223567027
3000,600,515378.32315034134,706653.0931826342,404208.93714689644,1.2750295102036402
3800,800,521916.68278412067,652582.9513089047,419887.8810624016,1.242990584685525
1400,300,475993.859938218,554998.753603154,427623.7183466632,1.1131137949470389
1800,600,756965.1336339059,941085.2510121881,647290.9592127192,1.16943566546114
2000,700,844326.6275436004,1059923.8322572792,712620.7248610589,1.1848190742813725
1300,500,907802.8608942578,1183137.7588754,802135.1180792784,1.1317330963740897
4900,700,390425.7523940989,398402.83578470565,293831.20730041055,1.3287416131906333
1400,300,492307.57159627014,597410.1888486509,433272.21171393426,1.1362546645878913
400,600,2963373.6236332557,3093957.2881677626,2895243.7763801026,1.0235316444884428
3700,900,637366.169052166,799574.3505326596,490315.53024022706,1.2999102205469455
3600,1000,705129.3742720812,980567.5169158209,545931.905349983,1.2916068237851765
1400,300,490482.7193260291,576971.354068107,431779.61530882766,1.135956172861969
3300,300,251144.31924071666,344082.9692085203,190357.43419681065,1.3193302394539446
2200,200,209800.0067832925,310700.05702581326,161697.9722988974,1.2974807525444962
400,600,3207171.00543616,3389968.512761305,3134260.7625505524,1.023262341077925
1300,500,849888.1549521859,1062148.504608386,763803.4109905049,1.1127053672751288
1400,300,489551.0846222616,581799.9679814385,441956.6171420448,1.1076903606240607
3300,300,244862.32189598854,345154.96227028343,180739.3541052333,1.3547814371042868
3000,600,484424.56162767304,620517.1752592957,388374.5755276315,1.2473127546249687
1300,500,846310.8811161554,1001443.7771829995,757800.5186646363,1.1167990259593492
400,600,3179835.0454875687,3272026.1147188945,3135592.5318436245,1.0141097777197252
2000,700,853244.1474100061,1078039.140202513,707001.765857421,1.2068486793314142
1400,600,966024.8741872306,1165811.731578897,866250.1480206442,1.115180039385354
3800,800,534976.4028073229,653579.451819621,425281.9989418328,1.2579333339723446
3300,300,250278.400156881,331936.16146551317,191540.1780203572,1.3066626686035605
400,600,3113743.7993198135,3203544.72734169,3075099.8848310397,1.01256671845991
1300,500,900417.2584365282,1081087.3840127513,794631.3185639074,1.1331258124381527
2200,200,224854.70652450513,276500.6125796025,175730.46636220365,1.2795431047286356
300,900,6040983.69067268,6125064.82057203,6002102.095487982,1.006477996302983
2400,400,407991.75961649034,561240.2996374555,329387.2328700594,1.238638656579139
4900,700,381460.7231234944,388459.66120119515,292535.1579851585,1.3039824879539692
2900,400,347640.76317454287,464836.3489973587,275610.12714272784,1.2613497434893353
3300,300,245788.9532230805,358993.5372197195,180366.03274909366,1.362723066404617
400,600,3068088.833411581,3172906.6472945837,3031875.5180722545,1.0119441959682935
2000,700,827127.2805886405,1143384.9348735232,707347.8313940563,1.1693359955009974
1300,500,885897.2986448996,1065246.013318576,787371.0437519111,1.1251331956830668
2400,400,394643.73773008684,545069.1082615987,317201.1162837889,1.2441435968245858
3700,900,619238.2964955536,793147.3104594985,481669.9410208375,1.2856071009603747
3300,300,241314.65129977113,352858.4576956373,183428.52217360924,1.3155786703191912
400,600,3078932.1730948156,3173949.108268587,2986164.569075555,1.0310658042694476
4400,600,355911.1657781917,369753.12591639505,276392.94653271744,1.2876998861331703
3800,700,483658.0230393055,642944.5717066865,377216.3879282307,1.282176592845501
300,900,6209674.278045083,6361592.74534315,6171836.676164205,1.0061306874867586
2200,200,212513.36591594887,255634.48678301458,179493.03741954916,1.1839643975672305
1300,500,856992.2634282077,1045212.3020252206,755151.6727236788,1.13486110722262
3300,300,232907.54008936288,310878.80077750765,165589.64808475002,1.4065344227928975
400,600,3073550.46191513,3198538.078347991,3031567.0286017233,1.0138487564079264
3600,1000,720034.8595099278,965921.3914238815,548226.0833972287,1.3133903718116444
2400,400,391099.91038177774,514173.93329592294,329491.45534715184,1.1869804331335856
1300,500,916730.0673626552,1160672.736459013,774339.9523034071,1.1838857915514809
2000,700,817709.7267489618,1021368.9298141897,689005.4482919492,1.1867971853866637
2500,700,713726.181983023,955688.3982032621,579622.7649118659,1.2313632679550603
400,600,2950656.7279670527,3005069.375628294,2912809.316457236,1.012993439459281
4900,700,391828.37869288115,398406.1942423756,295725.90046523773,1.324971462007401
3300,300,235392.02178198536,334503.34015651967,181416.122934948,1.2975253686045973
2400,400,405297.31623726187,539913.4552374759,325308.1069985357,1.2458875371313334
2200,200,261739.82250631237,357476.54745704134,196961.7406194237,1.3288866237837282
300,900,6114882.638593153,6260854.801593633,6059245.360832026,1.009182212379247
2600,700,671777.6648392451,881432.053909342,543847.512198016,1.2352316591909855
2900,300,271157.64052921656,381501.7291382402,216613.6320170604,1.251803212956885
4100,200,118421.43407050574,143147.0111680116,98456.85928016178,1.2027748491705814
1400,600,983722.5956021841,1225401.0692796863,853189.87687873,1.1529937499973497
4400,600,378014.3234155477,395216.9502113446,277987.3080645739,1.3598258353857595
3300,300,229713.5258661322,342040.89631110476,183812.45345439637,1.2497168801629854
2900,400,373702.7352340812,500580.4438426489,287901.85921377916,1.2980212641023319
2400,400,430324.0934703756,626874.4578959027,346032.58774494845,1.24359412584446
4100,200,175529.71504068913,172851.42767059387,115155.9162563489,1.5242787409197627
2900,300,265550.09719552903,366083.0011171363,205668.92018871376,1.2911532620090125
2000,700,855472.4092942605,1122689.3316213663,719886.4578860059,1.1883435226805235
3300,300,242624.66482839535,312663.79082944745,183179.2307370784,1.324520601228206
3700,900,621046.2985613046,752365.1682801106,477359.18892391236,1.3010041766689338
4100,200,177853.84837661686,195083.69593150812,137320.72161632078,1.295171233323017
300,900,6114594.394829428,6286882.8557294095,6047224.872962801,1.0111405683238004
2900,300,275329.002275519,369656.60195871437,217959.51291971683,1.26321167902836
2400,400,413431.6146111077,542850.5478940293,341743.0569701032,1.2097732673096444
3300,300,242428.114643345,326513.3670260618,187496.74666632205,1.2929723792742995
4100,200,176997.93314832522,180515.4864855058,153927.2635835206,1.1498803332671896
2200,200,220872.24397393444,291806.0300334996,182321.41915137292,1.211444299863389
4400,600,382558.828958855,387771.2931070834,277514.5116622374,1.3785182860075689
4900,700,358796.5048388457,351807.78534277924,268213.62929697055,1.3377265942051748
4100,200,141050.5944305667,159857.50132251944,112828.85828240226,1.2501287044625369
2900,300,285342.7281132496,389820.906401459,205244.10623172726,1.3902602776378308
2500,300,311888.43774989503,437702.4407496971,251271.81313979006,1.241239253431033
2400,400,390300.71836865303,519158.1279544029,318504.7118080026,1.2254158381302995
300,900,5989828.945613268,6101960.325126,5940595.939256996,1.0082875534474458
3600,1000,714572.0590883452,956501.4287959721,536817.0705516197,1.3311276751204444
2000,700,835828.2549112972,1078568.8905902775,716711.1370636383,1.1661996189087853
4100,200,144230.93501628138,161177.4059892667,94294.39658459708,1.5295811865860267
2500,300,294572.44847486494,444585.7781509188,238575.94741890798,1.23471142695552
2900,300,279938.1340962352,384793.20007055905,208729.00799065878,1.3411558689952823
2200,200,234871.30821660446,320440.21470139443,193364.93326765334,1.2146530616877598
4100,200,128956.07571424183,150770.25138910318,96313.33715195321,1.3389223084523412
2400,400,405356.4887264302,548419.8348315466,323164.2540356268,1.2543357864132532
2500,300,319233.29977175576,455273.9673624786,252833.03498687153,1.2626249563801348
2900,300,247903.1650359351,344980.49596175743,188429.59954471554,1.3156275109373465
4400,600,428019.87277075206,439704.12362272176,314954.4837664354,1.3589896154269832
4100,200,171315.00844058834,184751.4326399155,115640.3076979828,1.481447186114472
300,900,5949922.389884779,6077873.9760400085,5887429.996728253,1.0106145454283542
2500,300,308933.20240576286,432882.9613737091,238083.16322880363,1.2975852564125698
2400,400,406828.88057037134,542616.8095470988,333028.9036307962,1.2216023178017954
3700,900,643687.8661209011,769914.8933975038,486828.7006925303,1.3222060761931933
1400,600,983967.3652836244,1170207.6637571233,866162.0081719209,1.136008455693338
2900,300,260029.65023299865,350171.26349235716,206439.03644321673,1.2595953493733856
2000,700,866562.8597781988,1157298.1696657238,724528.4561398324,1.1960370257851598
4900,700,367092.55383487424,383013.9959585212,276615.72920338553,1.3270848873708276
4100,200,132223.4806264683,170186.88665811266,97831.00539829765,1.3515498495405336
2700,500,492432.6364882098,693336.7788669625,378330.3198566043,1.3015944285799057
2900,300,269410.1683514636,351185.7828380554,209165.89531017517,1.288021491036822
2500,300,303159.6053644259,405667.1154628618,242125.6492691642,1.2520755495317724
2400,400,428213.0237151984,586575.3406580983,347881.4132166498,1.2309166498887383
4100,200,157726.5584287463,180825.8429822007,124828.15119872103,1.263549583279916
4400,600,351660.17183919554,374207.6435722109,285053.8665312386,1.233662171008151
300,900,6058978.512539041,6196469.2991499975,6004220.641874541,1.0091198964745913
2500,700,656933.906396496,903032.7485438875,525698.7134220623,1.2496395551743917
1300,400,671935.9389055085,794424.4609799418,608099.5068370326,1.1049769508949523
2900,300,267040.00042276987,353004.2785460341,208445.33152839958,1.2811032919985885
2500,300,282428.41396209586,399069.50104013423,218578.33547187003,1.2921153112104427
2000,700,786070.2281559707,1044069.8098741542,657123.3917775779,1.1962292592104808
3600,1000,760881.9182767625,975310.8491086775,560436.3059165841,1.3576599343119875
2500,300,287558.6459512686,377777.818634678,239469.2822741314,1.2008164187926498
2900,300,263260.3661685577,352800.84603572614,213358.36689615957,1.2338881760221065
1300,400,660555.4101606064,756879.5346028964,585602.0608316103,1.1279936570280424
2600,700,679751.7242932072,906096.7527220773,544113.7164569664,1.249282463819249
1000,200,420606.1429613033,450109.0860388206,403673.1230486633,1.0419473552877552
4900,700,385520.24441219727,397871.1348047152,280809.80319449806,1.3728874135678708
3800,700,499394.37595841085,628424.4974494531,381330.76638938545,1.3096094518858412
1000,200,466188.05047936674,535233.4432907206,429449.97665698663,1.085546805959484
2500,300,297333.0361557126,402347.19714587455,242632.4385598032,1.2254463497156296
300,900,5896764.541465609,5981619.965961534,5843220.328237352,1.0091634766824562
1300,400,672127.7014662381,796249.5851800046,608291.9175639726,1.1049426797546624
1000,200,465434.23260550137,560373.4887802564,406179.08441073715,1.1458842920992065
1000,200,475829.523029873,596102.2836451839,410870.37447306927,1.158101320009047
4400,600,355507.7329314288,395519.8541097451,279554.53498464,1.2716936713295028
3700,900,592231.6386926124,695234.8360756527,473774.621208434,1.2500282036678871
1500,300,476842.08678606554,573548.5078840229,418786.3552329834,1.138628517447241
1000,200,396157.1918369579,453306.575852139,355735.5390575743,1.1136283793473936
2500,300,313171.9591488771,389428.0073291023,241796.5845729435,1.2951876872123542
1300,400,673567.4086074841,755790.8937798871,600568.8129203736,1.1215490949857048
1000,200,420044.848570446,479593.30034362,386607.02599684807,1.0864904679044052
1500,300,447624.22148360114,555612.9281400256,397626.5790315133,1.1257401921518062
2000,700,803564.135877834,1053175.8837043135,677708.5365482946,1.185707560908923
1000,200,418066.7713071234,439813.8660538359,394884.6823230082,1.0587059716972074
1000,200,481323.81416276586,549692.0130607588,433315.8293627322,1.1107921325436874
300,900,6027994.460737235,6118463.37217873,5935770.270951502,1.0155370214101884
1500,300,484515.6020418921,579513.9846589618,421388.3916447859,1.1498076635445622
1000,200,427716.7410718393,474518.30265458877,401107.1221330204,1.0663404299512642
1500,1000,1558858.457926167,1857960.7627221842,1364616.3845054149,1.142341888626196
2500,300,302745.24028074276,376027.2218049999,247495.7055995451,1.2232343165201942
1300,400,720986.2436829802,890984.7822947166,638829.3927599048,1.128605308168644
1400,600,934301.015199023,1128751.6030608958,832231.2332734962,1.1226459400280446
1000,200,472653.2722487892,549079.2681734354,425402.85318883735,1.111072172426115
1500,300,456530.657127279,579982.2207069591,396805.27204800607,1.1505156037141746
1300,400,693509.5134392933,819996.9478256325,630910.259021729,1.0992205365540082
1500,300,456669.7230391275,576639.2673529458,403542.7487819403,1.1316514159095818
4400,600,358425.4693570433,375163.4998638412,275625.0470974777,1.3004096439402415
2000,700,794172.2913676003,998208.1476356924,687984.0178265203,1.1543470063106265
2700,500,449382.4805601193,633392.3752601149,369815.7533488156,1.215152346785658
300,900,6105302.218356525,6248280.828713819,6068123.537363589,1.0061268826786425
1500,300,435523.8312486126,539890.8376843887,364297.2257864501,1.1955178365918036
1300,400,656682.1827021026,780457.8658802767,588008.6987224664,1.1167899116608977
1600,300,453717.24163304275,552675.8630239358,392612.208030922,1.1556371206809446
2900,600,520942.3842959136,696310.8676517362,419354.81542895065,1.2422472930543336
3600,1000,719539.6167872775,938951.9305921431,559776.006270207,1.285406320970377
1500,300,441710.79665462533,564653.5304295081,399115.47045688564,1.1067243175238957
3700,900,631061.1069016331,789159.3322134159,481278.6706176894,1.311217690349144
3200,300,242873.5835627309,334109.6553560803,196306.104015461,1.237218703823913
1600,300,429355.54984047933,555992.6135771947,372774.91784204374,1.151782293524401
1500,1000,1520956.830738753,1885562.001889651,1310236.572839959,1.160826115120611
1300,400,685232.9767520028,838392.5761988683,596610.9305273109,1.1485424448163628
1500,300,466909.8936419879,576665.1352657911,404387.397599672,1.1546103968952335
1600,300,447138.86688144476,556099.8500343751,395051.61716698675,1.1318492253948702
3200,300,249420.560992131,335582.33462378354,186387.45892102187,1.338183171958035
1300,400,685105.0760673955,811402.5887871595,614822.5913183929,1.114313438935763
4400,600,379472.9022974469,404878.0769432506,271469.50627959595,1.3978472481053341
4100,800,524848.9615329503,593722.0474075985,398451.7165549414,1.3172209824338412
1500,300,457052.8478545221,555430.7036919872,402994.3076215725,1.1341421931044064
2900,600,526612.6988297646,755864.533701319,421773.8467186638,1.248566507683516
1600,300,435913.3383632976,552291.3540694561,372004.9425450057,1.1717944804202707
1300,400,719186.3090781068,832875.9739670824,642242.6090153535,1.1198047264112834
1500,300,462867.9091686148,555960.387071472,412492.8426659085,1.122123492318403
3200,300,260566.74803337135,347975.54157853196,197525.80858349337,1.3191529243796556
1600,300,441859.23321822763,573076.7653530732,378321.326983069,1.1679469321537934
1600,300,404161.3119813092,491866.1936599973,341528.64917479694,1.1833891913836383
2500,700,665615.8946201938,883714.7899364617,542166.8292386356,1.2276957178566559
3200,300,259445.9337675875,355206.9521608745,186002.47127250285,1.3948520790752632
4400,600,398248.09640487237,413836.07842017635,275597.00260015664,1.4450378365785825
1500,1000,1510930.86571085,1933573.5708268872,1315742.600153349,1.148348366568622
1600,300,423815.16422188317,535622.4457834682,374170.7535533303,1.1326784902269948
2900,600,517991.914391137,775221.6778218058,399343.9691558762,1.297107141710581
1600,700,1015771.4613958503,1206053.3372474487,890775.9060763236,1.1403221107204227
3200,300,258807.58760902387,358653.073916117,189160.6634915345,1.3681892568568108
2700,500,446483.0153654456,589589.6559681613,361836.3231504487,1.2339364148905567
1600,300,432956.58294508094,552453.8705011444,379113.1852496925,1.1420245979045174
3700,900,616874.2550291023,842044.5535099736,492010.01654299366,1.2537839358707397
1600,800,1186033.19573184,1465593.5441065817,1021032.5236720373,1.1616017788213004
3400,600,444650.80420123396,626172.1547746602,357684.9896305755,1.243135208610455
3600,1000,705985.985188691,925043.8515096906,558214.1837015589,1.264722405488242
2600,700,668795.0873445177,914090.8915578319,530004.1909938072,1.2618675450291528
1600,300,435084.6856802561,545860.7982436669,377807.1633952242,1.1516051780762926
3800,700,438717.547505765,571165.6531169923,345854.416725041,1.2685035271778862
4100,800,499281.24965284974,536721.4142295291,400645.04270175204,1.2461935040701961
3200,300,233249.77725894592,327356.19951841043,170764.32458739847,1.365916316669334
1600,300,432340.81647983333,555981.9221977247,386712.0399992892,1.117991610710202
4400,600,335274.6813382706,356317.94281597575,264800.84695065784,1.2661390067258533
2900,600,584577.0593234908,865424.0736498722,432311.8293173176,1.3522115743319398
3200,300,243030.90504928448,321075.0998967008,187085.37677666516,1.2990374193671204
1600,800,1175522.241615174,1414877.9034544353,1026652.9219232397,1.1450045253979855
3400,600,469287.3565411394,596221.8459982942,359748.2810247427,1.304488113756582
3200,300,233069.24607825655,323711.85840129916,189556.59262484626,1.229549670897106
2200,500,568812.5693328776,739607.1169705683,464314.4834603781,1.2250588547092283
1500,1000,1472080.181142457,1838159.5810197461,1288360.9693238873,1.1425991753809361
2900,600,542319.7530000038,721903.1732652854,432495.52163360344,1.253931488010736
4700,1000,569992.5473100926,593505.5472125341,435515.8673953451,1.3087756152697751
3200,300,250769.69016949766,315735.80501858774,188903.5816976121,1.3275009818020174
4100,800,525465.1375505321,589655.523217347,399315.4760286533,1.315914781907493
1600,900,1280786.4634933549,1544516.0319117885,1125394.1429039966,1.1380781316209625
4800,900,477171.7141140948,506073.649371737,375131.3809679989,1.272012255767002
2200,500,553962.7615535554,674947.328165835,453864.78820081917,1.2205458012055483
3600,1000,703256.8468873156,907968.7077047268,565204.5830358163,1.2442518479061078
3200,300,244895.7996092636,346845.5625141017,193356.0199996446,1.2665537882384719
1600,800,1198643.714425336,1453840.3597396652,1023245.9073234242,1.171413152837046
3400,600,459410.39167944674,641031.9878846009,340616.91486824735,1.3487597697758182
800,200,528114.001185688,548420.189024769,504591.40381082916,1.0466171187166664
2200,500,549514.2204327014,723968.1326211316,444071.851139187,1.2374443888371236
800,200,572473.256223527,637894.4466881444,536812.4708212333,1.0664306202643516
2900,600,515734.61103635066,749530.927769919,424151.7082525572,1.2159201554582948
1500,1000,1559129.1033422493,1990380.611580963,1345047.1341998018,1.1591631725752194
800,200,552278.6405289917,640158.7482616492,507723.85551342147,1.0877539720297669
800,200,579534.8991893586,717833.742818706,513587.96809133654,1.128404353674995
2700,500,506854.66754270025,774068.4231674094,386213.205001134,1.3123701131379286
800,200,486093.9815335399,559554.0959288584,444669.42382196785,1.0931580978865711
1600,700,1004854.4633801021,1217378.2496868635,883752.2073217762,1.1370319135330118
1600,900,1351145.9322505733,1651788.6238122282,1157219.3767807884,1.167579768677275
800,200,517118.43460097234,561170.2772861714,483258.78249606007,1.0700652597145264
2200,500,586120.7300139667,842172.9436426318,473988.93341048266,1.2365704950043126
1600,800,1127724.500843645,1385722.2246243618,972099.2440551737,1.1600919430193883
800,200,523599.5047391337,532268.3766843437,493605.8529037602,1.0607643763924766
3400,600,510660.1843879551,719267.3090914743,368736.560300065,1.384891652654127
800,200,588860.7305537779,662273.7502010278,541644.7867034152,1.0871714175220455
2900,600,513367.31223288714,707039.4888154294,418189.7266306558,1.2275942701153248
4100,800,494450.18997837626,588095.7233420055,379355.80255811656,1.303394298028768
800,200,521477.11280680104,564040.4698005058,501383.9026662755,1.0400754991009349
2500,700,669854.578133287,867039.6563782158,550387.2142612161,1.217060572586941
800,200,582140.3579853708,643699.2746844809,531753.5664860466,1.094755907012137
2600,700,673234.0281776922,966310.5141871864,553758.813758466,1.2157531608541365
2200,500,541568.241687267,742467.3846846442,451338.37922166195,1.199916219447607
4800,900,522775.1761888421,556147.5854433358,385739.7922602628,1.3552534290683707
3400,600,460658.7826288749,655081.345621391,368893.23904042644,1.248759082240572
1500,1000,1519429.4404822334,1863930.9520990339,1343462.4150484968,1.1309802369330775
3600,1000,720406.6448626033,1011603.71931228,572612.5881166887,1.2581047986248544
2900,600,542722.8664593354,775259.8447470275,411884.76814835245,1.317657044952577
1600,800,1134261.598558298,1422103.627677997,981693.6543462629,1.1554129880911113
1600,900,1307237.0426785548,1641757.4287205273,1136108.5051560048,1.1506269310949762
4800,500,291301.9066186614,320442.46268342074,218726.61253679788,1.3318082479316673
2200,500,537671.3599726284,715625.666512178,447791.21557455783,1.2007188646671998
3800,700,453030.65195054136,558082.916444526,356688.70344647084,1.2701009243443249
4100,800,504642.45203831693,550166.2305750262,383099.9626717124,1.3172605095520649
2900,600,554969.0937141769,732581.0057662042,418147.1763588584,1.3272099516412768
2200,500,583833.3655950598,788362.5384193206,469554.87006049074,1.2433762331542788
3400,600,457638.7782776045,625562.3435529812,361776.45703894587,1.2649766710174257
1600,800,1158207.9182627012,1426804.2469380307,1004463.1482738168,1.1530616332247698
4800,500,307668.40573316417,306741.7630751595,208021.36125870878,1.4790231343142106
2700,500,458078.1815802939,645176.199358389,367757.19788431714,1.2455994993859738
1600,900,1315568.4846313363,1617511.1070725492,1133854.663680525,1.1602620042686627
1500,1000,1524266.3864893303,1824250.583169321,1339714.0408837413,1.137755028292343
4800,900,485245.56628951407,490302.74770339916,378702.83505200164,1.2813359747435809
2200,500,572653.9404583806,742485.8734010714,465264.70767158386,1.2308131930406367
1600,700,1008889.8426224148,1260314.9755406708,884184.7892425704,1.141039582332865
2900,600,492999.4638576935,668199.5097428943,401766.80226996366,1.227078646299967
3400,600,447594.34771777503,620003.2187901371,356691.2374202653,1.254850976869961
1600,800,1160630.4290520533,1480543.1257864241,1000366.5075108104,1.1602052051302918
2000,100,122232.205546663,147636.622230513,101448.71393746037,1.2048669796052311
4800,500,287498.94102199783,301412.2861851847,203532.93177212737,1.4125426215737786
2000,100,130465.57542759222,163317.9512739943,99055.94667602921,1.3170897841629927
2000,100,132298.79255688682,227304.43120627684,101743.19404389191,1.3003208106461968
3600,1000,660104.8048836086,819444.147488213,531340.7538802625,1.242337991322915
4100,800,534330.9414023963,594612.98117072,391985.6188385627,1.3631391452206767
2200,500,540691.0037989243,705681.1112127517,446225.98842762836,1.2116976998676463
2000,100,136643.72905123196,208577.82967759133,101778.59972724337,1.3425585478423137
2000,100,120250.7139331102,144034.27145943316,104411.91965996657,1.1516952693210227
2000,100,133066.35985288318,158252.07927943437,92238.58380523889,1.4426322951125512
1600,900,1290084.0135177216,1586761.9141396913,1113861.7386106867,1.1582083922972666
2800,300,280554.15474060754,407242.9845363894,224349.83316052685,1.250520897601316
2000,100,142065.39978535226,192447.60082909043,101835.57449878904,1.3950468732028571
2000,100,115643.0819272485,139936.9969987005,99436.03248105089,1.162989703448658
4800,500,325600.78484917415,307387.6810881813,237834.46181356232,1.3690227327291684
2200,500,603028.1557208871,844010.8398363768,457564.5172701951,1.3179084762046676
3400,600,462208.1694797459,645011.0327915946,351313.4787147712,1.3156573757735304
2000,100,122309.55306740398,180250.06365876266,94345.38784346236,1.2964020379071386
2000,100,144244.63196081173,224327.43526333247,106642.3722234613,1.3526014936966861
2800,300,277973.9422952073,404567.8541697298,213014.23876688213,1.3049547481162307
1600,800,1199038.0335711972,1510620.8320822676,1024596.0419583187,1.1702544070729242
1500,1000,1515527.8059581248,1850170.6946303237,1356490.9992859592,1.117241328365526
3500,600,454572.6644961886,557510.5798247345,347465.41849827336,1.3082529664702374
2600,700,666615.4558750977,891407.064994568,551316.2592797218,1.209134402721971
2800,300,290701.68606289604,373353.27358895884,225743.78123827814,1.2877505837294947
4800,900,484516.99162296345,510147.5414881211,377951.55456017505,1.2819552817736108
4100,800,506610.2375680744,536681.9317280696,390386.9297603162,1.2977131121657048
4800,500,280400.54322622716,287640.9333254148,206863.42380992838,1.3554863303619429
3800,400,268362.0329418924,356769.3040279552,208034.04181266908,1.2899909582276328
2800,300,285950.3714624411,379691.297355834,212574.2528828604,1.3451787673458968
2700,500,463070.50872026186,597686.1416514354,364866.91639408417,1.269149073028343
1600,900,1274019.528365964,1587185.2541729084,1103893.1243865474,1.154114923103592
1600,800,1135602.4117899144,1341771.8111866077,997233.7175232038,1.1387525229395294
3400,600,470923.9111337304,599844.6123852503,356654.9445413792,1.3203908100567314
1700,900,1190809.9765597153,1482434.7625465575,1059194.4874390557,1.1242599831112061
2800,300,277342.3985768538,393748.22037600016,216183.6154188966,1.2829020277020091
3800,400,266524.69614853535,350274.44672488014,200337.54712660355,1.330378154126569
1500,1000,1565463.8853142739,1971765.287558659,1374270.2114800527,1.1391237852913298
1600,700,977326.3771073477,1230118.2905814336,861256.8103649366,1.134767662032454
2800,300,259541.8093092013,363002.18974815815,195159.22809988397,1.3298977037169148
4800,500,287113.0296734011,295326.0473012657,205237.64047167235,1.3989296944437903
3400,600,431327.8980402619,532723.4601183415,342683.448994969,1.2586773575008412
3800,700,457304.70068885764,597749.1220195596,362096.8514876422,1.2629347612663921
2800,300,268412.56627001765,342111.1804003109,213811.8591733316,1.2553680011379662
3800,400,267190.18777064985,373179.44076016796,208099.8665350433,1.283951749799205
4100,800,510504.13368667447,590428.7865216963,399842.35783739266,1.2767635136202493
1600,800,1151709.262025161,1316277.487716677,1010044.7474868528,1.1402556816327112
4700,1000,559932.2870841193,579793.474672461,418160.6083531784,1.3390364273891635
1600,900,1279000.8701190911,1597483.415553405,1125791.3703514764,1.1360904904785174
2800,300,276574.83742815815,372145.42702040845,216636.10585696713,1.2766793251479753
4800,900,489507.26105436025,501790.5119731998,371287.24620356224,1.318405805907975
1700,900,1257762.1726942735,1574411.5743054089,1089147.6487348597,1.1548132837226197
4800,500,297530.16786290816,305459.08307918045,215212.6487777249,1.382493870842146
1400,500,835269.8750620219,994330.7778373905,729637.045437737,1.1447744879248993
3800,400,273945.6907151114,360831.5780488816,205457.75178854886,1.3333431731358976
700,800,2428630.810286664,2638484.270701647,2333788.625536085,1.0406387209676253
1400,200,311054.7532345893,359804.99855619634,288337.9450347595,1.0787853579142739
2800,300,275915.5805353296,372812.56461675564,215889.80765441383,1.278038938165169
1400,500,793199.0489932064,966872.0014186475,713216.0957441444,1.1121440664706403
2700,500,472054.43005989614,666923.6905590298,382600.2644937332,1.2338058121432067
1500,1000,1424164.489768106,1697659.923296807,1275217.80931263,1.1168009726399302
3800,400,292510.7810573346,370637.8148976114,218546.89752312534,1.3384348365155028
1400,200,349722.817429008,446789.71995047573,306749.983326419,1.1400907463354635
2800,300,269818.27562387765,358066.05192701577,220978.3085710224,1.221017019130446
700,800,2456271.6389765446,2644940.014226712,2346635.250110262,1.0467206775578484
600,500,1777837.7494060388,1889769.1422488114,1702486.4393547198,1.0442595654858071
4800,500,296522.28852591634,302212.6098096288,213246.32434947594,1.390515355565823
1600,900,1242786.01477934,1490130.0262828707,1095603.8115445036,1.1343388930231537
1400,500,777091.9779073326,945938.0215078068,697827.1946472939,1.1135879826238384
4100,800,507208.108893023,564761.4803580844,389164.37757003075,1.3033261473212565
3500,600,454947.8324574197,583582.1754385033,349469.75870975,1.3018231795995654
1700,900,1239280.103495697,1540586.7427967654,1069278.5930880045,1.1589871072951528
1700,400,530775.3639638183,656636.137021152,465017.26993420144,1.1414100040605404
3800,400,278954.1166488251,372958.57503479236,215837.72019164413,1.292425236891584
600,500,1726760.637076349,1835951.7936482364,1664170.8900696703,1.0376101681504948
1400,200,348293.62993468164,433201.90077140724,290127.9174362408,1.2004829904423915
1400,500,885508.0788559462,1120400.1231019062,744839.752502187,1.1888571681105946
600,500,1679895.3333640124,1799490.925284631,1628263.454177019,1.031709782010117
2600,700,693509.7323660983,961578.0967751045,557329.581646025,1.2443440204947978
700,800,2447395.0622631274,2667976.4037659992,2338847.788167827,1.0464105764575355
1700,400,513510.26046386483,645812.058208453,447813.3406359373,1.1467060354535925
4800,900,494985.21871367435,512250.10153433343,367964.3747955158,1.345198754604291
3800,400,273510.8542671346,338255.6444716875,201160.87061558058,1.3596623112146657
4800,500,286379.26715081243,294633.047616519,208283.00259983508,1.3749526537267194
600,500,1832895.9252503181,2030617.3651442789,1737959.422505103,1.0546252700240684
1400,500,816198.5607660018,1025495.6236113328,709246.0244911831,1.1507975125437566
1400,200,374176.1760190612,489646.8054091415,293478.8389093352,1.274968162643767
1700,400,540391.6292505725,664078.5674389194,465164.40754892025,1.1617217922971477
700,800,2338524.1381139387,2568966.3149905386,2221941.1292689685,1.0524689908788567
1600,900,1276034.7521974884,1647092.8479539126,1112956.9258034066,1.146526628850763
600,500,1715431.2136242937,1882161.2173171658,1654907.390479427,1.0365723323812899
3800,400,269772.0617398375,358314.54612044804,204103.73939092216,1.3217399276705073
1600,700,1050223.8015289167,1357385.3857302405,899858.0723575073,1.1670993835477537
1700,900,1263815.8382469972,1630892.608178087,1067157.3305228471,1.184282581489459
1700,400,535740.3531575418,692997.8775649837,459258.50399793277,1.1665333325214884
1400,500,790998.990893338,942627.6986042695,703671.9101885909,1.1241019848033191
4100,800,500531.3833087196,542135.7431053957,394163.8038973084,1.2698562840111092
1400,200,310958.3512860048,385375.5851350869,254096.81361255306,1.2237790268403532
600,500,1698034.1242322873,1837222.0220443273,1641901.1237733788,1.0341878080513796
4800,500,332478.5729068855,334171.26781110594,288145.1780149138,1.1538578406808429
1700,400,593082.2291149335,725030.6224801649,488516.59446345665,1.2140472521027101
500,400,1628065.7226872125,1691394.8489193185,1581058.717776285,1.0297313467124367
600,500,1791283.6373975936,1916744.3338640593,1721701.1902217993,1.0404149381849648
3800,400,284306.7905934259,358136.65320287395,210334.0443983976,1.3516917406623685
1400,500,830062.8724011987,1024632.6474052004,737871.9386664855,1.1249416448893892
700,800,2364282.453505268,2553242.453354837,2243871.209934315,1.0536622792956452
500,400,1558447.299454174,1642002.0863008637,1522565.3581621868,1.0235667658531904
600,500,1753531.353686312,1880652.093714909,1705970.5947958075,1.0278790027422466
500,400,1626442.5779881796,1714046.3306185852,1581558.9856663288,1.0283793350286843
1700,400,545447.0908285051,680022.0900730153,482460.78631073394,1.1305521739899587
1400,200,321147.97124484694,377917.6978512791,276147.8757120343,1.1629565152974
2400,600,608687.8416135161,818020.2966880711,506720.40197664866,1.2012301838234776
2700,500,481186.971394081,626134.411824428,379104.57662129053,1.269272388327737
3800,400,284962.0964990327,369900.54738390335,219714.5767684104,1.2969649109781018
1600,900,1319882.7588051907,1625114.4956341337,1137773.163255673,1.1600579108654854
500,400,1596647.375841865,1686466.1702100756,1561478.9135929714,1.0225225342095532
1400,500,822796.139889045,975188.1361950514,731130.2549124889,1.1253755871278066
600,500,1719956.3650032121,1832249.6222628055,1636161.9575679705,1.051214005464224
1700,900,1193571.117954484,1501211.4135130993,1048340.4598688817,1.1385338672359995
500,400,1712834.0848347903,1798197.0934188839,1660956.4211757525,1.0312336091408796
4800,900,488439.76646279474,505806.4049793607,375263.7901171588,1.301590452706087
1700,400,514870.81011420226,661168.68136838,449653.71078776836,1.145038499097844
700,800,2419158.401070568,2667527.679994976,2295915.76748301,1.053679074525747
1400,200,309045.4288319458,357035.68697207444,282060.48737357726,1.0956707609408196
600,500,1779433.7276996844,1985250.3201566946,1677736.5633240486,1.0606156929513095
500,400,1684608.3725834705,1740347.7755315069,1640366.6734564954,1.026970615681768
1400,500,795519.1677229945,998407.843128803,701212.2675291302,1.1344912297757919
2400,600,640618.6255119225,885913.4410224431,509643.39811838546,1.2569938664507387
1700,400,550314.2897604409,763863.0076902121,456231.8880502966,1.2062161899997932
500,400,1565367.1789381378,1637350.5878501986,1528822.6166784125,1.023903729485062
4300,500,328395.8702590203,349931.36268271663,237556.24735182134,1.382392060490269
500,400,1608052.5195443898,1693717.4005511214,1551188.4193710084,1.0366584094254903
1400,500,839646.0394753526,1109671.8703341924,719029.9557103066,1.1677483431770144
1700,400,537628.0986138221,688754.7695994723,470158.45218465343,1.1435040593562915
700,800,2392692.722639267,2641096.525280805,2286552.0171675663,1.0464195455317833
3500,600,450213.7768638283,629822.0993912087,330885.0030148689,1.3606351837094206
1400,200,360956.0466510593,452921.3171400062,309511.3066876658,1.166212796921527
500,400,1644431.2917665408,1723137.0243417893,1598538.7374278216,1.028709066139094
2700,800,767281.0566132714,1044936.888889886,605056.3103241703,1.268115121718483
1700,400,552419.1387038014,727144.1551839462,491126.7010117409,1.1247996445027233
500,400,1718071.9015714196,1810102.4238410122,1669830.783439919,1.0288898244121012
2400,600,603207.5401049074,862628.2873280402,482540.62939668377,1.250065804529439
1700,900,1194899.0850188374,1457674.0504152966,1038958.2347167504,1.1500934735308208
4300,500,317542.10572232056,325138.78062014945,232209.8916376284,1.3674788075688697
1400,200,310668.96290428756,365173.0513215439,286505.0872378717,1.0843401277770461
1500,400,594961.1990106234,733228.3399755879,527019.572592095,1.1289167043348391
2600,700,632958.8710630435,884277.7693309644,505479.53213659837,1.252194858192588
700,800,2469137.322065399,2742885.3193542417,2341933.8101904425,1.0543155879647224
2100,700,824978.2732465696,1064448.8906812933,678686.4046295799,1.2155514942086314
1600,700,1026110.133000442,1265556.00500912,895888.9213295479,1.1453541935507348
1500,400,575782.9216500861,670149.8949728401,507521.7860540623,1.134498926886958
4800,900,455950.3636117934,474305.6261293969,365201.2705148345,1.2484906281104315
900,800,1949061.4912748656,2174400.092709604,1815168.9309725107,1.0737631401781538
1400,200,359808.71151150035,423053.95106042374,303859.18084916956,1.1841298015283703
2400,600,666988.4271392847,969636.4634484033,522376.7937584254,1.2768339541663012
4000,1000,657640.9747248417,800236.8646535169,511731.1441895306,1.2851298620223714
1500,400,602888.3943857973,714982.6918502245,527186.328555443,1.1435964131273806
700,800,2392762.157690465,2587765.745415509,2279391.3543387516,1.049737313926332
2700,500,451006.1587847046,679576.0414941071,363591.54612621566,1.2404198161091022
4300,500,314840.98669199675,354461.43264833785,227199.55174563057,1.3857465134635842
1700,900,1214999.8159756553,1475174.2841083722,1059568.3485660953,1.1466931959791966
2700,800,752458.050835318,1034656.2121706974,608386.9166952531,1.2368084029858117
2100,700,808345.089749945,1047343.5444122988,673335.0151023057,1.2005095110449975
1500,400,588373.0244991836,711951.691014205,520492.9711976571,1.1304149278814162
900,800,1960474.073387737,2217558.6414282606,1825160.7500857594,1.0741377565212376
1500,400,643081.7528116569,822326.3802760101,553652.1403919176,1.1615267166788774
700,800,2412732.5423810123,2585413.6944956556,2308673.708541378,1.04507299297196
2400,600,635317.5749703237,860628.7829842344,522598.7553072708,1.2156890320122902
4300,500,350775.548471414,377278.6737091809,242505.96593094463,1.4464615215746897
1500,400,616868.9513851119,716338.6113297036,546788.8911521651,1.1281665764739253
2100,700,808574.260691738,1070347.2811584484,673664.6013276727,1.2002623547358469
1500,400,597680.6109564841,700285.1585941161,509607.5388928041,1.1728252926850953
2700,800,754670.5400357835,1021641.523513109,606367.9450805477,1.2445752552693659
900,800,1957196.706018703,2245865.8496327307,1819103.835241643,1.0759125829442915
4900,400,208879.3809797894,212305.43115222515,161332.52222206988,1.2947134161348606
1700,900,1181201.3969563937,1451866.010936039,1031156.5285124739,1.1455112432448753
4300,500,311859.5806253579,338822.6455010987,230917.31029945496,1.3505249139656812
2400,600,628634.0823537229,811380.2574392167,512516.64747183997,1.2265632452227084
4800,900,501625.1555629281,513930.98950421665,370985.6419344689,1.3521416973100417
1500,400,608288.1055820253,751923.2626604534,517062.8064570028,1.1764298224235326
4700,1000,538883.4350199208,561083.784671574,419917.85111277096,1.2833068029660903
3500,600,505737.9648251219,682620.5515248572,358201.23000577744,1.4118822674533107
1500,400,603230.3092948335,735421.6300619937,532846.2458092739,1.132090756084172
4900,400,224608.2396333497,226435.84981931586,155363.812057366,1.4456921252061974
900,800,1862769.6913796037,2143333.371846143,1728176.4338758644,1.0778816646642269
2100,700,792629.370969688,1023692.4269136465,656195.6650399517,1.2079161951205968
4000,1000,642229.875004162,836101.3774847874,491338.7148149847,1.3071021184357432
4300,500,314971.13288408995,333961.2126241218,229102.4823869831,1.3748045398830024
1500,400,631924.1360609456,786675.9030407333,556610.2611466397,1.1353080964751823
2400,600,616319.6998102159,835298.4445587917,505312.58634537575,1.2196800880573513
1700,900,1206193.7651275373,1529979.533380938,1047488.8713443828,1.1515098614646544
2700,800,716108.6934284444,1017344.8165773542,576058.8112919548,1.2431173334930734
2700,500,496025.84599467413,728621.7986793808,372830.34740534413,1.3304331298315448
1600,700,1045913.3128688968,1309090.8570383757,905660.5701747905,1.1548623704210041
4900,400,229181.55769479007,232104.45912485666,161383.56996595193,1.4201046472273595
900,800,1864980.5898396685,2104925.3665228947,1745233.1632822452,1.0686139990213201
100,800,16438763.599446481,16336520.378752602,16336520.378752597,1.0062585678175913
2100,700,822672.9238173855,1088507.7692390354,685606.1503676246,1.199920571564688
2400,600,632759.2192748019,821009.7157146524,497694.09484592587,1.2713818102878816
4300,500,318987.1187070111,342809.8258534224,240237.37537978595,1.3277997156051653
2600,700,652944.0911577294,855950.4605854817,521314.2588833035,1.2524961288348173
4800,900,489991.9187431921,509688.48584915895,379257.7210852243,1.2919761194079535
4900,400,231809.41853573482,225136.03073841197,159334.58301969094,1.4548594168479247
100,800,16596600.310998246,16426446.750771865,16426446.75077184,1.0103585128791417
700,500,1526929.568673943,1679367.1626215647,1459274.090875474,1.0463624196588592
900,800,1937792.2345667507,2175461.033182042,1785712.2635978966,1.0851648801820064
2700,800,724104.955485647,1003737.2344272572,581744.3877607484,1.2447132636257534
2400,600,614487.0362785025,819277.1646444327,505261.17143362056,1.2161770407469985
1700,900,1267088.1731506686,1557085.169394402,1070845.3301229863,1.1832597458356977
4300,500,327230.0707527049,342421.89549089735,238042.40857615919,1.3746713147040397
100,800,16572173.706553355,16371934.517174784,16371934.517174788,1.0122306370800902
600,800,2833454.5748437415,3040146.30159275,2722753.396458766,1.0406578056348967
4900,400,243894.5154519719,261185.68738333505,176977.28425804104,1.3781119790286898
2100,700,807012.7461228736,1020327.8038776845,682582.0352987031,1.1822941483798628
4000,1000,627402.8865426019,829055.9865676619,493403.4750575059,1.271581815408735
900,800,1905717.1192529793,2151029.8225775287,1778429.346685885,1.0715731399756172
2300,500,546938.4295179052,734686.5037309866,444126.8972229703,1.2314913438879591
100,800,15603643.381843286,15553587.904882792,15553587.90488278,1.0032182591738072
4900,400,229232.12652838754,237971.12678702007,167384.35443433624,1.3694955379973328
4300,500,316534.34287838,349818.6747809991,228301.66849785636,1.3864740672333373
2400,600,592016.3487521899,752633.6882279338,485468.2194095394,1.2194749832898264
600,800,2829337.334208473,3021677.9337271154,2737741.125128639,1.0334568554488621
700,500,1498763.418425072,1626830.7825952657,1426432.1914882888,1.0507077920481558
100,800,15813411.127244873,15707098.469540238,15707098.469540207,1.006768446630091
2700,800,763575.7432072231,1051569.2137217443,595237.4211992989,1.282808701221694
2100,700,846685.1305690199,1151515.4145991649,690027.1010855547,1.2270317053301383
900,800,1944857.2863774276,2256603.9827606324,1821504.0745925666,1.0677205247605348
2300,500,534128.732502671,716652.4959913765,434131.53653991397,1.2303384747391262
3500,600,445777.0946427965,623665.953240297,358353.43221069995,1.2439593277864696
2300,400,408771.3525778227,582718.7703725394,343708.416907888,1.1892968937312094
4900,400,230446.61246237456,234659.47021285817,171534.09013886217,1.3434449809703766
600,800,2817081.2555886763,3039634.1597394524,2728655.7528624646,1.0324062508190892
100,800,16236946.538589315,16071410.372381106,16071410.372381069,1.0103000397832367
1600,700,958005.4394558804,1213930.007843416,821404.2397219724,1.1663020387868275
4300,500,344524.67049848137,356414.5343858113,288145.1780149138,1.195663494603576
2300,400,415552.07061421615,554204.2080442497,330992.4691656928,1.255472886321753
2700,100,96663.79694014808,130897.43923889645,75147.1955092299,1.2863260735828181
2300,500,510436.5404894402,691772.0571129479,424764.3793505267,1.201693374736149
2700,100,104013.26169283499,142885.13497847822,82989.09935373723,1.2533364321678349
100,800,16182410.069809489,16005864.120172968,16005864.120172966,1.0110300792453943
4000,900,560443.7841211683,701158.4138485303,450157.6571615986,1.2449944485115776
2100,700,752535.4081062799,1021399.6057903452,625831.8016929313,1.2024563246396298
2300,400,429848.9482797136,549032.3716969017,343817.170797028,1.2502253662411593
900,800,1882971.5087043326,2125611.463801763,1772859.9422634733,1.0621095687346154
2700,100,98989.46460552877,175569.947865643,75365.32892140141,1.313461588003749
4900,400,218990.95560282958,214860.77606047905,162289.93398920793,1.3493810134730364
700,500,1460983.636981862,1610350.3411344227,1395654.3892945878,1.046809043978498
600,800,2689262.441567189,2966428.1767184655,2592264.6508137966,1.0374181666686468
2700,100,106820.62671594176,160248.5723589942,75391.55535351361,1.416877874651294
2700,100,93589.92219877559,116423.64142580306,77342.16271108635,1.2100763531578909
2300,500,562315.5560122683,840345.8031062562,453380.7189143747,1.2402723198259054
4000,1000,638759.7643490004,756898.5752456845,483135.36349645775,1.3221134543459758
2700,800,733525.177586524,1021817.3200216545,592809.7822286284,1.2373702316936903
2700,100,112038.17537326248,127137.26700404886,68324.87689276955,1.639785982331113
2300,400,428783.1757690501,589502.7662025132,339451.93773760245,1.2631631406402546
100,800,16456773.095588556,16393536.671333123,16393536.671333099,1.0038573997498683
2700,100,135694.24311006127,187577.47787650142,96621.71431835281,1.404386623310893
2700,100,94355.67681737484,114581.64640886505,73656.32035633399,1.2810262087611988
4900,400,226744.20789857433,236758.5044779165,167923.72650942532,1.3502809436869392
600,800,2701735.367962714,2898472.8410748434,2617849.744923368,1.0320437119059334
900,800,1906511.9248594085,2086379.760952448,1795635.106643294,1.0617479675051489
2700,100,93032.67410388736,148579.76120317195,69885.47247663878,1.3312162142852535
100,800,16086267.352658814,15955739.480371239,15955739.480371261,1.0081806219290637
2100,700,773674.8070597661,1009913.7196872358,645436.7014745662,1.1986842478777961
2700,100,117716.47306944893,213425.69810199426,101002.65383885024,1.1654790106531814
2300,500,528685.9861246148,758023.8933455101,431714.9714294158,1.2246181418590287
2300,400,444266.3769099431,584932.4021910866,361077.482864294,1.2303907000396215
2600,700,643905.955146685,828768.3792863789,529218.4752511694,1.2167110281648508
1300,300,535566.2316498291,628545.3879479066,483215.02526882704,1.1083393595881617
700,500,1590549.9481912446,1784645.66199359,1489679.505004374,1.0677128488698475
600,800,2777761.781812076,3018555.264807974,2678568.395396845,1.0370322395297786
4900,400,240200.23395208147,233740.64817344252,184114.18593069012,1.3046264346111005
1300,300,521843.8402687586,606123.8448158234,458799.8988825153,1.1374105389730849
2300,400,438404.6500430515,587276.8369922992,356601.450751412,1.2293967091812668
100,800,16271974.774307748,16160715.959789649,16160715.959789645,1.006884522616135
2300,500,523088.3155195839,679436.4116898777,428322.0322887075,1.2212500784152982
200,1000,10295967.479679415,10313243.519546816,10234622.88379061,1.0059938306066911
1300,300,543677.6687980223,634257.5732817543,486217.37497475295,1.118178199259648
2700,800,760498.3548658552,1075080.809034389,607168.0248641889,1.2525336047397477
2300,400,403620.18716037157,542303.6438635171,332352.7427561766,1.2144331465814884
2100,700,771352.0688382545,979285.197029349,655222.8741204954,1.177236173071093
1300,300,520623.41374700767,652369.8086482995,457852.23697846854,1.137099202971659
600,800,2758225.028638988,2973998.0897899163,2667644.0200288277,1.03395543330747
1300,300,525636.709442716,645147.0603483195,465626.2485945465,1.128881181053057
2300,500,539089.4291306636,700815.0636663237,449139.4409274259,1.2002718532523005
4000,1000,670824.7393121668,812491.4536981827,504392.67532492575,1.3299652673981177
2300,400,410058.47709375084,593696.109709084,337214.87377630617,1.2160153925053911
3500,600,431191.8187505293,599886.1432161462,351439.98683783313,1.226928735771597
200,1000,9886016.681789016,9984623.615006138,9826774.296299694,1.0060286706199846
1300,300,476448.3338652285,576377.7955320905,420342.9528305193,1.1334752507610868
1300,300,509236.75612308376,617438.9515473242,460517.85052717576,1.1057915682098691
600,800,2835775.5207974627,3061730.588105613,2732256.1118888496,1.037887886299593
700,500,1498986.15862556,1665970.499710509,1418492.0489823662,1.0567462536719474
2300,400,424354.73872769455,549833.044356653,347508.42117996124,1.221135123249107
2700,800,713560.8430344858,973913.3888156932,590953.3140878244,1.207474137167526
2300,500,535557.9400569465,713905.4267875591,445035.8073380367,1.2034041558596469
1300,300,534875.2756382858,613748.1011255974,466600.8433842369,1.1463229936724015
1600,700,982489.4501642752,1206702.4219681784,847135.6706853681,1.1597781608811257
1300,300,513817.125579742,602315.6244137641,464993.4318710452,1.1049986738785524
200,1000,9941831.921473548,9995221.916034514,9868069.501150118,1.0074748582095852
4700,1000,575728.3137605961,580051.0183048302,411179.0327629428,1.4001888906930744
2300,400,460098.690607153,615702.5915807519,363006.6920521563,1.2674661395527294
1300,300,537028.7508498458,606553.1518256372,475953.27999912517,1.1283224077179024
2300,500,514060.9068578219,698021.6703735585,426824.8584959923,1.2043837106142887
600,800,2740998.929907265,2887116.8219683715,2659289.91339521,1.030725877648945
600,800,2779015.699190034,2954585.532301773,2693452.659964941,1.031767047736494
2300,500,587879.1009535105,851745.1221470117,437670.4078236649,1.343200477904743
200,1000,9729155.448294597,9792699.852244735,9662707.269929156,1.0068767661597522
2700,800,716706.4197784855,967381.7795009604,598545.0355477646,1.1974143585078512
700,500,1488650.8206126825,1626380.5713885382,1407343.8203771817,1.0577733735411647
4000,1000,655693.1960594094,710634.155545092,503798.40564318636,1.3014991486967946
200,1000,10120373.12396997,10218956.63949864,10087853.506498514,1.0032236409311959
700,500,1545548.726117847,1667269.970108994,1475743.877332971,1.0473014659637487
200,1000,10150213.291723564,10161551.230323385,10075968.112863727,1.0073685404745427
4000,1000,653234.9729181256,749158.4369945485,502392.765331403,1.3002475712149628
4000,900,608658.7774778424,727319.793085097,462887.7507123154,1.314916578676379
3500,600,441958.4219511404,602260.5204075951,346500.05920825765,1.275493063294137
200,1000,10128546.617582345,10140735.95691864,10047855.30662806,1.0080306999346476
1600,700,962123.8114211992,1186527.1536823332,859980.0222831502,1.1187746069575764
700,500,1531010.0920202113,1646353.8097148447,1462260.5098249777,1.0470159603800437
200,1000,10295329.051891195,10249949.730281744,10173682.494644694,1.0119569838463638
700,500,1489869.4659333753,1617802.0674998164,1402424.5350582604,1.062352681865682
4000,1000,651543.2174236672,746424.8009118465,508684.12473223463,1.2808404779029263
200,1000,10394688.960193228,10417912.07573059,10307026.586100396,1.0085051079824563
200,1000,9620500.363123048,9613355.406745201,9564133.569844726,1.0058935598156056
700,500,1568524.232893022,1772204.0155737072,1438059.9114206133,1.0907224521289431
3500,600,440171.4086448624,599376.5961651306,341275.950751492,1.2897815028442583
4000,1000,655920.4454450948,747286.0158129914,515351.3293050198,1.2727636626641488
4700,1000,590657.7984308992,614537.4620923768,429270.36197866016,1.375957556697711
4000,900,594045.1061139945,681117.9197024201,454443.40206240193,1.3071927184288246
3500,600,468330.9383312757,618014.6892041719,346464.80326876836,1.3517417466730965
4000,1000,601492.4960813259,680388.5962988352,478206.67849223624,1.2578086487160829
3500,600,420103.9074395642,515309.16454868694,332892.4933093985,1.2619807171473503
4000,900,587923.6285981,702145.1446819922,453541.86547221005,1.296294065347147
4700,1000,579839.7427196441,584973.379826906,428764.6005473926,1.3523498487967005
4000,900,569294.7694260824,677650.1769132393,445544.69544427475,1.2777500781563795
4700,1000,553906.896556773,581818.2657621694,427568.310920343,1.2954816397980606
4000,900,568053.7486928611,648878.7320657211,441557.24975461897,1.2864781384713724
4700,1000,544289.8591423839,569228.4157155063,432922.65934658266,1.2572450237737374
4000,900,584084.7280517346,653832.0215425125,450316.54814059054,1.2970536625036067
4700,1000,563030.3274093227,569586.4372558584,438596.87600427214,1.2837080203093798
4000,900,542133.0285057744,625746.6034481874,438241.5246178014,1.2370644908160602
4000,900,574879.500283572,673047.1468399025,445182.77032136265,1.2913336692446242
4700,1000,514241.9207242905,526276.2970738161,406984.4072274351,1.2635420708806582
4000,900,572739.8040896086,709538.7442354666,455109.26530226914,1.258466587598943
