P,n,Paper,Min Time,Time opt,mtsa
2300,200,240117.68536299746,252129.06445162444,175510.05349941883,1.368113567145557
100,500,14772178.628643608,10214918.636128329,10214918.63612832,1.446137669310168
3200,200,160144.98688157013,193149.1763102664,126147.85095270729,1.2695022996595346
1900,400,550420.1748895912,627128.5075367118,416068.08362533816,1.3229089097476525
2400,400,426034.84611451,572124.5012668496,329387.2328700594,1.2934163914075483
100,500,14373308.167655373,9985025.340418026,9985025.340418022,1.4394863986447965
2300,200,247586.50539877394,332074.845485652,186717.3811552116,1.3259960260098334
3200,200,177975.64580396403,277315.5160368254,134203.11770530834,1.3261662534157677
2300,200,255905.5420504161,338238.7831159869,176599.6019177118,1.4490720209531254
100,500,14010586.423343657,9769580.725062123,9769580.725062115,1.4341031429733724
2300,200,235499.7378912196,389419.0074408757,178639.29324916055,1.3182975235059393
3200,200,203636.52987760236,278838.27698546683,137362.30372257222,1.482477538298155
1900,400,513126.41258850304,598761.0433336905,400675.0942532071,1.2806546250270106
100,500,15093011.630216822,10427756.53503062,10427756.535030618,1.4473881874316799
2600,600,591259.8261880076,748620.9641180369,467741.9095169065,1.264072802025957
2300,200,212606.3852531107,322597.25204559276,154667.6256772062,1.3746017262644452
2100,700,879879.3811196451,1078806.2906587964,678686.4046295799,1.2964446836088817
2400,400,406455.3789887166,522456.3704636556,317201.1162837889,1.2813806702529853
4600,200,110379.49635013028,118168.15722831986,87755.02674970942,1.2578139445498577
3200,200,191150.7246031586,309606.0024567058,154125.95210631838,1.2402241283239566
100,500,14429208.795976661,9929444.34287657,9929444.342876563,1.4531738431393952
3000,300,273665.0006380268,349624.79088982317,209393.1776164917,1.3069432526557785
2300,200,236503.15093515936,263455.8879443906,168090.01130297742,1.407003004532311
1000,1000,2819378.4245224283,2523104.913332732,2046924.5767581223,1.3773728922575657
100,500,14198838.176883917,9851406.742640283,9851406.742640272,1.4413005723767824
3200,200,162782.0374911161,246747.69801513042,112828.85828240226,1.442734066170241
1900,400,543126.074815617,605600.7821206042,416199.7330700866,1.3049649763330253
2300,200,227966.57674152037,260488.91345133714,171688.99231435137,1.3277879593126647
3000,400,336136.28835744655,462901.81898707815,263509.7862960475,1.2756121625775398
3100,800,661778.566687103,923609.9656407015,526984.528346858,1.2557836731243168
4200,800,514826.6498307231,567089.1417782665,388964.77092268085,1.3235816925257258
100,500,14930996.037516378,10330207.141330782,10330207.141330797,1.4453723757172288
3200,200,169877.22358418122,211419.24234235223,120814.69562401502,1.4060973518722648
2400,400,420766.76109135995,557945.2825609461,329491.45534715184,1.2770187337575736
4600,200,158401.73258471434,153424.37654382922,115155.9162563489,1.3755414201394205
2300,200,253144.4194553524,325436.4479215801,188398.18667944876,1.3436669636638623
1900,400,541105.5494927886,607731.5464179295,410915.5035770977,1.3168292380851094
100,500,14732688.09654007,10235823.568774844,10235823.568774844,1.4393261077187038
3200,200,163217.52018059016,200802.25872551103,123401.46322594005,1.3226546583305054
2600,600,593084.4695345877,831544.3402675886,470440.0598015866,1.260701458512542
2300,200,229483.09286431054,276737.6283367117,174394.4009274002,1.3158856685992093
100,500,14140386.944075597,9816971.745407827,9816971.745407823,1.4404021230569577
3000,300,253786.0132302174,375032.1352435087,198813.28951575665,1.2765042711599215
2100,700,856531.8142752378,1021971.6867872402,673335.0151023057,1.2720737746649007
2400,400,417594.85529497225,538223.9070569708,325308.1069985357,1.2836902810321047
1900,400,562924.8447182493,692987.2650667058,437093.7950462507,1.2878811163601256
3200,200,202658.93918076705,252215.77616013854,135411.1966758538,1.4966187741911057
2300,200,239029.34984100892,308111.9831581203,184957.76225601623,1.2923455978568095
100,500,14468933.8116569,10066419.37994428,10066419.379944293,1.4373466140784779
4700,100,59937.73730201551,66926.81205558561,43169.66550530229,1.3884225555246354
1000,1000,2692604.2525040596,2515392.018054752,1965354.8592599388,1.3700346478487702
3200,200,162866.52206495882,221055.81886860644,125345.97566656888,1.2993358677760651
2400,400,448777.7081107562,589275.6374583192,346032.58774494845,1.2969232494412881
4600,200,170698.68076534744,181791.34370599026,137320.72161632078,1.2430657132889669
4700,100,87088.46136986054,86968.0879063339,82739.16147748545,1.0525664004167916
2600,600,560534.3343160839,837655.5162311421,445422.1194430927,1.258433988453279
1900,400,570037.1618685878,636816.2438652762,431675.44038328825,1.3205225698326666
3200,200,193347.73066348137,285107.5841146556,132938.39162151166,1.4544160517148492
4700,100,66590.48423341324,69784.6129612423,54290.25884700422,1.2265641322704388
4600,300,192347.8733259312,210453.14051211643,142348.1066563424,1.3512499593008183
3100,800,667219.3499857682,894450.3762248099,529885.3790571559,1.259176750966361
4700,100,79547.75830368309,81457.0230441538,70156.3045836674,1.1338647150209513
2500,700,750125.0461178925,961273.8836455253,570096.5798888471,1.3157859081774284
800,400,1383130.5860182322,1134706.2566308107,988161.6986101781,1.3997006643382017
2400,400,441018.34385607013,534876.7561292085,341743.0569701032,1.2904968655870948
4200,800,476752.2422500053,558051.3218764921,391105.87501837703,1.2189851206597293
2100,700,856933.0369502375,1084150.3284795363,673664.6013276727,1.2720470027093236
1900,400,526122.4675946772,605914.365657845,402321.74123116117,1.307715725192152
4700,100,58881.134220600885,69326.60308099666,44430.604110624074,1.3252382090956414
3000,400,315489.0805321315,469416.54808331217,253760.89302703115,1.2432533506986236
800,400,1337846.152124915,1105574.3085885644,951603.3488513668,1.4058863430228181
3000,300,264637.1077528783,382453.48442454205,210694.19582239294,1.2560246698772715
4700,100,83633.47880059984,86680.1926437602,67742.26274582943,1.2345834846762447
2600,600,640545.8174155016,860859.4900343025,482193.9634693158,1.3283986651489104
4600,300,203433.94842946815,213677.08964631258,148288.0517849619,1.37188361422723
800,400,1389817.3061832518,1154164.7116028916,988474.3660414555,1.4060226081016696
2400,400,409679.79749900824,513334.1922635929,318504.7118080026,1.2862597704550343
4700,100,112639.90173045959,121958.63202864878,96621.71431835281,1.1657824799022865
4600,200,173146.95711581933,177868.32038950332,153927.2635835206,1.1248621789594158
1900,400,529816.2657923505,666243.3674208496,408207.4787818443,1.2979092577465903
1000,1000,2660476.663370632,2485405.277220068,1973613.9002300235,1.3480228645838759
4700,100,67896.23688316958,65339.795643235884,50459.111537190256,1.3455694088693477
800,400,1362737.8377154896,1101190.1405452937,975924.3209956071,1.396356057942349
4600,300,185620.50142774807,190341.13656844123,143441.4983667211,1.2940502123952482
4700,100,63459.221318666256,68577.22310151065,54138.05797390288,1.1721739510725822
4700,100,104046.16374125937,104080.7822445842,100419.32952364009,1.0361168933792322
2400,400,410765.62189349375,601992.4417010352,323164.2540356268,1.2710738169952718
1900,400,563546.9090662446,654276.8358249828,420668.0887967952,1.3396473944056817
2100,700,859012.0070093625,1015433.9511953801,656195.6650399517,1.3090790640274383
800,400,1460287.584555744,1254806.9903855736,1038097.7632348454,1.4066956275922424
1900,900,1221155.4512184472,1365673.8508776894,947700.3308665234,1.2885459796156153
3700,800,569259.481209267,766161.3022009848,441527.5778041242,1.2892954139816126
3100,800,656770.2868473982,871923.3369855597,528126.9199088641,1.2435841879840803
4600,300,201018.1387141066,207540.21082023828,130823.99861272547,1.5365540026732774
2600,600,615975.6935425766,774469.0548961204,482398.8510528653,1.2769012450966075
1900,400,581150.9259121863,638196.7571382219,439429.1535368208,1.3225133590584364
800,400,1421272.0794667932,1191166.299071556,1025229.1709103095,1.386296956615889
2400,400,427379.0149547326,552279.056488914,333028.9036307962,1.2833090770659812
4200,800,498576.34271168354,570468.6482457928,389807.9646946378,1.2790306711722814
3000,300,271477.72253876936,375165.9251906591,198402.63602400303,1.3683171150302942
4600,300,187429.14984517384,210359.34692088555,131967.49793690105,1.4202675111321064
800,400,1365204.2736850658,1112885.2542476053,955514.1354240078,1.4287640790151772
3000,400,335890.36549783807,459913.1051167246,263593.1642777215,1.274275705966124
4600,200,131910.5779079066,143165.3730851119,112828.85828240226,1.1691209138866248
2100,700,880456.4098720907,1040803.9562790676,685606.1503676246,1.2842014462676372
2400,400,447198.85892711714,563071.9666881106,347881.4132166498,1.2854922451652095
1000,1000,2655285.8153070738,2449178.658027713,1932541.453985831,1.3739864724922697
2600,600,605614.5353430365,742678.8848358162,473092.2899740061,1.2801192244674116
800,400,1319642.5093602187,1185317.1171202126,969492.7621068802,1.3611679848876859
1200,200,474668.3854436665,383305.72474005783,336394.2692072194,1.4110477760584856
4600,300,181689.76390957422,207370.4808768571,144863.04739585196,1.2542174638442458
2500,800,858872.3908239397,1063912.1333401343,653460.8151501039,1.3143441364983017
800,400,1391436.9233632248,1175583.6937298186,999086.7108923885,1.3927088692035423
1200,200,500564.43214440375,473804.73131950654,357874.9805474889,1.3987131242833009
1200,200,462322.24110922974,493938.2391504007,338482.57034228096,1.365867201497907
800,400,1458020.6768447037,1222701.9944471673,1043644.2396499494,1.3970475967306073
3100,800,618618.0427702538,838332.5801573463,501728.6420929929,1.232973346288642
4600,300,177579.3549315905,194848.74817710574,130146.34906202793,1.3644589818417105
1200,200,444317.4320234574,539737.8061461346,342391.9787275577,1.297686451869254
5000,700,384112.8362896603,403828.88638450345,285048.28994442354,1.347536013510383
4600,200,125199.10723750661,135514.5233683908,89579.42667687622,1.3976323792416632
1200,200,404534.02840614266,441353.38394435577,296446.28254797857,1.3646115745798586
2600,600,607578.4316276821,732288.6065739468,466442.38739573146,1.3025797998761426
2100,700,870559.0852743046,1059897.901660673,682582.0352987031,1.2753911475172963
3000,300,272679.97514727997,377180.26420509355,201771.37439097016,1.351430429466724
1200,200,464360.3478732386,416977.6685111599,322172.52166404005,1.4413406378507703
4200,800,465350.64570010273,524941.7253561337,370323.5215448281,1.2566056937427657
4600,300,174907.01104931222,200578.96771590033,131865.45573902348,1.32640508516099
1200,200,463251.71360013325,397096.9458943582,329070.5686025068,1.407757963793193
1000,1000,2754903.4550960152,2569140.9479433796,2017570.701299703,1.3654557202487767
1200,200,498025.7523392892,471810.633906943,361096.5244689435,1.379203948505803
2500,800,835160.3147472243,1047693.4733675168,657057.8700308733,1.2710605151232455
2500,700,711036.2169160773,922578.5442723518,565601.4126859368,1.2571330286101965
1200,200,463217.8350490794,416263.36896505626,334255.9351108503,1.3858178311641978
2600,600,592348.7213857481,772871.5676472961,459409.9337039316,1.2893685528521668
4600,300,190688.3595111883,198544.3021408399,131411.18726790408,1.4510816276428398
3000,400,327851.40491136344,463321.2036046025,260246.48559882856,1.2597726503663464
1200,200,467476.016370233,479966.9943873051,354502.3776573645,1.3186823159252838
4600,200,122170.88422733876,126795.17058040005,85844.49615717569,1.4231650215949991
3100,800,630620.0018266685,862686.730759759,506680.5957916196,1.2446105239957146
2100,700,886261.5294258527,1112441.66912569,690027.1010855547,1.2843865524000158
5000,700,364011.5273337386,385325.45329828345,282800.7063429684,1.287166259380842
3000,300,253195.24342352545,327566.7877012296,182148.61289322504,1.390047606741577
4600,300,173389.3753381879,198573.41353944226,134508.53565192668,1.2890585307305313
4700,300,197346.65780745883,197878.95604228924,142348.1066563424,1.3863665800901326
4200,200,120333.73633036709,130420.13898586427,96112.64834491984,1.252007289389477
4600,200,155205.98118191332,157607.13585506496,115640.3076979828,1.3421443117158074
2600,600,598065.9313835725,788686.5585471104,466394.9274771882,1.282316543661004
4200,800,467862.1540138777,526899.1651365043,373978.53498905257,1.2510401272831697
3500,1000,722983.32101719,1011197.394267486,584835.5933594635,1.2362163473398846
1000,1000,2766837.664701465,2431695.265021449,2015193.6225727454,1.3729884978343248
4700,300,203747.62207624377,214357.22418189433,148288.0517849619,1.373998913760806
4200,200,159031.57920865517,168253.35526951618,115155.9162563489,1.3810109317756158
1900,900,1251008.68406962,1497007.97955367,974500.5278154009,1.2837434648435593
2500,800,859862.3503353291,1140266.317617719,654877.3806869915,1.3130127497048385
2100,700,806087.3753474001,1039062.8318867382,625831.8016929313,1.2880255895703305
3000,400,342930.8783017921,485982.77502158465,276826.0701959588,1.238795457591979
3100,800,645013.2566993535,894203.6855876163,518432.59265745385,1.2441603129021168
5000,700,354327.6693218825,382068.74576321966,282939.1325576225,1.2523105804380779
4200,200,164164.0679686819,181145.40146575074,137320.72161632078,1.195479211268365
3000,300,250668.33651805497,332129.0473526166,199557.73522844282,1.2561193693198789
4700,300,180616.80032315355,198320.37706061287,143441.4983667211,1.2591669940688326
2600,600,567622.9832638433,701832.3902418311,448124.5102241902,1.266663550672267
4200,200,164022.796675641,183632.37713077807,153927.2635835206,1.06558638708368
3700,800,544414.8036044309,760790.2392479333,443958.0202911307,1.2262754105611708
4600,200,117785.99737147172,138088.4005228797,87197.2004637001,1.3508002177260914
4200,200,136644.90225958746,159110.39662642777,112828.85828240226,1.2110811395217296
4700,300,200456.62473919743,215688.38463008785,130823.99861272547,1.5322618698775858
2100,700,826914.6604237967,962194.0330527727,645436.7014745662,1.2811708081282418
4200,200,135418.88944088688,165125.6378060199,92049.29190401144,1.4711562320555498
200,700,10206973.103594,7202037.298273293,7126207.248610589,1.4323149394208363
1000,1000,2730202.5614620238,2464921.949920009,2009571.061325612,1.3585996603977009
2500,800,778105.4371771236,1056003.2576689895,622143.5161953112,1.2506847968706483
4200,800,500580.8516952036,553826.1557349944,382652.627913835,1.308186107134023
2500,700,706403.7420746606,955291.0919180469,565878.265115245,1.2483316388389587
4200,200,133860.35796361565,148075.46957794114,94020.16245785909,1.4237409770868392
3100,800,663285.8364125611,931886.9324205599,516318.19742493436,1.2846454758337156
5000,700,356327.9329699733,380986.9015524217,275602.1793167797,1.292906804486501
200,700,10161085.717510229,7152082.925049242,7070017.65857421,1.4372079686657226
4700,300,177375.83576127174,199699.25765102878,131967.49793690105,1.344087283113318
4200,200,154152.02595040062,178034.90344675176,115640.3076979828,1.3330302298485635
3500,1000,703403.8479201775,1034750.7039066888,561529.9597885539,1.2526559547865384
4600,200,150863.29043443073,160762.57280761778,124828.15119872103,1.2085678509670699
200,700,10169975.516655298,7136042.290103928,7073478.313940563,1.437761602606753
4700,300,176859.70097432533,189680.07156667215,144863.04739585196,1.2208751931818713
3000,300,252135.21479587763,356439.7872367329,202193.698799836,1.2469983797342854
3000,400,344770.67002014787,428579.5515806242,273394.44557608257,1.2610741571346302
2100,700,853273.8960185996,983033.583965241,655222.8741204954,1.3022651218700931
4200,200,138985.52625670726,160992.03931125114,95501.69574595724,1.4553199832851216
900,100,324349.8076357425,261459.51357608158,225441.58652768974,1.4387310373008948
200,700,9900571.29904457,6946873.27366782,6890054.482919493,1.436936576276454
4200,200,157234.14163754546,168171.2308462191,124828.15119872103,1.2596048257354664
2500,800,789976.5053670753,1034932.9761551127,628283.9387816082,1.2573558810034637
4700,300,189923.55114359787,203466.1178134574,127377.27780538904,1.4910316377915454
1000,1000,2816659.285504572,2426377.4884189437,2034736.4989289385,1.3842870007921069
900,100,303317.63743275055,312421.0556278021,220124.3259467316,1.377937836394107
4200,800,486055.3518799197,543553.7219896856,381092.0028612611,1.2754278448001732
1500,300,570910.3686261985,597975.681497418,418786.3552329834,1.3632496892325536
900,100,307059.13013858785,314482.3602041938,226095.98676420422,1.358091908366424
5000,700,367170.50075432914,397936.1271552416,287954.5831544023,1.2750986517809684
3100,800,654644.4727259696,950687.3359307701,528823.7635913902,1.2379255960059279
200,700,10396096.48937317,7275734.418451001,7198864.578860058,1.4441300257129428
4700,300,173522.85318006593,184766.3910323704,129059.80774457617,1.3445150447107987
1500,300,531139.1965078773,603372.5370234646,397626.5790315133,1.335773875583359
900,100,308098.7760230182,311473.6370546962,226174.66606054085,1.3622161199103902
200,700,10345106.519158496,7212462.665522061,7167111.370636383,1.4434136689353456
1500,300,567549.4764036159,596195.0612897335,421388.3916447859,1.3468559828815554
4700,300,180601.05197658745,194754.3375746842,128615.20456007632,1.4041967479220427
3000,300,257051.8558059617,358379.57791798474,201497.15381078626,1.2757096114982522
2600,900,869336.7073384504,1103515.047957839,692550.2417870748,1.2552687947883623
900,100,335457.47488395136,267638.5119822659,232026.48813325906,1.4457723235947488
1500,300,536248.3695164928,557147.3190292721,396805.27204800607,1.3514144274061377
3500,1000,677747.2194192568,1033152.1631340764,563889.6857800067,1.2019145526340944
2500,800,807524.947666117,1091256.0506535496,642856.4148952428,1.2561513410388974
1000,1000,2796410.4134176434,2544077.2359940405,2061405.3172200792,1.3565553508849777
200,700,10468304.600239756,7309588.173722194,7245284.561398324,1.444843816903086
1500,300,535404.4210985133,595380.9849736565,403542.7487819403,1.3267601083518072
900,100,314850.1753029908,258279.15643121256,204974.63067830863,1.5360446034764328
3000,400,330529.360514967,450682.42436522956,254803.76944640206,1.2971918007064405
4700,300,167467.20315814184,189890.14962062027,131646.65191465165,1.2720961811221234
4200,800,484369.15300727705,543509.5162938748,390322.3016984071,1.240946650754119
5000,700,370935.47872961266,383358.6641295539,286684.4548254553,1.2938806847948998
900,100,311840.02724295313,308141.9071271369,226301.27666397564,1.3779861600427028
1500,300,489705.3415449542,534378.9686180234,364297.2257864501,1.3442466944066656
3100,800,627272.4896542355,833824.002255415,514701.2735603633,1.2187117496624382
200,700,9453305.836910613,6637532.109757217,6571233.917775779,1.4385891531480215
900,100,304683.29701704095,251341.0133001778,220968.961069002,1.3788511089659217
900,100,291141.5227621857,274564.1663026758,209656.41742991636,1.3886602009666986
1500,300,552021.0203914705,567547.2326355333,399115.47045688564,1.3831110574580006
3000,300,266456.6433899439,344610.9554120745,206246.42133295425,1.2919334147368753
200,700,9753256.82369821,6839138.586998801,6777085.365482945,1.4391521277529575
900,100,307952.38891616074,318412.9218147725,236983.04938546955,1.2994701085783338
1500,300,539823.2492279394,570272.0508869685,404387.397599672,1.3349161037959538
2600,900,919365.2795241881,1213156.7639417555,712135.0010958698,1.2909985860959252
2500,700,704357.4816210165,918390.2189425007,551204.3586335594,1.2778517995886771
1900,900,1224273.4938114826,1442021.2397488675,956722.9517103198,1.279653102941522
2500,800,836387.7518001205,1130654.5943118595,640234.5648069186,1.3063770651813489
1000,1000,2642027.792300063,2308906.96712894,1912826.713968945,1.3812164860548664
4600,700,401715.78590358974,437345.6979831034,309835.0977656777,1.2965470626165134
1500,300,546803.378031597,554197.6334135671,402994.3076215725,1.3568513690894781
200,700,9927263.598138308,6934279.340879944,6879840.178265202,1.4429497402425902
5000,700,365495.9789194448,383605.2449755882,290855.4444784048,1.256624161101381
1500,300,561506.2161574601,552026.4804429023,412492.8426659085,1.3612508099013063
3100,800,654920.1978634782,863673.3897467321,521313.4180577305,1.2562887797968632
3000,400,328177.9683529347,481771.0246150697,258531.4032285014,1.2693930573025072
2500,400,402223.2200954783,543232.1508240299,316211.743555257,1.272005952635314
4200,800,462834.88011865545,514146.10061237303,379898.5590564586,1.2183117547699656
1500,400,717496.51638449,753850.3092654066,527019.572592095,1.3614229028640292
3500,1000,711694.2152070231,957392.0652396791,552154.7011388089,1.2889398817743776
1300,300,659505.6074424475,641132.9136154853,483215.02526882704,1.3648284365237704
3700,800,551001.2371564633,735285.091777475,442484.71668039967,1.2452435448848362
1300,300,628914.3676124454,656273.6470296106,458799.8988825153,1.3707813997872986
1500,400,670532.5672169283,693601.2074149989,507521.7860540623,1.3211897215886252
2500,400,381722.999774369,494332.44080873684,304513.07163243735,1.2535520978722645
3600,500,376473.2444555359,517444.1736373997,283747.73989245325,1.3267885220803086
2500,800,817153.1802965237,1110664.86366403,655741.466853324,1.246151450841989
1300,300,656052.5070463606,631251.6936570477,486217.37497475295,1.3492987721395733
4600,700,385929.1309971557,428678.45561442105,307392.07211192214,1.2554947443688074
2600,900,873683.7645666009,1173325.5253641533,699143.6954806184,1.2496483487074812
3500,300,244694.9684034236,303690.2929364888,179479.86652842147,1.3633560863199943
1500,400,710537.0075645766,707808.8247860996,527186.328555443,1.347791035309162
2500,400,409241.53848657187,516735.6574525314,316311.79713326576,1.2937915758929275
1300,300,624299.6609996228,632491.3761429378,457852.23697846854,1.3635396107696243
1300,300,621688.53755161,638972.3786624746,465626.2485945465,1.335166433224339
5000,700,339784.37071098544,354646.06995877024,262849.35671103117,1.2926962232764159
1500,400,702183.6653560813,724871.7885038939,520492.9711976571,1.349074251166837
3600,500,366335.8700728009,469351.9478690976,277361.81501161173,1.3207869657813722
1300,300,561403.6378788113,585200.8230148599,420342.9528305193,1.3355847507336875
2500,400,401080.8764807211,524042.70764875866,312295.78271859424,1.2842980875029297
4200,800,468960.65340488736,521461.8960132043,384778.951423563,1.2187793840330354
1300,300,629072.4212384956,601301.1347297478,460517.85052717576,1.3660109385952526
1500,400,731787.8655276309,802732.0130229477,553652.1403919176,1.3217466566816036
3000,400,342185.3407502469,447373.7302604957,266423.12290463696,1.2843680271427798
2500,800,789595.9706704564,1079591.2555923073,638229.5792148504,1.237166054951287
1300,300,625991.6140725029,615671.1985079844,466600.8433842369,1.3415998340941933
4600,700,378491.8857953878,424919.19119539857,307542.53538872016,1.2306976832228778
1500,400,738095.9129482943,761647.1752451471,546788.8911521651,1.3498736439085604
2500,400,419910.7250789514,584921.6072263143,332191.28423515055,1.264063041406307
3500,1000,746985.0880059705,1048965.537784819,576448.7717999151,1.2958394996203555
3100,300,271578.8671723938,365450.1540021416,202638.55898370166,1.3402131782541793
3600,500,351524.9027929016,445287.4310210376,271377.2423628365,1.2953367044790962
1300,300,630138.6256284972,596622.8596744393,464993.4318710452,1.3551559708982106
3500,300,229889.3600594034,348424.41964023694,170411.3910135057,1.3490257822094995
5000,700,337178.94129047287,376704.2229076036,271083.4146193178,1.2438198838684873
2600,900,883054.1312256777,1228870.9833248793,697756.7161110924,1.2655616360775859
1300,300,644860.5334160136,614662.8471122292,475953.27999912517,1.354882003160476
1500,400,686031.8514918513,717357.2542819238,509607.5388928041,1.3461964337936492
800,100,359066.3882262858,288230.77000159747,253621.78484365094,1.4157553084315602
3100,300,272386.0892611008,351749.7076533566,192399.95759589353,1.4157284266829508
2500,400,423141.85040886333,534785.8544021581,328073.33469129907,1.2897782467051737
800,100,343382.04306525004,324513.7814500109,247639.86669007305,1.3866185911616586
800,100,350218.25433846965,334039.7859002916,254357.98510972978,1.3768714757957603
800,100,362139.70237343217,319356.83403799345,254446.49931810846,1.4232449781935728
1500,400,676730.6365512753,766155.6935653167,517062.8064570028,1.308797747779118
2500,700,731700.0830697911,955079.4462980554,575909.1663088046,1.2705130007905634
800,100,372058.58744765865,288825.5947876937,261029.79914991642,1.425349092936226
3100,300,255905.7641218665,345467.4509024229,203897.60886038028,1.2550699615957686
3600,500,374009.04370477685,583457.8086588016,289659.9037508505,1.2912006075458715
800,100,337927.6692817988,286177.3576352338,230596.45951309722,1.4654503802674625
800,100,361807.4635409782,346634.058605325,254588.93624697262,1.4211437027648155
800,100,351496.3531483721,277743.44819887145,248590.08120262725,1.4139596859532997
2500,400,400210.2897624705,520048.2021660275,305764.52333568246,1.3088839914992398
4600,700,384039.19997025246,413201.0189843788,299567.586213891,1.2819784838004764
2500,800,831993.9936574596,986561.6039790619,646428.6383915858,1.2870623982990437
800,100,319043.0453273333,300384.03631143743,235863.4696086559,1.3526598496015036
800,100,363484.4337474149,378251.7500397154,266605.93055865326,1.3633771498847
1500,400,724194.1402760021,753999.6021030857,532846.2458092739,1.3591052690558298
3100,300,269328.73618218163,359385.45034113637,192002.55099097066,1.4027351969654165
5000,700,353255.57638953795,393688.794166513,275193.60713060806,1.2836620009922008
1600,400,658714.3498988913,698916.217723698,494080.84930508904,1.333211661260206
3000,400,346860.1386425055,477721.01373588346,278305.13057331985,1.2463303782002133
2500,400,411580.2231846401,543571.876484839,310237.68387420167,1.3266609589295795
3500,300,229498.47344264408,307086.37394720694,180595.0249906225,1.2707906735224899
2600,900,861728.1155385051,1115088.8927687563,685453.3776065765,1.2571651751829334
1500,400,752305.0186915726,778313.1166956702,556610.2611466397,1.3515830936026831
3600,500,343326.7709715097,495046.03868492565,275817.8984132379,1.2447588533835037
1300,200,435519.9385878136,362733.24097326456,310517.78696051025,1.4025603584608837
3100,300,263340.80770303996,378666.84056705865,195262.6203783582,1.3486493584525672
1300,200,457315.8408382244,449310.51399351883,330346.13588998973,1.3843535345317843
3100,500,429910.0388868636,571961.1369731434,329513.50439123606,1.3046810924520573
1300,200,429066.9838052138,468620.7930310529,312445.4495467209,1.3732540653982357
1600,400,627067.0825226528,679055.5310822119,475801.6744256834,1.3179169309976775
3500,1000,721750.553450208,969247.3873843775,575769.6064493558,1.2535405574828524
2500,400,417577.75402802933,534410.206937887,319707.7474855643,1.3061233495659472
1300,200,414731.3628152275,542860.360479127,316054.13421005325,1.312216224767344
3100,300,232003.08345495525,335710.7770533941,176272.85118699196,1.316158908718417
4600,700,402064.12032503734,418526.4958125066,312994.1121243504,1.2845740694486294
1300,200,370884.63353970635,421953.15532276605,273642.7223519802,1.3553608528373218
1600,400,655874.6028943118,695296.443564271,494237.18302072777,1.3270442318517446
3100,500,425646.4613686254,583942.0497096834,322097.5916263878,1.3214829059086775
1900,900,1208696.907599023,1544342.5842608125,954824.9799414949,1.2658832068606791
3600,500,360105.29746637895,469334.49577064154,273650.1872955631,1.3159329471879284
3100,300,255104.65023359715,332221.2855413816,193120.38893075113,1.3209617671444949
1300,200,426234.6935454984,395709.57260141394,297390.01999757544,1.4332515043678111
2500,400,429616.40129443986,593250.0911243448,333966.1566879838,1.2864069987062183
600,100,477287.68473653065,373930.6386270169,338162.37979153456,1.4114156785588097
600,100,472727.1629438336,388792.59144090436,330186.4889200974,1.4316974764471055
1600,400,647867.2668689245,691226.9474263422,487962.16049780353,1.3276998081326445
600,100,479118.6988509552,408830.26335404685,339143.98014630633,1.4127294803943267
1300,200,427111.4162948436,373557.0861720442,303757.44794077554,1.4060936421157935
600,100,484364.3645141898,417444.3118647553,339261.99909081124,1.4277000247956995
3100,300,249865.67393677743,352902.7530834477,195671.32141919612,1.2769662520011205
1300,200,454904.10049574426,459206.923394533,333319.8687405632,1.3647674296002292
600,100,503904.1782654159,368910.82018959307,348039.73219988856,1.4478352085847779
600,100,445494.2606189478,347088.9063300926,307461.94601746293,1.4489411336570577
3100,500,422136.82085450087,553305.6131904913,315147.7653245843,1.3394885425245642
1300,200,439199.9014085416,397027.69557477965,308543.94010232337,1.4234598198975756
600,100,484930.1964976079,413383.7150528089,339451.91499596345,1.4285681567104265
3600,500,359717.8746800783,503136.84837766597,286950.1983702999,1.2535899146369438
1600,400,689677.9420774363,780748.4465001032,519048.8816174227,1.3287340874876978
3700,900,612234.9191541589,810671.9420143244,486656.9266611877,1.2580421352564022
2600,900,854500.8283424492,1125068.185044835,679318.8457763368,1.2578788791968687
600,100,483083.02654698194,349162.475195979,331453.44160350296,1.4574687298762883
3700,800,500165.7384142653,718300.2798130574,420367.24067250756,1.1898304387708598
1300,200,435851.6371804292,458932.05260340334,327232.96399141336,1.3319307195220895
3500,300,232152.51695012586,352735.1478736121,170059.4023062883,1.365126031267614
2600,1000,1005330.4731911268,1322210.6377270692,787278.6833685086,1.2769690002143153
600,100,440683.57833951083,363984.6505175122,314484.62614487455,1.4012881448026646
600,100,481261.2518312941,443027.3843045378,355474.57407820434,1.3538556254811538
3100,300,260474.3523817085,338682.8383062025,194997.24562334153,1.335784777621132
4600,700,376472.78238406475,418285.64751129027,311613.5378537558,1.208140008861708
1600,400,675268.424138913,754161.0208879055,512614.58545515477,1.3173024008658212
600,500,2400851.21011482,1938998.3983652473,1702486.4393547198,1.4102028389869559
3100,300,250253.44536303522,342362.7294000853,199593.3109673751,1.2538167945114198
3100,500,427955.51604113326,676443.1953967465,336379.24306550383,1.2722411529946769
3600,500,381478.67026970733,539625.3782467034,284328.4324659679,1.34168316183211
1600,400,642259.9150559735,695264.8071518699,477757.0677120039,1.344323210395986
600,500,2335518.762783133,1843359.7379751885,1664170.8900696703,1.4034128205940177
3500,1000,713072.481230898,1005547.878445952,574163.1603787463,1.2419335311595403
1600,400,641361.6385759143,723025.2004437128,484746.3810534401,1.3230870072348377
600,500,2309791.183075732,1763945.3893803894,1628263.454177019,1.4185610916650961
3100,500,414699.5715670691,584756.7004834571,320304.65622182464,1.2947035377464884
2500,700,722844.2331107364,933768.2211696757,573368.9096509106,1.2606965968050694
1600,400,682322.0567428425,706633.6514038027,499543.35544619424,1.3658915673763483
3500,300,233816.80105971993,292029.36827977066,172946.89233511727,1.3519572274629585
3600,500,350830.4111007537,524862.90710194,272693.65959466173,1.2865367373126178
3700,900,670603.0558801736,902364.2190927191,500419.1899592599,1.3400826134081083
2600,900,871059.504081403,1136959.5184235594,692794.6894470624,1.2573126170707492
600,500,2412193.347580678,2011610.5340222893,1737959.422505103,1.387945723211265
2700,900,850077.6599788278,1067199.3444770705,666900.2328319979,1.2746699103237156
4600,700,401002.95255025197,431323.3993476762,315012.37223470974,1.272975247624472
1100,1000,2576900.2719658734,2339844.8608738366,1860840.5243255657,1.384804467808886
1600,400,704661.2513965484,746516.5044460117,521822.1198249747,1.3503859354082193
400,200,1471565.203229038,1032554.546675251,1009182.8076216583,1.458175062154573
3100,500,407597.57581955387,548916.1796023916,317787.3142787185,1.2826112229957247
600,500,2333069.513208432,1854167.3245629421,1654907.390479427,1.4097885637773007
400,200,1560005.0668829938,1127302.055566992,1073624.9416424667,1.45302610471814
400,200,1452144.1260388733,1114314.3827260819,1015447.7110268429,1.4300530793165445
400,200,1450513.91895283,1143284.2466882179,1027175.9361826731,1.4121377534830317
3600,500,390183.43488134036,526838.9843461588,288145.1780149138,1.3541209940398353
400,200,1290522.6445129556,970417.7988940803,889338.8476439357,1.4511034213020702
600,500,2337265.743702806,1826436.1102198574,1641901.1237733788,1.4235118728290754
3300,100,84010.73535791489,101168.98140841963,61484.06905300629,1.3663821645488043
400,200,1379660.3442352123,1007766.8334978624,966517.5649921201,1.427455013967036
400,200,1421646.9798298457,1008897.7753026063,987211.7058075204,1.4400629282114978
3300,100,97655.46437438551,135439.39965616146,82764.5367230505,1.1799191808583853
600,500,2436444.1582660144,1906292.943639677,1721701.1902217993,1.4151376395065034
3100,500,410032.3171042049,586639.4882445324,333232.4884300257,1.2304692109584212
400,200,1542712.532442607,1166916.7595278132,1083289.5734068304,1.4240998624134638
3300,100,78655.18150839835,163846.03055235647,61662.54184478297,1.275574751789981
400,200,1445704.431650413,1034565.7834132436,1002767.805332551,1.4417140478208408
400,200,1526748.6353483123,1155961.0420152387,1063507.1329720933,1.4355791212059268
4600,700,352565.6532945238,383754.1495344294,285705.8225119904,1.2340163395855452
3300,100,92733.60806518115,165596.98231592576,70156.3045836674,1.321814320402073
600,500,2417970.700298643,1915418.1208593016,1705970.5947958075,1.4173577831146948
3500,300,214783.6909818146,318604.64571669063,156127.38247990716,1.3756952020216968
3500,1000,718784.0388620256,930407.9696934022,581353.2854082682,1.2363979991224159
2700,900,876539.6917074728,1177897.8553711886,685759.6306849116,1.2782025253251157
2600,900,865821.222049574,1049983.197241316,674217.7301812329,1.2841863737650998
3300,100,83029.22909404371,111747.71682190176,63279.95130907065,1.312093757602847
1100,1000,2424783.391678327,2391289.204284366,1786686.2356908533,1.3571400189025034
3700,900,597106.1788796086,793641.3939487261,491290.1643917859,1.2153839465091312
3300,100,101623.63185327865,114734.55839532013,67837.48332561705,1.4980454296261185
600,500,2292603.548127469,1847861.6009150648,1636161.9575679705,1.4012081979556894
3100,500,421994.2949054371,579441.4081743945,330187.8570572531,1.2780430469684572
3300,100,125310.73411762141,145404.51952425553,96621.71431835281,1.296921038936889
3300,100,80504.3787595701,110644.51196123377,60264.26210972782,1.3358560437194027
3300,100,79680.52790074958,144545.89243694293,57179.022935431734,1.3935272729428627
600,500,2317945.134609288,1978304.4817203677,1677736.5633240486,1.3815906413917651
1900,900,1225467.5784581222,1397066.5219973,937988.8325142625,1.3064841882746918
3300,100,110446.45594705138,156895.5181351746,100588.76879010165,1.097999878868383
3100,500,402043.5220470326,614826.8098183178,316676.5079163814,1.2695716669744015
4600,700,368823.98205172364,393207.3030088826,294655.88545578026,1.2517108948332
3700,800,523881.35674165015,701908.100822729,424516.17485243804,1.2340668925601044
4700,900,464944.08174220164,497698.95160800364,383112.8997119988,1.2135954756201595
2200,1000,1217697.4034815861,1406399.4594576242,930420.2621627828,1.3087606246353891
2600,900,876714.6032934448,1114446.552583721,684896.5697251733,1.2800686148059435
2700,900,842820.7533946781,1126574.9874007269,673249.4845368918,1.2518698829371244
3500,300,232163.23197439857,319953.52114159416,171049.4873386653,1.3572869208004852
2100,600,759968.1153208371,869999.9354933817,579109.0308304556,1.3123057573994754
1100,1000,2406451.6993411565,2364128.359465823,1794194.454754567,1.3412435274025758
3100,500,418503.43734648457,695012.0388612028,324723.2058046546,1.2888005226157007
3700,900,614951.4881848504,813602.3341449784,490315.53024022706,1.2541954114395657
3500,1000,713171.1506762917,974239.1546541909,588972.9477771654,1.2108725084366962
2500,700,733755.4386450478,989577.8159610558,579622.7649118659,1.2659189442923595
2100,600,741639.3995770874,959331.1672525767,582449.5978495834,1.2733108621162006
4600,800,483541.1550279858,503239.2810262271,355141.74736418686,1.3615441119405467
4600,700,390984.60711973417,411977.04137074173,299123.4860115305,1.3071009980963602
1600,100,172591.02259083258,171035.77545521836,126810.89242182547,1.3610110243268652
1600,100,162518.31969754133,194210.41335901135,123819.93334503651,1.3125376125398802
1100,1000,2386076.070345279,2255748.0008815257,1756855.8672598463,1.358151294486566
1600,100,170576.54246149427,224580.96689105465,127178.99255486489,1.3412320622677345
1600,100,171674.51938962936,191148.82722542356,127223.24965905423,1.3493958050096988
2100,600,698233.8491876001,953735.6647597643,551475.0050247815,1.2661205726925444
3500,300,222612.30664073682,294225.11296993156,173308.88468557372,1.2844829452604927
2600,1000,947562.225916338,1335097.0445730528,755905.7150999764,1.253545524247046
1600,100,181071.98796724874,163468.70139669627,130514.89957495821,1.387366412240575
2600,900,889500.0292514476,1177785.7176991224,700168.1004650295,1.2704092469517962
1700,800,1288351.741954242,1377147.7509469795,960971.7869854468,1.340675927641727
2700,900,834741.385687976,1202398.7117724773,671913.8747736445,1.2423339017507045
1600,100,184306.9542890078,184206.46080904777,115298.22975654861,1.5985237126204852
2200,1000,1132581.0129017404,1503680.9816291726,893343.1178454267,1.2678006806984867
1600,100,173334.3820441999,218069.57819893287,127294.46812348631,1.3616803982090646
1600,100,173112.30298700443,168193.2257454135,124295.04060131362,1.392753098993516
1600,100,163332.83039875535,178193.35500772635,117931.73480432795,1.384977764210429
3700,900,599258.1343273711,773838.316672615,481669.9410208375,1.2441260774075305
1600,100,165438.0391099903,263754.32957671257,133302.96527932663,1.24106795946607
2100,600,781855.6589923234,1053768.4477239493,597002.050009629,1.3096364727385994
4600,800,451884.7647028583,496545.83550032915,357096.66849503986,1.2654409983921064
1800,300,473130.59134684614,517174.054752692,348988.6293608195,1.3557192170226158
1700,800,1282141.8819661424,1359236.71214641,966261.5735748138,1.3269097282040176
1100,1000,2484815.7098191674,2370319.7398262927,1834155.1829997299,1.3547467154634611
3500,300,221884.75173351425,294407.8850716753,172711.84612353108,1.2847106710608174
3500,1000,681958.5566941408,883637.2760082015,546521.9182768414,1.247815565831879
1800,300,433834.97799737565,510775.4387701055,331355.48252626107,1.309273577397328
2100,600,783447.5341405342,895214.9231178177,597255.7203511666,1.311745551268882
2700,900,845470.0856574498,1111753.3242234464,660066.2154729996,1.2808867744451833
1800,300,465874.3965655953,547322.8574519625,351156.99303732155,1.326684092308768
1200,500,1142197.68365421,1123243.6698838363,851243.2196773599,1.3417994496180872
2200,1000,1142334.274231655,1522743.4832985783,897097.2273772835,1.2733672999651737
1800,300,452556.3293677682,501668.29107198684,330671.0600400051,1.3685997477765888
3400,1000,748810.2111270898,1007510.1583086912,602036.6402229771,1.2437950800631534
1700,800,1298239.6584370155,1424544.9646384574,963054.9715985169,1.3480431509347235
1800,300,454570.179383601,514866.43247773254,336285.62398495025,1.3517383645396164
3700,900,604597.1933779614,808657.8433465944,477359.18892391236,1.266545627289328
2100,600,765763.4160497296,858181.7488692895,585733.3113963886,1.307358487472992
1200,500,1150015.7865405534,1068748.7314067401,832085.4450348351,1.3820885744401024
4600,800,461038.0598991834,490812.8027389257,355911.61993858236,1.2953723173712117
1800,300,401286.6411655568,484516.2375557593,303581.0214887084,1.3218436356716803
1100,1000,2514314.9977297983,2304082.598993405,1831994.2023388594,1.3724470276815492
1900,900,1207908.9499639487,1380626.6455691026,929594.2100097241,1.2993937967312783
1200,500,1117038.1955440086,1013922.3358887117,814131.7270885095,1.372060759182977
1800,300,443173.0918079303,495515.6507173468,332596.22538073803,1.332465788812275
3500,300,231130.66041153058,304582.8757137195,176782.64685681794,1.3074284412017594
2700,900,819992.655144553,1121797.3331478634,654158.8885253614,1.253506861296378
1700,800,1183928.7895431737,1348260.2798008847,914916.93558134,1.2940287183457841
2100,600,746901.6113968011,882218.3587596681,577500.0986804295,1.2933359026317899
2500,700,665753.9624424226,878304.4504209618,525698.7134220623,1.2664173326745725
1800,300,451262.88338657585,508262.1369894798,336989.4979997267,1.3391007318184789
1200,500,1139283.2525210504,1234057.7026679795,868979.7112525515,1.3110585181314327
1800,300,440189.77882537886,479898.93916610314,335828.5896846437,1.3107573099679644
2200,1000,1117671.853326573,1416199.5412761744,878427.9336299232,1.2723546355226016
3700,800,536866.9398290542,801680.6989211882,434362.44249678566,1.235988398865832
3400,1000,724384.6419651831,1112138.411100423,578045.5468411584,1.2531618761250267
1200,500,1105176.7176511718,1119852.7574904105,827453.6952397135,1.335635726819737
2100,600,735144.797447645,942030.1813060382,568793.2512524867,1.292463994305226
3700,900,608179.269769378,794605.203719275,486828.7006925303,1.2492674916335507
1800,300,455663.826337858,505176.77776082465,343744.03555492376,1.325590495271449
4600,800,409505.2687298511,453240.9575322222,338121.4761931039,1.2111187770160432
1100,1000,2452222.1281851935,2293767.5863260315,1826882.7830232836,1.342298559586316
1700,800,1204115.726851786,1280915.5333922661,923946.9687964828,1.3032303449409506
1200,500,1099477.12264048,1057665.571311009,820950.5618866894,1.3392732445589506
2600,300,319590.2098106935,389993.1277978161,241607.51263441352,1.322766027951618
2100,600,735697.10203354,945700.5411137867,577441.3387812807,1.27406379249928
2700,900,846030.0730641143,1043434.0949496608,667135.626874949,1.2681530396257763
2600,300,308859.8571335688,393418.9909413257,229399.94944125766,1.346381539690175
1200,500,1158014.9053852016,1128941.2217698812,860850.5951108997,1.3451984722575694
2600,300,307387.25223903486,423559.86292677285,243108.68748737648,1.2644025823017784
2200,1000,1199737.658666413,1524455.050084381,917077.5914998649,1.3082182683193275
4700,900,518348.32434946764,574621.3144941508,393947.0218828216,1.3157818070868648
1700,800,1235763.6259823965,1456753.3933798699,945377.0807282982,1.307164782364293
1200,500,1141674.140353093,1123904.6211516391,852985.2973979037,1.3384452743040898
4600,800,412630.2188385935,463692.2937786157,341458.66238130885,1.2084338876071827
1100,1000,2535089.4793436276,2278501.387723642,1849760.4535717624,1.3704960955612069
2100,600,717737.7872369898,821578.8480636493,554820.8221823308,1.2936388804115928
2600,300,330057.2527973296,436409.0424484987,228926.11848923427,1.4417631984305506
3700,900,572278.5011962132,729334.4403647371,473774.621208434,1.2079129518093015
3400,1000,715279.6382858059,1042400.7906152856,580474.6765382423,1.2322322871197338
1200,500,1097774.4813678588,1112540.956144797,818080.9787839853,1.3418897515495551
2600,300,310434.56757632963,425039.2669664277,232813.12429727326,1.3334066475562756
1600,600,997533.8509172627,1025825.9212539293,760080.602964973,1.3124053515193208
2700,900,814988.4935108835,1000945.8383581587,649246.7031374836,1.2552832221903525
1700,800,1244611.9293742727,1386930.6478670717,941521.4188337039,1.3219156829337115
2600,300,269724.0799234919,403075.86321390624,210171.47641525965,1.2833524535487748
1200,500,1133971.5610562563,1223580.9869710114,838868.2816620243,1.3517873852728735
4700,200,105629.19909689606,115850.93001865728,85887.8985209922,1.229849616952484
2600,300,302076.3355651451,381305.49780955346,230258.92526358788,1.3118984865379033
1100,1000,2518190.7710568705,2437541.110867839,1874004.8338364356,1.3437482794010018
1600,600,991882.0383247534,1131717.397356874,764465.0971775783,1.297485054565347
2200,1000,1167914.7574786763,1456900.1536172177,915997.1011694297,1.2750201457926338
4700,200,151589.6644631785,169281.37084563385,115155.9162563489,1.3163862473702552
4600,800,460684.3170091466,500847.1477178838,349378.4863561102,1.3185823827159924
2600,300,290522.3989257947,413299.2691278734,233300.42169211846,1.2452716408253683
3700,900,612361.3180029492,788208.9040785813,481278.6706176894,1.2723633009063624
4700,200,162417.29899679733,176742.2412403846,137320.72161632078,1.1827588515781131
1700,800,1242772.9682856638,1474951.4424997726,964325.6865490058,1.288748174626693
2600,300,313181.21205049177,398894.880546574,232496.7159355226,1.3470349926892948
2500,700,696374.4268527604,900538.9860296558,542166.8292386356,1.2844283148614577
2600,1000,951243.3289366267,1303669.11026908,759082.2693192399,1.2531491873597846
4700,200,171395.66978484349,176009.93035400411,153927.2635835206,1.1134848096084329
1600,600,940265.8690715593,1152943.5100303222,723810.9440950257,1.2990489805969503
3400,1000,722137.4026707205,1013969.16933587,568394.5452899503,1.2704861590505634
2700,900,839949.4270159899,1106343.0302259282,659530.0301057225,1.2735575162230994
2600,300,313080.44765373087,399467.2522607931,237976.63999956258,1.3155931929045908
4700,200,133693.3941860512,136858.32006258145,112828.85828240226,1.184921980256386
2400,200,235497.58689023793,250951.99525632107,168197.1346036097,1.4001284114930688
1100,1000,2384330.711361494,2120491.5109018134,1738933.3763354046,1.3711455216221036
4700,200,127074.0025621074,134060.59190263294,89579.42667687622,1.418562356069532
2400,200,240100.66198994574,314374.01844893623,178937.49027374445,1.3418130634482013
1600,600,1045207.575916919,1177958.4646823045,783565.1906376381,1.333912721501022
1700,800,1232704.8980394134,1367793.3855028576,938572.9106100742,1.3133821401665566
4700,200,113606.10943630707,125901.11317010045,84018.01751553366,1.3521636524606524
2400,200,242293.63706345763,331823.82045864005,169241.28517114048,1.4316461661139304
4600,800,458832.3631568895,476985.2394314009,347953.5678298471,1.318659745375174
2200,1000,1163158.651607431,1408946.6879401489,913441.3915116418,1.2733807143143967
2400,200,223587.38539799268,391185.27366931294,171195.98936377885,1.3060316788314823
4700,200,157721.5030711167,158951.38921358428,115640.3076979828,1.3638972968062064
3700,900,604872.7360765047,849993.7886899476,492010.01654299366,1.2293911012757779
700,300,1267238.6386448517,1029067.4400445967,897399.3326421074,1.4121234466643406
1600,600,1048051.8440330825,1107432.8920462863,783898.1329609061,1.3369745378451487
2400,200,207327.58656207798,314348.34521619824,148223.14127398928,1.398753155412046
4700,200,131051.82944331846,135377.74778029358,85341.94087936604,1.5356087299275865
2700,900,839064.0720779051,1172142.878948619,674235.9485959543,1.2444665310789091
700,300,1213912.234941125,965979.5474738022,852056.9550675285,1.42468438021836
2400,200,227220.055102209,280262.86897431605,161086.26083202002,1.4105489439546492
700,300,1303754.5839817151,1051302.0378677957,902975.1249531126,1.4438432997247994
4700,200,155574.81869102546,157569.83589741192,124828.15119872103,1.2463119672689622
1700,800,1266464.5226044334,1284124.3938462236,950630.3505758615,1.3322365752758152
4900,700,400442.3991583951,420472.4234657933,290865.60198410565,1.3767265583376795
4500,200,112270.15560899646,130924.73078828557,89705.13845525852,1.2515465394994345
700,300,1187853.3936404102,999277.0029465427,850297.0115314416,1.396986438304666
2400,200,223526.13994793268,244585.79038238144,164535.2843012534,1.3585301225642936
3400,1000,767000.3663021554,1042527.1444416179,593403.147441089,1.2925451602500988
1900,900,1235910.0768483512,1419728.577182647,948034.8381907169,1.3036547045117366
1600,600,1031359.7993518831,1030932.6029415785,768774.9712077599,1.341562665251182
4500,200,150467.59136049962,162834.93315970813,115155.9162563489,1.3066423007354941
700,300,1210496.2359788665,994962.1545159966,864734.4616755864,1.3998473399953337
2400,200,250868.34113541504,323794.43209583685,180548.26223447174,1.3894807849749398
2100,900,1100754.8472875087,1308587.7641768795,857443.1564982831,1.283764222672075
700,300,1101373.825444135,904024.7543885232,780636.9123995359,1.410865676411217
800,600,2128096.0205991413,1806838.7435722607,1520161.205929946,1.39991470134728
4600,800,430528.4663212898,469086.7129837271,356381.2319855021,1.2080559459393867
4500,200,177127.6588252538,187157.9722473486,137320.72161632078,1.2898829596901995
2400,200,217738.2898769087,275403.289927642,167127.96755542516,1.3028237766650246
700,300,1215736.4770032505,951905.5278403332,855247.4366933265,1.421502625840886
2200,1000,1177873.8245280553,1416902.43679348,924880.2267858812,1.27354201161957
700,300,1238250.4990471278,988760.9057228712,866544.4234278685,1.4289521293655874
1600,600,1004309.5866540328,1057432.1653786502,757968.8795180636,1.3250010835439563
2400,200,228837.70490131053,331184.6315201206,177251.18882868224,1.2910362204819283
4500,200,168857.9140586015,186630.38506081724,153927.2635835206,1.0969980894059068
800,600,2109228.163373701,1833456.4059880103,1528930.1943551565,1.379545103603171
700,300,1226349.482693596,974973.0060667982,863559.2306176553,1.4201104443252344
700,300,1259027.548956705,1002424.8786295804,883913.2342840896,1.4243791133825854
4900,700,361404.82881003304,379695.61410792766,288572.1493295596,1.252389843058957
4500,200,137230.0074344937,147129.33933033195,112828.85828240226,1.2162669154288273
3700,800,551949.2161124216,736431.5541816262,432590.9221668369,1.275914929855028
4500,200,131510.7835388072,140586.65823480618,89579.42667687622,1.4680913734041015
800,600,1992033.6317992124,1781112.7870991845,1447621.8881900513,1.3760731638907686
3100,900,722782.0255814474,938045.1390914839,580848.5898859337,1.2443553073329945
1600,600,1002518.2193419164,1101897.5767301938,746541.1422688888,1.3428840857920592
4500,200,122692.02749938743,131640.36711485786,87752.15162733514,1.398165460608129
4600,800,421027.9848667023,455159.54500907206,346863.90174720134,1.2138132066955547
800,600,2153797.7774502956,1958748.035746874,1567130.3812752762,1.3743577453316997
2400,700,772274.4532498928,977034.9459327235,593850.6040508824,1.3004524167895308
1600,700,1191807.068694794,1234469.1175913722,890775.9060763236,1.3379426414264481
3400,1000,759988.9645891304,970705.805903352,592704.0066390428,1.2822403022019122
4500,200,152271.01720029846,159670.0940320093,115640.3076979828,1.3167641995383124
1600,600,994137.9717215501,1098102.7699513393,757891.7571504308,1.3117149808560693
4900,700,358772.06546409655,384724.45322258864,288713.40056900255,1.242658168124586
4500,200,134867.31720086737,151298.911097583,89134.91602956009,1.5130694368539137
2200,1000,1194041.5495356438,1568868.1551561775,937002.4169182178,1.2743206719389504
800,600,2186400.2889822056,1814490.8409033017,1567796.2659218123,1.3945691391838304
4500,200,156157.9092931948,166486.85824813604,124828.15119872103,1.2509831139339567
1600,700,1162689.5513833668,1275675.6325252866,883752.2073217762,1.3156284552962128
1600,600,970906.1395794,1009602.185514763,728202.329114309,1.333291725062572
800,600,2153624.9413796947,1742738.396396717,1537549.9424155199,1.4006861708806086
4900,200,103565.30292918462,115379.03331286603,82382.2700099313,1.2571309690386012
2400,700,742339.6139120229,901577.0819496935,589168.1382145174,1.2599792245413914
3100,900,776905.223926697,1061162.9466820604,597274.5170481489,1.3007506628046335
4900,200,149720.2891879827,167053.08172711934,115155.9162563489,1.3001528193713467
4600,800,426141.1693305699,467584.42292532505,351319.9121693401,1.2129718657255188
800,600,2104487.2665501805,1758041.3559454659,1515937.7590361272,1.3882412084571787
4900,200,172072.99770084588,180502.80014838837,137320.72161632078,1.2530737945116852
4900,700,378562.1141925444,398577.5385168424,281226.71358855075,1.346110080944872
1600,700,1151392.7299994281,1245735.6401193067,884184.7892425704,1.3022082533061434
2100,500,632793.1946048596,791824.832398887,486424.69695849135,1.3009067972115291
2500,700,717864.3300074337,871671.4827872346,550387.2142612161,1.304289619029435
2200,1000,1126126.5543670654,1244692.4034561722,869466.6881677023,1.2951922939569351
800,600,2063128.6038629387,1779382.3131264686,1493082.2845377775,1.381791630125485
4900,200,164577.9037278077,163530.75291292934,153927.2635835206,1.069192681636337
2400,700,740355.3379252342,940285.4317354367,589456.5261617136,1.2559965070640722
3400,1000,753103.0673131758,1064753.8570781914,591050.3121545918,1.2741775984650836
3800,800,554656.3431697238,743587.8337737733,429908.43101980514,1.290173216314922
4900,200,132332.38684237312,136248.51501308018,112828.85828240226,1.1728593983567128
800,600,2120144.9489502003,1788268.0551439824,1515783.5143008616,1.3987122362444309
2100,500,626226.8041682873,715736.7037091897,475477.39716276294,1.317048524083513
1600,700,1142682.2311106485,1199540.8047307602,861256.8103649366,1.3267613299063084
4900,200,121197.19743176246,128781.32601524366,89579.42667687622,1.3529579494735475
3100,900,724266.5436029177,1044055.7197203921,586378.5833063251,1.2351517675135821
4700,900,479889.3965096523,505188.08795310126,386760.3421807676,1.2407926671172433
4900,700,379737.1894081179,413061.1194502007,293831.20730041055,1.2923650721003157
4900,200,113652.93537731214,113940.63955636424,80588.71067816493,1.4102835796838946
300,1000,9802402.362910565,6990712.562026027,6823081.922527074,1.4366531831527587
2400,700,729469.8327204011,947746.6458632955,574171.2069099577,1.2704744228576366
800,600,2027697.687826987,1662867.5779400037,1456404.658228618,1.392262566842663
2100,500,621248.9224162045,719407.9700394387,465218.1297648626,1.3353927602310023
4900,200,148652.264470426,149624.72042402145,115640.3076979828,1.2854710215633491
1600,700,1191749.7383559374,1344290.6448556602,899858.0723575073,1.3243752264551154
4900,200,119114.1654060194,124653.13300998007,81858.59635367764,1.455121034465038
2100,500,627070.4041032728,826884.5974318566,496559.83500145806,1.2628294918404577
4300,400,226241.95473949818,264066.76259525557,183844.0369507308,1.2306189446880444
4900,200,138603.6027068607,148662.67353090504,124828.15119872103,1.1103553275110976
3400,1000,732522.1381461459,920440.7603986692,598451.9114496878,1.2240284041731722
300,1000,9408537.603440369,6842004.687092441,6551182.864199796,1.4361585989081667
3800,800,543856.6033128689,717407.9287559629,432274.91449399566,1.2581266806783975
1600,700,1179398.0578634038,1259885.43099152,895888.9213295479,1.3164556785824664
2400,700,763409.0751009072,980725.6491392425,599905.3815716716,1.2725491361669035
4900,700,362854.94412154506,407912.14763213013,292535.1579851585,1.2403806319237505
2200,400,472441.59874906606,561504.9009607807,359331.52676733746,1.3147791483795017
2100,500,611074.475755186,762781.236172541,472830.68299412203,1.2923748346567911
4300,400,245206.59971556245,278888.6871204318,177042.48350723102,1.3850155898064285
3100,900,727576.8899086448,1031535.5061421705,585215.3102867226,1.243263593961978
1600,700,1181403.6310820787,1336689.3333377247,905660.5701747905,1.304466231597198
300,1000,9459591.07609839,6845502.523181451,6578713.000766746,1.4379090674719932
2200,400,440445.39333421295,556114.7451055964,346037.581400497,1.2728253143824
2400,700,765401.1746954005,992153.1056180954,597259.2808863652,1.2815224462640473
4300,400,241037.3875348058,257738.34629048203,183902.20763561965,1.3106824036196059
2100,500,610957.3316018134,756433.7173982938,469114.6067923939,1.3023626268627186
1900,900,1214367.3060100283,1312395.9189502022,922613.7360374767,1.3162250447577344
3800,800,542632.4955915632,678770.4024361186,430840.38203091547,1.2594745484016072
2200,400,459570.41619807755,555616.984894764,359445.2240150747,1.2785547991557225
1600,700,1075830.7462098647,1166747.6518789558,821404.2397219724,1.3097457916384876
4900,700,376866.5582347511,411172.5545319951,295725.90046523773,1.27437792104737
2100,900,1139536.0948272592,1394819.210415555,881690.9537377435,1.2924438999815473
4300,400,250491.7203290332,273881.7007861538,181567.31553406644,1.3796079960329362
3400,1000,736832.162951484,1071335.9811282316,606295.6815353174,1.2153016842963653
2100,500,621422.3630938457,807627.2529251737,491914.62577765697,1.2632727927360419
300,1000,9252431.634207325,6671655.592592497,6441804.8466194365,1.4363104525066237
2200,400,455147.82004335016,567288.5986075966,354881.5712711298,1.2825343914396075
2400,700,781713.8923278864,1042686.1335409351,603773.7134498603,1.2947133585218644
3100,900,707252.3545018669,970210.3092103015,574896.381218419,1.2302257895639148
4300,400,259670.83230920322,290818.852337842,193134.4675785759,1.3445079770836725
3700,800,539963.710401327,765314.3223484504,443068.55868467834,1.2186911028042653
2100,500,635330.0852803959,764185.9877078484,487420.16994165926,1.303454646442802
2200,400,502148.3330087792,623484.279412016,377490.095721762,1.3302291601814622
1600,700,1123465.1200943787,1179501.4451247687,847135.6706853681,1.3261926737017797
2600,1000,942748.7988390482,1251148.6505140068,743285.174609935,1.268354100206275
3800,800,505255.25594660273,677125.773065079,409304.9448653363,1.2344225553220096
4900,700,327591.7006236404,344032.46269103163,268213.62929697055,1.2213834974841098
4300,400,247213.22940719558,292807.8019779041,190740.31086703434,1.2960722790240637
300,1000,9649048.136404943,6992302.200299686,6725235.670999009,1.4347524173783506
2100,500,593097.5030055544,774775.0206997975,467474.84501942014,1.2687260273457401
2200,400,484971.81457514636,578472.8758702037,372810.6076037489,1.3008530462486485
2400,700,691964.3535758578,948802.8042615838,547602.8264813148,1.2636245105273738
1600,700,1161006.591596992,1198462.3959358186,859980.0222831502,1.350039025923707
2700,100,113351.51792402088,132195.61704112467,75147.1955092299,1.5083931896047744
2200,400,454869.5191026978,546866.0858290027,347459.6856087301,1.309128908885621
4300,400,248650.29412916352,283388.5044294346,177770.07170679214,1.3987185342383097
2700,100,103199.82662122675,173273.32560214115,82989.09935373723,1.2435347223295221
2100,500,621862.723345648,889868.5256836227,479353.30380687106,1.2972951649795936
2700,100,100350.57780472355,163957.605285691,75365.32892140141,1.3315217917960565
3100,900,708632.7695851751,1006453.2327992073,569751.2900059599,1.2437580783323237
3400,1000,687590.2112688867,875148.5994842863,562596.0923438073,1.222173812840304
300,1000,9650502.430962779,6879933.039987579,6717312.075242484,1.4366613197161024
2200,400,446577.3829941659,595891.3539550245,352542.8225843201,1.266732307072724
2700,100,114665.73992846036,173179.76731071406,75391.55535351361,1.520936123293766
2700,100,99138.2126071412,123174.14997514426,77342.16271108635,1.2818132973275465
2400,700,713025.1669310352,947281.1380929378,564757.1137902455,1.2625341930546403
4300,400,232191.71898364514,254286.6401239395,180370.74643848935,1.2873025341879814
2700,100,119284.57578792161,135826.06033959816,68324.87689276955,1.745843991422469
3500,200,148685.80910991333,179323.09106224737,115335.1780139038,1.2891626966751555
3800,800,500643.9639338915,706167.2863542995,413344.69656684756,1.2112020986168033
2700,100,133198.3519237037,165242.16790031217,96621.71431835281,1.3785550470035839
4900,700,352097.4852201399,378378.8817985499,276615.72920338553,1.272875863690511
2200,400,483519.8823427629,557167.3091456085,363304.2585063231,1.3308951685033648
2700,100,101069.17201104264,112304.73260144186,73656.32035633399,1.3721724289523418
3500,200,172591.48647249668,236317.75196861642,122699.99333056761,1.406613658140272
2700,100,95357.43475950313,147318.14494363187,69885.47247663878,1.3644815063871691
1000,800,2274387.8631104934,2025337.9311318372,1633652.0378752595,1.3922107097350913
2700,100,108815.61500121476,226444.68051753295,101002.65383885024,1.0773540185867798
4300,400,251147.36058148724,274663.69173424545,185876.5973753281,1.3511510546664585
300,1000,9625660.82594346,6876837.343284427,6698570.204418707,1.4369724481791504
3500,200,191057.9710953338,247110.14523085672,137320.72161632078,1.3913265881980792
2200,400,487597.2941807683,614404.63990858,379506.9962363452,1.2848176687554604
3500,200,175051.76640887113,312206.41707839567,154001.93236168398,1.1366855189696594
2400,700,753346.46941983,922435.1750831363,573320.0148554335,1.3140069244046737
4200,300,215310.5572951698,238008.7958655435,149566.55544035122,1.4395635218131235
3500,200,156651.1643662561,243974.81091175278,112828.85828240226,1.3883962556296534
1000,800,2252546.155505629,2007038.6019069615,1642644.6750771834,1.371292397973888
4300,400,257961.9712313591,293922.4848577138,194166.37016743244,1.3285615372472317
1200,100,235493.7243670816,216948.2500285721,169081.18989576728,1.3927848775624028
3100,900,723374.2816215209,979981.5431703908,581053.6105039878,1.2449355249579959
4300,300,202331.76916281608,224828.7595492025,146088.26345336632,1.384996743611807
1200,100,224778.3705791711,243973.3086322433,165093.24446004868,1.3615237335381447
4900,700,360025.1689770646,378213.22092147055,280809.80319449806,1.2820961550537442
3500,200,160163.1545546025,210584.55036489372,110459.15028481373,1.4499763409516488
300,1000,9776171.939595789,6940984.086190983,6782454.996429795,1.4413913464581558
1200,100,231080.6004395856,282208.8874151558,169571.99007315317,1.3627285988676414
4200,300,207900.8153451401,227887.54797676584,148288.0517849619,1.4020065193561577
1200,100,234150.76240904213,254744.22380451078,169630.99954540562,1.3803536089308153
3800,800,534301.1066406937,741667.5092321545,422931.851904765,1.2633267138295525
1200,100,244747.88536044426,208212.8257128371,174019.86609994428,1.4064364652474735
3500,200,146411.6946757434,186270.91474994237,112824.19494943091,1.2976976679635674
1200,100,239481.50771522147,213893.90125230348,153730.97300873147,1.5577960838224814
1200,100,242614.15213110764,270663.1183867628,169725.95749798173,1.4294463599299043
1000,800,2260452.5675455825,2029455.0724938074,1637193.4517174787,1.3806875205702058
1900,900,1212685.7080025712,1422889.0757311066,937226.8848870794,1.293908366861115
4700,900,487022.182824859,510335.5389608282,385993.0769976256,1.2617381291215617
1200,100,232356.4465084413,198848.1531435256,165726.72080175148,1.4020457617477076
4300,300,205996.22929629832,217593.61547488722,148288.0517849619,1.3891626925884848
4200,300,194922.78747950998,223773.6149559425,150495.8541588521,1.2952037022479312
3500,200,184383.47299119973,245272.99341778035,123804.52267506633,1.489311286915803
1200,100,227525.0688730525,217396.07329411668,157242.31307243727,1.4469710119835102
4700,1000,533804.4869180426,579429.7485599045,435515.8673953451,1.2256832112926779
1200,100,231668.70265725642,301743.412380694,177737.28703910217,1.303433322948658
2900,900,776950.3197973167,1006045.7653704715,620907.1133263429,1.2513148957740463
4300,300,184589.05030645774,228551.92993707367,146995.95057376253,1.255742417297618
300,400,3812050.7349945386,2701397.120893383,2635097.862960475,1.446644843281753
3500,200,160022.91611880608,216976.12462585873,114602.03489514868,1.396335730558482
300,1000,9885686.370092262,7113063.060351817,6871351.057400264,1.4386816053366445
4200,300,205141.63549295155,231861.89045740053,141716.16858857358,1.4475527918660644
300,400,3694165.1151516405,2600891.075603099,2537608.9302703114,1.4557661234105643
3500,200,176479.53768145558,228519.40682597295,124934.25083644566,1.4125793087156624
2100,900,1110717.9206776482,1413469.701458859,865606.4801188608,1.283167289280378
3900,700,458935.21711088653,604123.9371565711,365446.52556977374,1.2558204415689902
300,400,3774101.284203127,2716246.3142608283,2635931.6427772148,1.431790272158476
2300,100,119875.53167783073,141760.54844604208,88216.27298909597,1.3588822970638084
1000,800,2115621.906430587,1918747.7363113475,1555358.790488278,1.3602147101804236
4300,300,203246.82514313262,238320.08458304417,138420.44373767654,1.4683295303424246
2300,100,111781.03176738236,177652.74931466772,86135.60580524278,1.2977331583425007
300,400,3735066.9479668746,2662879.6304933066,2602464.8559882855,1.4352036068316025
2300,100,113323.79617641399,206109.58250856624,88472.34264686253,1.2808951677559401
3100,900,701950.1177665249,911481.8867120949,565472.9349907115,1.241350512696165
4200,300,202960.9810282132,215452.52491198466,144122.41027926438,1.4082541405943598
2300,100,123537.71435816682,201099.4538350724,88503.13019760294,1.3958570062136941
300,400,3982413.046025988,2877216.9458322395,2768260.7019595876,1.4385975436514813
3800,800,545937.2105892701,720483.4567019868,421206.9505308675,1.2961258352959253
2300,100,120304.53529843305,142785.28221008793,90792.97361736224,1.325042351905383
300,400,3955798.0656932318,2807344.897930044,2733944.4557608254,1.4469196904705872
4300,300,197604.9464989981,223979.56611092083,140770.7263192815,1.4037360725894894
2300,100,134998.76118101235,137753.45747834657,80207.4641784686,1.6831196767501382
2300,100,140963.71338862943,187655.8557545081,96672.95443360659,1.4581504642587604
300,400,3681359.711458752,2616867.883539898,2548037.694464021,1.4447822806770232
300,1000,9169758.243807541,6506661.963348086,6376089.04656315,1.4381477700268692
4200,300,197135.78677045554,230734.99950119478,144863.04739585196,1.360842466828434
3700,800,523081.0548158654,655628.9388329565,431236.20217219624,1.2129803856472021
2300,100,115364.74572604311,132469.50133199152,86466.11520091382,1.3342191384217974
300,400,3747884.7104667807,2681793.6769881016,2585314.032285014,1.44968257769221
2300,100,111772.11220028234,157425.33160988367,82039.46768996728,1.3624187887551482
1000,800,2164008.4796145773,1941053.7358280227,1570709.8469540207,1.377726436114922
2900,900,831561.5092761682,1080946.8508340688,638465.8630514694,1.3024369154238282
4300,300,195789.23323204386,230059.90812354468,144863.04739585196,1.351547111231419
300,400,3829774.6208880083,2750655.9589115013,2664231.2290463694,1.4374783161215445
2300,100,123101.70527087862,209581.63802611365,101398.54388547938,1.214038195754675
4200,300,205208.3453243401,216551.57000510456,142541.23944888773,1.439641931820885
3900,700,436648.06417962105,595463.1877653222,362565.00813201076,1.2043304080261283
300,400,3997648.3522664434,2862889.28672454,2783051.3057331983,1.4364263943072577
4300,300,185868.1038874898,201583.06563983613,139226.32690356477,1.3350068770846155
5000,200,101037.05025813672,106100.21766308832,80734.62460973267,1.251471109781522
4200,300,186828.16956973798,214442.51216334707,144424.07057131143,1.2936082526318833
200,800,11743152.75226121,8251726.431243706,8168260.189376298,1.437656548641098
1000,800,2201132.105177679,1971405.7288111413,1607141.037238107,1.3695948607972537
3100,900,734134.9248662328,994549.6846500242,574429.3810598229,1.278024678180202
5000,200,145894.41344264464,149950.0257018779,115155.9162563489,1.2669293787552234
3800,800,526942.9786612998,772173.2088748879,431408.8597719236,1.2214468171559643
4300,300,183027.09572951356,198723.95173051424,141065.37125569955,1.2974629712472303
2200,800,983771.4254044562,1164963.5235690174,742569.1081251181,1.3248213730414127
4200,300,200332.5984198975,226955.6931350408,143926.53843627588,1.3919086820016564
5000,200,164956.38362542132,161633.86472157197,137320.72161632078,1.2012490298901546
200,800,11806660.237252174,8296000.031932429,8213223.37538592,1.4375184623171664
4300,300,190315.96643220287,207434.19383962374,140579.40963543227,1.353796881959837
3900,700,446034.93213143176,577084.8059050482,362742.4776379776,1.2296186954332415
4200,300,185349.4673323422,237300.53356292602,147318.8723806816,1.258151547979454
5000,200,160725.73690105867,168938.7861307913,153927.2635835206,1.0441667912445494
2900,900,782739.4945423175,1105455.3567196575,626818.4856033131,1.2487498574470572
2600,1000,1001422.401675624,1348133.3644723448,775988.7312691165,1.290511525905556
1000,800,2201180.1257737917,2023862.3646090927,1600586.4120172965,1.3752335451851911
4300,300,183805.12141096705,229566.60933849186,143892.85209275878,1.277374926813455
200,800,11794095.536527207,8247703.07135295,8185967.258587394,1.4407699376215741
5000,200,131641.81613864645,140873.26644652474,112828.85828240226,1.1667388834969574
2200,800,964124.3564963103,1179963.1417809662,746656.6704896288,1.2912552644364304
4200,400,230854.00699285924,266323.0412728908,188221.2759257482,1.2265032518636698
3200,300,259383.44236854708,379942.1594909104,196306.104015461,1.3213213296114223
5000,200,120998.25491159869,131748.14016334346,89579.42667687622,1.3507370989106011
3800,800,503823.8071595724,684741.9610849613,419887.8810624016,1.199900806579118
200,800,11182771.620650558,7845776.706170322,7776793.95244139,1.4379668137073274
3100,900,722169.1486648188,1019201.1578110395,587237.7616803473,1.2297730081225926
1000,800,2219660.028956986,2030683.2131084271,1639353.6671333099,1.3539848499185907
3200,300,247748.3971927278,382433.3143836537,186387.45892102187,1.3292117325216954
4200,400,238304.7439358583,281753.7060570253,181257.78073359368,1.3147283552263627
5000,200,113638.53073838142,112913.9102953533,78976.93646460163,1.4388824867791057
3900,700,462535.1602105058,561877.5075191632,353336.12732920476,1.3090514228100991
1900,900,1233091.3102317,1497924.2817043725,958124.7690574088,1.2869840651805713
200,800,11309462.570379237,7921286.837322141,7853549.234770103,1.44004477877451
5000,200,149734.00624054688,152201.91390275813,115640.3076979828,1.294825387628736
3200,300,249675.86386336805,349841.81126546155,197525.80858349337,1.2640164121025788
2900,900,762483.74186942,1124695.642905823,625574.9868582208,1.2188526681649885
2200,800,977327.7882587044,1147353.515502376,744178.8416897631,1.3132969301297839
4200,400,255447.41193997095,266141.58906054567,188280.83162694392,1.3567361570088536
1900,600,824496.0737136068,927444.418927748,640067.87618103,1.2881384996743925
5000,200,109955.85025201767,116439.79171900872,81435.57132645712,1.3502189333360122
1000,800,2194945.151189622,1980651.2567725212,1595573.948037126,1.3756461453195836
3200,300,267414.35777055967,376435.44066374365,186002.47127250285,1.4376924991431128
200,800,11525146.477560455,8133271.926653146,8035705.186190534,1.4342420746553235
5000,200,140483.06583513334,145082.88871689764,124828.15119872103,1.125411731937697
3800,800,527249.5195763179,663060.741941014,425281.9989418328,1.2397644877709284
2100,900,1093383.9300089295,1419772.9044959345,863889.2675661144,1.2656528690180209
4200,400,243698.69761704115,277040.5675880909,185890.3468563061,1.310980918258338
3200,300,255040.01309601628,377056.4954447805,189160.6634915345,1.348271931322709
3900,700,446230.5413205102,602084.3264190443,369172.542505644,1.2087316632267908
3000,200,174055.22881121465,223387.7441226138,134557.70768288776,1.2935359245373794
400,400,2840022.5748382662,2061809.4047581027,1976323.3972203562,1.437023201178855
1900,600,834022.7555256098,979076.4196854461,643760.0818337501,1.2955490392475044
200,800,11503839.992573177,8101809.261705082,8002932.060086483,1.4374531616914492
400,400,2738586.7802991723,1999548.6035566535,1903206.6977027336,1.4389329249444027
1000,800,2234480.719524738,1921092.5730278909,1616071.5959789646,1.3826619594605032
3000,200,188622.34829188164,268595.9328765014,143149.99221899555,1.3176553164132974
3200,300,230857.60868350446,348063.57475424017,170764.32458739847,1.3519077198431444
400,400,2855016.936650816,2087165.0101573234,1976948.732082911,1.4441532500657077
4200,400,269943.96291035775,294243.45206191,197732.90728282768,1.3651949319909753
2200,800,906308.6875091954,1108346.9836180815,706981.2684037627,1.2819415846129536
3000,200,189036.81251125372,278287.0870295587,137411.27820326833,1.375700852091757
400,400,2796635.348560813,2050533.4693705528,1951848.6419912141,1.4328136354403864
1900,600,785496.569849715,1079905.0860990142,609525.0055537059,1.2887027811699912
200,800,11759246.978787923,8292075.20559441,8196768.335666549,1.4346199010675929
3000,200,186294.71472784723,321220.1734261649,154226.969212619,1.2079256674688281
3200,300,237440.94727735544,307942.8211071198,187085.37677666516,1.2691582387051163
2900,900,760304.983647153,1020812.2966049021,614544.4075093444,1.2371847735602284
400,400,2974024.224087346,2227547.989618012,2076195.5264696907,1.4324393758541132
3800,500,353401.88136096817,476214.8238155285,268813.6483191662,1.3146723894813896
4700,900,471648.60058161564,502079.61441526504,379186.97484619124,1.2438417769305747
3700,800,540207.3238183622,643166.0660926248,436776.1070213418,1.2368060320478256
4200,400,250129.07270694053,305770.43821470713,195281.74684005897,1.2808625319795146
400,400,2949304.222182026,2129777.2754317233,2050458.341820619,1.438363395163305
3000,200,170204.1608485707,269469.1309572449,118578.51301919142,1.4353710171844025
3200,300,236620.99145187472,338293.70939253125,189556.59262484626,1.2482867948580094
200,800,11514642.843148666,8039867.651697091,7977869.7401856305,1.4433229945016302
3900,700,452705.62372168014,611559.498795624,367544.17285314784,1.231703988686439
400,400,2752076.835707434,2014875.4408694003,1911028.2708480156,1.4401026283542129
4700,1000,536737.3925541241,584259.6538681057,418160.6083531784,1.2835675619182085
3000,200,184515.01577625453,257509.0674080254,128869.00866561601,1.4318028646827452
1900,600,871403.8154656957,1099544.3283020006,659844.3710632742,1.320620215432791
3200,300,243535.106810631,335286.05839617475,188903.5816976121,1.2892032253812449
4900,100,68372.604839355,66316.2298603098,42511.79157511906,1.608320945931894
400,400,2806947.1662940565,2076613.4507130785,1938985.5242137604,1.4476369891581558
4200,400,252542.0415938707,280462.1605826043,182002.69246171578,1.3875731077274742
3800,500,338737.29533533705,434477.95594514033,262763.8247478427,1.2891321537901999
2200,800,911807.1097908965,1137432.5007980608,713959.0213427367,1.2771140675217867
400,400,2874015.1549100364,2118300.9946358493,1998173.421784777,1.4383211805224363
3000,200,172414.9114808306,207966.83863473416,131628.22744100273,1.3098627462571348
200,800,11568390.93541819,8134611.310855533,8080357.979894822,1.4316681221552476
3200,300,254638.82976379435,356676.7409545558,193356.0199996446,1.3169428588996732
400,400,3017359.836871956,2196043.7754302453,2087288.4792998987,1.4455883155566567
3000,200,197020.45050076328,284266.50785053254,144438.60978757738,1.3640428330798589
1500,200,373071.123658115,325557.5708585355,269115.4153657755,1.3862867095556204
600,200,975677.6388505647,703961.2798997832,672788.5384144388,1.4501995547515492
4900,100,84883.58177869662,86268.7899581143,82739.16147748545,1.0259178394235322
600,200,1011758.7582658642,800364.236531062,715749.9610949778,1.4135645312757579
1500,200,391190.1490098138,424880.11107988114,286299.9844379911,1.3663645486314742
3000,200,177469.99279185061,232541.12138082422,133702.37404434013,1.327351096495831
1900,600,868445.1454830708,958191.0119613037,660124.7435460263,1.3155773268215927
600,200,936477.800861088,789154.4084437594,676965.1406845619,1.383347154203688
4200,400,235478.66138948762,257894.19822932297,184665.28802035813,1.2751647259420387
1500,200,384513.8170688487,436372.6702588937,270786.05627382477,1.4199912002855122
3800,500,344299.2512761028,417463.18797877216,257094.22960689774,1.3391947839612863
3900,700,453787.36094477674,600574.9759841155,371553.05443068326,1.2213258793958726
600,200,937069.7754559695,856080.8885716302,684783.9574551154,1.3684166593774072
1500,200,371177.14583235676,466905.2998351219,273913.5829820462,1.3550884983191425
3000,200,192712.188817002,289352.6894657855,141800.9510629458,1.3590331191181968
600,200,832745.9502190632,676438.71828679,592892.5650959571,1.4045478038407968
2900,900,750170.1563099229,1031767.1373009937,609044.482420164,1.23171652968428
600,200,942303.1951251511,710810.3831854238,644345.0433280801,1.4624201813644746
1500,200,316015.7410875298,391731.7242613603,237157.02603838284,1.332516882870609
4900,100,64217.80888775267,74852.38840334036,54290.25884700422,1.1828606135167885
1500,200,372249.9368196757,362395.5540655992,257738.01733123203,1.4442958034447775
2200,800,935229.5638762322,1206338.5111960268,730518.6532900486,1.2802268082604378
600,200,952084.825896105,693103.1981553613,658141.1372050137,1.4466271321975224
2700,700,694075.9817386532,930161.4982846902,527867.2036007843,1.3148685445962454
600,200,1009063.761326801,824523.0889256482,722193.048937887,1.3972216470524168
4200,400,255580.83514205157,303940.48778246023,190302.23064616925,1.3430259554721429
1500,200,367166.0272593826,335298.65473222255,263256.45488200546,1.3947085454142067
3800,500,361563.76400528126,497536.48526955675,274414.6456587005,1.317581877371703
3400,400,294542.69362124597,423540.6238773105,232508.63496710072,1.2668032465242545
1900,600,859914.9063819753,940079.0166715131,647389.4494381137,1.328280692755061
600,200,957307.8074338028,723853.6345158726,668511.8702217006,1.4319982188443832
1500,200,393629.50064965046,441979.53006285976,288877.21957515477,1.3626186974125287
600,200,993292.2234627801,818553.7897710425,709004.755314729,1.4009669413597308
4900,100,79299.65103724606,88689.87759557558,70156.3045836674,1.1303282222152171
4800,800,461067.4430550093,476959.1334204626,340344.17455734574,1.3547093722249754
1500,200,366078.158506441,363248.4080956499,267404.74808868027,1.3690039579440727
4200,400,269824.66134378396,279670.2363420489,198789.37898094274,1.3573394249078625
3900,700,403583.5076161686,564331.7275285894,336986.35475773225,1.1976256661974183
3400,400,283670.98077885015,394177.52931731404,223906.67031796864,1.2669161681338503
1500,200,377403.3709370659,457677.764917712,283601.9021258916,1.3307504925320832
1900,600,845831.4806550192,944729.8159934734,638289.5827520536,1.325153196152954
3800,500,326426.19616758527,450164.53358456976,261301.16691780428,1.2492335951575253
2200,800,914613.5072902432,1185804.9028100031,727539.2781896803,1.2571328239020378
4900,100,57603.746646232714,65665.370799671,43958.40781420668,1.3104147650137608
2900,900,784878.4867950288,1062682.9568091,621126.2732973662,1.2636375573494145
3400,400,288085.4139941325,403419.1110301775,232582.20377446013,1.2386391104690666
3800,500,336249.8466636733,435482.2277985625,259247.54585895455,1.2970222940764593
1900,600,822077.6004721805,1017840.1435936963,628666.225068538,1.3076535173852493
4900,100,82262.82103813965,82702.94988990705,67742.26274582943,1.2143500630735011
2600,1000,979877.8707367779,1216073.7624041222,775074.4702202866,1.2642370615797516
4800,800,429156.598087533,457516.1247522878,342217.64064107987,1.254045809221259
3900,700,422771.3715443199,528713.9132557531,347542.8392555357,1.2164583003635745
3400,400,300197.6910198287,406986.30942620226,229629.25199896639,1.3073146753148854
2100,900,1093071.1898679333,1310669.6752146806,848656.5627509995,1.288001811150368
2200,800,940978.3681203836,1198916.1972285367,745160.7577878681,1.2627857254773214
1900,600,854587.0754601592,939063.4281199623,638224.6376003628,1.3390067150545764
3400,400,318939.06592851394,464814.4310625247,244258.29723172833,1.3057450639064099
3800,500,340864.6297330482,459529.70026016,271847.55635081045,1.25388152944503
4900,100,111510.46950506262,117267.02513288675,96621.71431835281,1.1540932624901872
2900,900,759570.6405434879,984456.9310003044,604471.0684383468,1.256587254880273
3400,400,311265.82808857865,403235.98512594646,241230.39315536697,1.2903259163040233
3900,700,450321.4563280127,563946.5041170631,352812.3168341129,1.276376801039367
1900,600,800461.2056337874,878524.1276987701,613223.0139909971,1.3053345803579695
3800,500,362055.81668940786,451323.6034656513,269363.7781256538,1.3441147106294105
4800,800,440021.5290019599,470250.07199320674,341081.9691078081,1.2900756089597902
4900,100,64449.72755490549,66230.2957765608,50459.111537190256,1.2772663963257385
2200,800,912438.2748010148,1141129.7753005524,725260.885471421,1.2580828403670608
3400,400,296638.3802915944,396914.8364909593,224826.85539388418,1.3194081275206222
3800,500,333789.03584237344,481470.19301698986,258341.3617212585,1.2920464366155986
2700,700,652201.7891212653,857367.9445987032,523705.0117462377,1.2453609847012328
3400,400,282651.363274206,407792.6067657637,228115.9440251483,1.2390688624686643
2900,900,779491.5831089491,1065653.5341722502,614045.2004432589,1.2694368143359154
4900,100,65415.260945749294,64037.142719721145,54138.05797390288,1.2083045346266865
2200,800,967789.0084963422,1084515.9905835066,734577.9981722566,1.317476171222594
3800,500,378958.1821916102,513470.1874913507,288145.1780149138,1.3151640600142063
3400,400,301596.9521728733,423867.88113918016,235079.22609232672,1.2829587589948162
4800,800,413459.5304551278,441225.44094509265,324033.08135172457,1.2759793806556885
3400,400,311711.91754974937,455039.3676685311,245563.35050587045,1.269374753633269
4900,100,103631.86250606144,103791.74766367085,100419.32952364009,1.0319911813558273
4700,900,473324.95152082015,498646.9043988908,375793.4040464842,1.2595350169112378
2900,900,784118.1212885331,1114428.107185864,627736.9176583022,1.2491190166313497
4800,800,401497.9737025037,431141.68397797685,327231.218115421,1.2269549831302689
4700,1000,534442.3721609905,566198.1671344171,419917.85111277096,1.27273077518551
2100,900,1084462.9477779816,1367361.5031434584,841061.4281040361,1.289398029134012
4800,800,425214.8383470737,463002.98734375153,334821.0494246056,1.2699764219657366
2700,700,639937.051736296,933712.2756023622,523961.35658818984,1.2213439859444786
2600,1000,964507.2911321013,1287817.8581252743,772911.9466636969,1.247887673745286
4800,800,436597.7421810494,448106.1204122352,333455.50250360346,1.3093133533651355
4800,800,422221.9733473605,450355.58379367285,341532.0139861062,1.2362588456042567
4700,900,487912.27103680844,517059.86757939524,383248.12607709836,1.2730976039753805
2700,700,653359.6744066507,838571.8891494462,510374.4061421846,1.280157599095265
4800,800,415106.1935007544,456259.55109757226,332411.2391744013,1.2487730394788692
2100,900,1113752.4752135137,1342200.7598032607,857745.8059820773,1.298464495478729
4800,800,419866.8849061529,455598.5549523361,336681.5824956176,1.247074110184266
4700,1000,556392.9866309643,583029.2317769106,411179.0327629428,1.353164782971173
2600,1000,979953.2500279555,1221055.187856966,782590.9611265148,1.252190861771958
2700,700,671992.537680671,958945.0723756326,533249.228063708,1.2601847359831284
2100,900,1087200.8459786933,1254693.6243046015,834745.7611767646,1.3024335031615324
4700,900,447087.72731396434,479413.2537446715,372971.5103130225,1.198718172706378
2700,700,656459.216584805,880736.1583482235,530897.138565658,1.2365092386038887
4700,1000,580567.2330573132,603658.306464529,429270.36197866016,1.3524512393105173
2600,1000,987143.4480943867,1352293.028482364,792848.1989307997,1.2450598354459341
2100,900,1097002.7186347703,1312658.1611939583,847967.1815645003,1.2936853483065218
2700,700,664964.6276593305,984024.1115836954,536687.7452887647,1.2390158588427362
4700,900,486756.3716903306,511726.6015546361,378878.9534649895,1.2847279249447927
2700,700,605192.864584573,864214.1567568394,486758.067983391,1.243313474169725
2100,900,1123378.3436666997,1324805.3005131169,866874.7910519412,1.2958945804658766
4700,1000,537528.8806932232,567852.2471994559,428764.6005473926,1.2536689829500245
2600,1000,915081.0174175336,1148441.2014215486,735702.582295748,1.2438192272780095
2700,700,631094.6421041867,845383.0790802019,502006.3233691071,1.2571448062023027
4700,900,482205.3170961482,522467.84312061453,387327.03429980355,1.2449565209613171
2700,700,664178.174763567,857526.191816521,509617.7909826076,1.303286868150634
4700,1000,547394.6364182398,572867.43890127,427568.310920343,1.280250716522864
4700,1000,530234.8033491937,567984.9152665471,432922.65934658266,1.2247795117711922
4700,1000,528544.9890501866,568233.3733827679,438596.87600427214,1.2050815178287735
4700,1000,498794.8222161779,534727.5376830307,406984.4072274351,1.2255870577799222
