P,n,Paper,Min Time,Time opt,mtsa
2100,100,104882.18964111125,146819.44354837437,96617.8227975813,1.0855366701943199
2100,100,124057.93242173336,197821.9161865624,94338.99683431353,1.3150228069481686
2600,300,284815.7393259403,402105.224780197,241607.51263441352,1.1788364369153825
1800,300,381176.7706759765,532045.2620817968,348988.6293608195,1.0922326362727357
2100,100,119138.62152186946,203624.45271649378,96898.28004180182,1.2295225619120709
2100,100,116999.58176162721,186739.25846237334,96931.99974023178,1.207027422060564
1800,300,361238.69516827934,516685.9206078134,331355.48252626107,1.090184753890861
2100,100,108764.02020579933,150959.84243327726,99439.92348568245,1.0937661292695924
900,200,474713.9611134227,503288.63044906466,448525.6922762926,1.0583874442157888
700,300,937259.9092846517,1026967.9285532545,897399.3326421074,1.0444178808615643
1100,700,1364512.083688149,1633733.771437521,1295674.045201925,1.0531291328564785
2100,100,123516.16493169354,147522.7015018933,87846.2702907037,1.4060490504941174
2600,300,274714.59657132963,400858.20075644733,229399.94944125766,1.1975355584883234
3000,600,461874.1455390684,695816.4476000746,405376.3215813189,1.1393712976065278
2100,100,137971.80573894925,204979.96820780146,96986.26142741814,1.4225912382673247
3200,200,142217.07982254837,187155.96220643845,126147.85095270729,1.1273840873901644
1800,300,384161.5952623484,539514.0261261455,351156.99303732155,1.0939881673423462
5000,500,287868.55552913004,307117.34790623083,218726.61253679788,1.3161112504346033
2100,100,107606.54935845087,137665.19545756138,94700.98331528656,1.1362770014773553
4100,600,358045.6476061056,461865.299714564,296616.8206692578,1.2070982582789664
2100,100,107535.72702589554,150069.93847600438,89852.75032710702,1.1967995040153365
2600,300,271424.1886498024,410597.1097081528,243108.68748737648,1.1164726010208756
2100,100,122173.34651849311,232222.13324667318,101653.04462974092,1.2018660824522762
3300,700,494074.2726002448,756504.3039981379,431891.3484006417,1.1439781658740693
1800,300,367613.01384016953,511965.45211558085,330671.0600400051,1.1117181340141926
900,200,501639.88518395886,581245.6563541004,477166.6407299852,1.0512886743644394
2000,800,901374.9964303387,1270508.5682714407,816826.0189376298,1.1035091629459526
2600,300,279575.3992127516,438859.430505213,228926.11848923427,1.2212472786319453
1100,700,1340606.8338693364,1663749.5848648588,1285457.7561044018,1.042902287144826
700,300,890318.2911846465,988617.3933384529,852056.9550675285,1.0449046696814834
1800,300,370621.4839406019,526011.613193489,336285.62398495025,1.102103264328624
4300,900,482077.64699590066,568933.9881429268,418751.3089875336,1.1512266031155316
3000,600,470253.6086114322,735281.833004423,407714.71849470836,1.1533888458763981
900,200,484292.0058774182,581067.2364938322,451310.0937897079,1.073080377641805
2600,300,268076.82736212865,380189.78342635004,232813.12429727326,1.1514678486073149
5000,500,275542.33369161445,304723.0650439654,204121.41780085766,1.349894276946653
3200,200,166005.54606859587,259590.49602343867,134203.11770530834,1.2369723513660935
1800,300,341479.2773327879,465594.36930044816,303581.0214887084,1.1248373684831585
4100,600,367423.627132472,446857.4592421462,298327.8428010061,1.231610243558644
700,300,953518.0511813796,1043180.3454701306,902975.1249531126,1.055973774727063
900,200,489155.9676307875,620169.0345566652,456522.63830341026,1.071482390114658
1100,700,1342388.7914750692,1633256.5926644632,1286086.9661710116,1.0437776190763224
2600,300,247747.57675826378,370758.76983205974,210171.47641525965,1.1787878211825509
1800,300,362533.63522611605,512935.8879749625,332596.22538073803,1.0900112736129441
3300,700,483535.5365005411,699424.5575283758,428485.9187014672,1.1284747418676033
700,300,895068.5236209568,929587.986855548,850297.0115314416,1.0526539685337466
3000,600,461686.26391323213,767880.9145176949,386032.50351734704,1.1959776954182966
3200,800,595274.057490288,836131.154376081,510516.26183601865,1.1660236940336568
900,200,432608.2996166427,532854.9291321851,395261.7100639714,1.0944857257907095
1800,300,359924.3598873974,514847.59433318226,336989.4979997267,1.0680580909013648
2000,800,881809.6487056111,1228271.680536552,821322.3375385917,1.0736462511762348
5000,500,263180.0258345843,291911.40070757596,195391.6145012423,1.3469361339092216
2600,300,261511.96738795904,390718.9458395305,230258.92526358788,1.1357299921755233
900,200,476029.69460579846,500552.9450563942,429563.36221872,1.1081710789930432
3200,200,184805.61293372232,273097.33380245673,137362.30372257222,1.345388129970289
1800,300,367545.6211560141,461887.936245342,335828.5896846437,1.0944441076358447
1100,700,1306909.0476620349,1568343.5441843553,1252737.178712635,1.0432428045322875
700,300,911791.7616151304,1011373.7327001113,864734.4616755864,1.054418208161106
4100,600,377371.4439518967,432791.6981370012,282462.8074517173,1.336004011842878
1500,700,1007425.4404708556,1319336.1719855003,950160.9664814118,1.060268181928692
2600,300,262148.3855626955,409042.2595451895,233300.42169211846,1.1236515719146325
900,200,466361.77649347676,491214.3938448139,438760.75813667575,1.0629067614752439
1800,300,373356.21149231226,496507.47754750296,343744.03555492376,1.0861460065469473
3000,600,504838.2049041358,792842.9646882963,417901.4350067403,1.2080317572874408
4300,900,535168.5072283522,607354.8718133392,430593.2564765724,1.2428631874253924
2100,700,749748.8206056968,1110151.213840432,678686.4046295799,1.1047058191992252
2600,300,261023.2734922345,386661.98817032017,232496.7159355226,1.1226966043022433
5000,500,286268.33638313116,302479.4631234191,237834.46181356232,1.2036453178410116
900,200,511639.9684858032,592608.9018782302,481462.03262525797,1.0626797832759411
3200,200,183111.93133130047,327431.4153260584,154125.95210631838,1.1880668299455963
700,300,840740.9441170221,923935.9328892931,780636.9123995359,1.0769935814753333
1100,700,1357036.8300593202,1686874.9882129834,1308884.4688836471,1.0367888551819568
2000,800,895202.6784669317,1252561.298600242,818596.7258587393,1.09358204130102
400,1000,5219954.464262443,5385459.0785749955,5117311.441895305,1.0200579979414193
3300,700,485082.38778060506,771739.6464472999,428695.65539033717,1.1315309163535294
2600,300,260038.48821562968,385422.8689645075,237976.63999956258,1.092705940449061
4100,600,423374.4316001283,496874.3055863314,314954.4837664354,1.3442400518866566
3200,800,575171.986557364,859802.9124903256,513326.46096161986,1.1204799095684417
900,200,465496.00282656075,511639.3120985494,445674.58014780044,1.0444751026010657
3000,600,462512.78672857827,690195.8318245187,418079.0042458166,1.1062808273831328
700,300,886994.1648053521,956482.7526958255,855247.4366933265,1.0371199336589294
1100,700,1349600.7403656298,1629079.377727636,1303111.1582975243,1.035675837607624
900,200,493615.00227744813,580066.9975283666,472669.83687648596,1.0443124645722537
3200,200,153150.6310162959,237926.9231087269,112828.85828240226,1.3573710959032417
5000,500,261132.47044592045,268638.2377765329,205105.55517118043,1.2731613740445993
5000,400,203107.6297538587,217299.39212582825,158105.8717776285,1.2846305293425404
700,300,888495.1755837646,992647.0679714185,866544.4234278685,1.0253313639352308
3600,800,541923.0595933682,774461.8975173897,453792.2327431277,1.194209641530219
2000,800,851017.6040181385,1155081.1347056332,777679.395244139,1.0943039113836572
4100,600,354596.2360040131,471918.2515838893,305911.46652132925,1.1591465989696381
3300,700,483743.0618336382,707869.9407551741,417579.05957087834,1.158446647997035
3000,600,451411.9843340041,651389.0798102912,410013.317977472,1.1009690772015528
4300,900,495971.9002343902,600256.0791117529,422738.04843014135,1.1732369538919112
1100,700,1396266.4241016293,1716688.0607382841,1317324.4657087862,1.0599259790945796
700,300,887371.1652342302,971081.7202590286,863559.2306176553,1.027574176469104
5000,400,204587.50535454767,225388.0933845354,152256.53581621867,1.3437026151803106
3200,800,576683.9535487983,857701.0115513989,511622.9536617121,1.127165912751649
3200,200,153916.22862814952,220973.32582151867,120814.69562401502,1.2739859818639043
5000,500,269126.2040292554,285257.173556574,197028.13485280544,1.3659277860510253
1500,700,998297.1823514118,1342190.9848140404,942669.0211432279,1.0590113390389349
700,300,895117.0369878965,995835.6918942848,883913.2342840896,1.0126752290487893
4100,600,354823.2427164576,434164.79178667243,300009.7448615649,1.1827057247096608
4500,300,190217.23040166587,209086.02423151702,142348.1066563424,1.3362821246431424
1100,700,1250441.7733664196,1530196.6508651236,1194769.8032319597,1.0465963987237226
5000,400,211833.0471486959,229401.97652016237,158155.89856663288,1.3393939085961326
3600,800,527219.2114898434,752462.0077475711,456290.18752143986,1.1554471823154664
2100,700,733194.2283925703,1008630.1671498786,673335.0151023057,1.0888995996757567
2000,800,853377.8820046462,1233058.2112961619,785354.9234770103,1.0866142892776136
3200,200,142795.62234686132,199587.0285468336,123401.46322594005,1.1571631211974513
3000,600,448786.3668899734,683596.2072214697,404250.0690763006,1.110170167479345
3300,700,500224.00347652554,783480.3958830605,436294.8229612157,1.1465274790138704
5000,500,260828.44841817196,275435.5439553577,206604.14282661592,1.2624550739868832
5000,400,203557.39889670495,230727.38019976963,156147.89135929712,1.303619262000268
3200,800,555022.0531760255,850065.2498472935,486049.62202758685,1.1419040937851486
1100,700,1275716.4638361065,1504265.417464887,1232197.3391787175,1.0353183076067956
3200,200,182065.61945928715,261012.361842673,135411.1966758538,1.3445388854742515
4500,300,204736.18733908044,210831.04210626776,148288.0517849619,1.3806654337598023
4100,600,338123.14601502987,436767.0246530616,295792.7334704639,1.143108358504665
4300,900,504345.66727632977,587409.3620672665,421899.40974159073,1.1954168591637437
3000,600,457114.32925180695,720354.7793048723,398155.2758767407,1.1480805528577713
5000,500,257924.09113160297,284399.64183911134,204716.47137549688,1.2599088358577222
400,1000,4999982.0645288015,5216190.761314566,4913387.148149847,1.017624281125814
2000,800,880207.8304365365,1302208.9390495424,803570.5186190535,1.095370984925113
5000,400,221138.61600172054,257259.01499395177,176977.28425804104,1.2495310735997636
1100,700,1299566.931190428,1538310.2669967988,1250880.032411855,1.0389221168433704
3300,700,484058.2992975197,721622.1595005965,434370.38609917474,1.1143906555061522
3200,200,145283.2076138432,231815.97383100184,125345.97566656888,1.1590576150630403
3600,800,533148.1754271907,790033.8900214711,454775.95881041075,1.1723314856435763
1500,700,1024905.6464652605,1324523.1517894238,943130.4418587418,1.0867061447463773
4100,600,369845.1989969859,443814.6044904061,291333.12869029806,1.2694924214751773
4500,300,188006.52470892537,212817.29315494644,143441.4983667211,1.310684333680549
5000,400,216351.07828906184,228252.55645128002,164036.66734564953,1.3189190062803342
3000,600,483241.89878706785,717982.1300149793,404208.93714689644,1.1955250227716996
3200,200,176038.03631051525,266055.48280455655,132938.39162151166,1.3242076586251503
3200,800,557776.1532197444,915101.9094362016,490846.82717313146,1.136354810383659
1000,800,1686407.4049122352,1997446.2759976601,1633652.0378752595,1.0322929031482064
5000,500,265428.1056761345,278702.0727769495,208283.00259983508,1.2743627773894244
1400,100,154264.67825483976,202582.50738915344,144926.73419637198,1.0644321705739612
2000,800,896978.085142281,1263349.234382592,800293.2060086483,1.1208118204774413
1400,100,174396.49384918454,225334.75164969804,141508.4952514703,1.2324100651290935
5000,400,219873.70557384883,227227.46376610626,171534.09013886217,1.2818076301675907
4300,900,486175.9650180211,574950.3011673107,414460.1818086277,1.1730341932883372
3300,700,515204.4717026369,735619.1138844806,439108.1552362621,1.1732974338074664
1400,100,171355.4411657574,235981.92153548126,145347.42006270273,1.1789369298184642
2100,700,731880.6642846137,1059808.5010849352,673664.6013276727,1.0864169838257902
4100,600,367311.80674620374,466176.8390848032,295762.6369367535,1.2419141597819552
1400,100,165452.1151414475,219653.2946728697,145397.99961034767,1.1379256632473822
4500,300,190757.93002729092,215759.16638949284,132268.424016002,1.4422030915270658
3600,800,490542.3657118305,727417.0855070297,432044.1084689661,1.1353988078906216
3000,600,429362.07789373747,603487.7398664848,388374.5755276315,1.1055360081447707
1800,1000,1223368.2502639084,1641486.5648479953,1137180.320421179,1.0757909087019795
1400,100,160519.05380602178,197258.41506321527,149159.88522852366,1.0761543129380602
5000,500,333605.91766234394,336823.2298837513,288145.1780149138,1.1577702599801174
1400,100,163037.02617767992,189210.91607463063,131769.40543605556,1.2372904441524384
5000,400,201695.52674424692,216667.67644688758,162289.93398920793,1.2428098390727018
3100,200,143657.70194316332,216100.47198027573,130217.13646731075,1.1032165645819332
3100,200,178339.81550291795,277902.4304480419,138532.2505345118,1.2873523299795746
4500,300,178640.0527382491,215490.9700417607,134514.2495939801,1.328038131851897
1500,700,966437.138345061,1275924.0719257738,918673.9310559323,1.051991469088743
1400,100,175457.54396208934,236602.52197821176,145479.3921411272,1.2060645936152994
3200,800,580989.2907398918,896952.9597459316,502231.5741369084,1.1568155421895359
400,1000,5019093.151339752,5263375.465230277,4934034.750575059,1.0172391166792611
3300,700,458835.9021802061,737210.8116807056,398256.60107731994,1.1521112291397397
2000,800,889721.1820778389,1315417.1278360793,819676.8335666549,1.0854536149404155
4100,600,327711.71801080153,397901.6770439091,284176.51867875474,1.1531977361622225
5000,400,207387.68899492937,231512.49807957467,167923.72650942532,1.2350112357903693
3100,200,194990.6854257726,282265.49854328367,137386.0010519413,1.4192907860536152
1400,100,151254.04517893426,179096.61823103845,142051.47497292983,1.064783348485175
3100,200,183057.89012483988,332779.778199177,154172.62620376144,1.187356631539132
1000,800,1705270.6942519166,2027330.971492921,1642644.6750771834,1.0381251162378076
3600,800,497979.48248165374,776763.8128779242,436308.2908205613,1.1413477418572724
1400,100,157296.49696280784,194450.84956718478,134779.12549066052,1.1670686865653217
3100,200,157370.01634659193,238196.02961980397,114753.3996959917,1.371375634739376
1400,100,174986.742161391,266953.5406504487,152346.24603351613,1.148612103792134
4300,900,499008.8088869016,599755.8673584447,410750.9300042967,1.2148695777309175
5000,400,222499.5577519106,234824.8416054352,184114.18593069012,1.2084867693772965
1800,1000,1177387.0384771514,1704599.6354186744,1091863.810699966,1.0783277428366809
3100,200,163195.97772321515,216680.53003397808,124711.94386995098,1.3085833855127391
3400,900,592289.3157936198,878406.0433154549,529597.2437195278,1.1183768851094955
3200,800,586931.7250630973,877495.7794924678,500183.2537554052,1.1734333779797295
2000,800,851662.9911503254,1181874.1963785584,797786.974018563,1.0675318335424573
4500,300,180588.41322818093,203193.3474525329,144863.04739585196,1.2466147611454426
3100,200,144718.04327351964,205678.60941507443,127382.15558806715,1.1360935337090219
3800,700,444864.41532516346,639684.467940027,375063.5394005573,1.1861041359449787
3300,700,467467.7872981397,687483.5512883703,410732.4463929058,1.1381321135047633
2100,700,728444.6977959289,1031276.829625769,656195.6650399517,1.1101028802919302
3100,200,186815.83369064372,274275.36119931727,139779.29979442974,1.336505719841132
300,900,6073901.517137738,6106726.00154533,6002102.095487982,1.0119623792643797
3100,200,144686.64975482912,229791.33917802174,129389.39423645819,1.118226502323794
3600,800,528545.4677585626,791640.1720865726,446428.06589947414,1.1839431884588985
3100,200,170973.48419660356,277739.1751904983,137226.72683510883,1.2459197135995579
3200,800,565516.2308957427,908897.1587746175,512298.02097915934,1.1038813497949238
1500,700,1033905.8181613641,1414103.5402708896,959848.6105146745,1.0771550917878392
3800,700,433798.635235399,629274.7501345515,372106.19255653734,1.165792571886554
3300,700,471876.89509191096,702769.3975676058,416960.01080395165,1.1317077965871898
300,900,6270710.825070378,6361592.7453431515,6171836.676164205,1.0160202147422384
2000,800,879541.9900012104,1194923.1905275122,808035.7979894823,1.0884938417204368
4500,300,173927.3325089694,188410.6536136927,133038.4901522952,1.3073459591270682
4300,900,489318.2506903973,556133.3918940234,418899.11454938655,1.1681052398899463
1800,1000,1186592.8636233977,1727506.587894484,1096452.1667944575,1.0822112441917753
300,800,5518741.421278276,5603905.358590576,5445506.792917532,1.0134486341025215
3400,900,652449.2481150484,940567.3395991517,544573.8243674298,1.1980914596343761
4900,200,91529.72874093961,108537.98044620379,82382.2700099313,1.1110367404285604
3600,800,529060.5142566912,784428.109444039,444607.33667147125,1.1899500314535385
4900,200,140175.51206208946,158566.65509182125,115155.9162563489,1.2172671332842715
1000,800,1686269.8649106086,2006836.911770599,1637193.4517174787,1.0299759403152065
700,800,2398267.316407905,2684356.9312685994,2333788.625536085,1.0276283336743954
300,800,5534467.827258273,5659028.438300755,5475482.250257278,1.0107726724889343
300,900,6138946.413956679,6219294.9764563395,6059245.360832026,1.0131536269582107
3800,700,429165.8217607749,610969.2532912235,372288.3323126612,1.1527780607433753
4900,200,170604.45191281982,171385.65477510262,137320.72161632078,1.2423795178523385
3200,800,571556.9852229473,809323.4496098014,498616.8587616019,1.1462849183288837
400,1000,4890218.616351227,5101196.529054164,4831353.634964578,1.0121839521248543
4900,200,163523.70227412938,174988.5759025457,153927.2635835206,1.0623439829124344
4500,300,182167.7658911659,197172.85030123437,134795.79919989067,1.3514350370891504
300,800,5535463.880234845,5619408.462541118,5457311.505724929,1.0143206731790793
700,800,2422524.6111885477,2670771.207985773,2346635.250110262,1.0323396493233108
1800,1000,1159839.8395882025,1624421.9046172658,1073634.1411032395,1.0802933654814482
4900,200,125200.24926864283,136835.8126693673,112828.85828240226,1.1096474002712666
300,900,6146827.78030945,6286882.855729409,6047224.872962801,1.0164708456257308
4300,900,463750.6598787264,537065.6554442444,407666.53452818736,1.1375735327783234
4900,200,117823.25836562311,137951.694527307,89579.42667687622,1.3152937313455444
3600,800,518159.00146741065,775333.6624247269,455376.01864814165,1.1378706393139686
3800,700,421520.57297203795,554193.9863532654,362634.446469447,1.1623842607228771
3400,900,604067.0915136201,936828.2967742787,534639.2965440023,1.129859131976289
300,800,5250238.775161103,5363881.455069948,5184529.301627593,1.0126741445000382
2100,700,745700.3626198941,1105611.7122312621,685606.1503676246,1.0876512152349374
4900,200,108887.8717180471,118914.59836961015,80588.71067816493,1.351155401317888
700,800,2396920.913583773,2640265.4278469863,2338847.788167827,1.0248298011139232
4900,200,142077.4102365015,149186.56920340238,115640.3076979828,1.2286149446053392
300,900,6055921.545780237,6109950.760012317,5940595.939256996,1.0194131376216213
3200,800,571721.3987235145,802262.058480421,505022.3737434264,1.132071425837411
1500,700,1016753.7281496383,1295626.019822187,955614.8494181845,1.0639785775290929
4900,200,112999.67033994144,134098.64781064613,81858.59635367764,1.3804252133974533
300,800,5327270.185026673,5343002.897626236,5235699.489846736,1.0174896774265814
4500,300,172334.74146129203,197204.59404949378,134331.4358738575,1.2829070153252968
4900,200,140191.38515180635,147408.08576573714,124828.15119872103,1.1230750740562336
1800,1000,1236180.7556548594,1681785.0518822356,1120872.6118331682,1.1028735492368813
1000,800,1615614.0839883017,1968443.7115542102,1555358.790488278,1.038740446171335
3800,700,438609.0747914688,621778.8582058769,378887.6094136873,1.1576231681743248
1100,600,1153134.8132097542,1365698.934516635,1105571.7861308698,1.0430212019477623
700,800,2279030.009769572,2560653.9389324277,2221941.1292689685,1.025693246210977
3600,800,497596.69034927466,719605.7136889457,443214.9855658683,1.1226982537920627
300,800,5492372.107593456,5535361.427470144,5357136.79079369,1.0252439543885028
4300,900,504712.64629384596,586984.296433898,414123.5072756862,1.21874908674975
300,900,5942281.925536292,6081404.830022139,5887429.996728253,1.009316786584048
3400,900,610863.027676888,955419.9365849713,533578.6652614236,1.1448415527963425
4500,300,179405.6338079336,204393.17894077548,137497.6142219695,1.304790885449909
1100,600,1164384.4648223356,1435751.9930509226,1111949.2322582956,1.0471561390060475
4000,900,510782.21316096967,684547.7666539224,450157.6571615986,1.1346740526011043
700,800,2283788.024437499,2550001.5445558713,2243871.209934315,1.0177892627377454
300,800,5407945.369648096,5515236.39021358,5335288.040057655,1.0136182581043283
3800,700,424724.86592543195,621150.9796050353,377216.3879282307,1.1259448940119756
1100,600,1112197.7097930794,1397154.29765361,1052815.9186836737,1.0564028241362937
300,900,6129095.653728153,6196469.2991499975,6004220.641874541,1.020797871914085
1800,1000,1195800.1938907,1635849.791363427,1119552.012540414,1.068105974975891
400,1000,5134209.436501843,5419723.158574783,5043926.753249257,1.0178992851540571
300,800,5558878.610782142,5677442.618056149,5464512.223777699,1.0172689497506888
3600,800,517651.17638572917,668002.8378516373,448908.7766608235,1.1531322248503164
1100,600,1196212.9689802213,1568107.5567220463,1139731.1863820192,1.0495571089683864
4800,900,432199.70608080225,493681.0455655205,375131.3809679989,1.1521289020543757
700,800,2360503.775527136,2670280.4461927554,2295915.76748301,1.0281316975818033
2100,700,746641.6311691916,1068574.6884119282,682582.0352987031,1.0938489332530639
1500,700,1030818.0871688289,1364947.6499784226,966037.9415197765,1.0670575583678836
4300,900,495888.86632482475,583902.8778317655,423357.4560951341,1.1713242773581667
3800,700,440483.5419442234,622505.7752833841,381330.76638938545,1.1551219591194373
1100,600,1181187.3989424226,1446732.8846127868,1140215.4661249544,1.0359335003205246
3400,900,599721.949703001,884841.2811269456,524170.22993444087,1.144135846436776
300,900,5972584.667224879,5977244.315855202,5843220.328237352,1.0221392197659183
300,800,5386740.259291407,5476318.303568919,5318579.82679042,1.0128155324768564
700,800,2326716.395723046,2606100.5266258763,2286552.0171675663,1.0175654777385001
5000,600,297270.94887936057,335732.597534788,243225.79294879135,1.2222015818114647
1000,800,1638277.9664612967,1929382.2914990804,1570709.8469540207,1.0430175691826893
1100,600,1173360.305958231,1364458.0518789012,1118218.13993856,1.0493125304001065
300,800,5460648.760733167,5522476.919134628,5386905.319929882,1.0136893886978962
3800,700,395379.1432387479,561526.5331528399,345854.416725041,1.1431952987117113
1800,1000,1198881.5021997637,1695918.3157577573,1116428.3674031177,1.0738543888744398
300,900,6025177.49339211,6142218.5714199515,5935770.270951502,1.0150624465502227
4800,900,492557.6955241537,543936.039328311,385739.7922602628,1.2769169927685855
700,800,2415438.698452488,2739234.231274645,2341933.8101904425,1.0313864072256032
5000,600,325918.96525770414,351890.4201226289,244628.83109682502,1.3322998920299145
1100,600,1146815.947785051,1381771.6289020765,1102500.1883899109,1.0401956932631993
3400,900,605795.9990699701,862880.7523906372,519479.1173583752,1.1661604457760082
4900,900,425827.127046537,474388.34076084365,367475.6384992642,1.1587900868356193
300,900,6154814.571816755,6213942.1423328845,6068123.537363589,1.014286300191382
1100,600,1154115.1941327683,1460234.5170942368,1085878.0251183838,1.0628405469453581
4100,700,427275.11237828806,518141.70679042314,347619.86578588234,1.2291446906013985
700,800,2322812.0810329393,2607253.0866184873,2279391.3543387516,1.0190492635727242
3800,700,405705.29222942103,555532.6835167153,356688.70344647084,1.1374211975577921
5000,600,335311.62283371645,359933.794892946,277514.5116622374,1.2082669869236382
2100,700,750299.4109660946,1116028.672670231,690027.1010855547,1.0873477429882379
1500,700,924365.2501660752,1253959.2406147567,876164.5223701039,1.0550133297632094
1800,1000,1193788.2101810453,1592501.5929122642,1130409.1660716326,1.0560673480113982
1100,600,1149487.0912289636,1370580.8219714009,1102388.0104006266,1.0427245945928063
3400,500,357505.77457823284,511259.39862217964,300438.7834155387,1.1899454874431588
700,800,2364129.487280014,2609431.835727125,2308673.708541378,1.0240206221145356
1500,900,1265096.127861699,1614404.486972917,1200420.4190975963,1.0538775480116558
4800,900,469126.0101105958,505838.8994100477,378702.83505200164,1.2387707898890634
400,1000,5102770.826676773,5279064.006906502,5037984.056431863,1.0128596616263996
5000,600,386097.1293459425,427750.38921856676,314954.4837664354,1.2258823075916747
1000,800,1678483.3741061806,1987395.3558146756,1607141.037238107,1.0443908376521056
4100,700,395508.6072354832,507812.7107088293,344878.91017435165,1.146804271202133
1100,600,1097004.3971770802,1305038.33166318,1059203.3878026314,1.035688149990597
3400,500,368674.12784944614,524246.40966474486,293677.2158946477,1.2553719113903017
3400,900,607772.5438685322,888158.6292925014,529784.1742830477,1.1472078128627106
4900,900,487653.65148775536,543240.7249633459,377867.5516018901,1.290541221177765
3800,700,408894.4982251411,594432.2625870736,362096.8514876422,1.1292406894598364
700,700,2102778.88510615,2327694.625266887,2036059.2138887395,1.0327690230039923
1400,300,475143.06642492424,620212.9246774163,448699.6663210537,1.0589334071065473
3900,100,67698.02000844007,82520.24563381584,52024.98150638994,1.3012598572500234
3900,100,90850.3418463999,95958.57798909847,82739.16147748545,1.0980331468686881
1400,300,456944.55555524543,575694.3132662371,426028.47753376426,1.0725681020209052
3900,100,65169.25421029442,123190.06691787222,54290.25884700422,1.2003857707502994
4000,900,579598.915813971,713891.7917854255,462887.7507123154,1.252137078421398
1400,300,492387.3183994116,607191.2886124791,451487.5624765563,1.0905888873184166
1800,1000,1238794.7708350932,1720569.1681860108,1145225.1762333773,1.0817041019910725
3900,100,83510.06620638506,100165.79046762876,70156.3045836674,1.19034300198626
5000,600,294688.5821363869,327593.51473816496,250847.40254748997,1.1747723083582537
3400,500,343983.6098014611,520768.3795549728,287340.6095606504,1.1971284195694405
700,700,2075852.141725911,2298230.3164481223,2020005.0453069168,1.0276470083818572
4100,700,404706.5380591694,505196.20591542294,345047.72263124696,1.1729001860176886
3900,100,65533.76399018232,82420.90731754438,53544.57418459824,1.2239104519582247
1400,300,449769.71978928364,611571.8977942612,425148.5057657208,1.0579120323596538
3900,100,93122.41099406214,111923.32111502661,67742.26274582943,1.3746575213092547
1400,300,483772.90930939285,595533.4267922642,432367.2308377932,1.118893558080226
3900,100,115901.13811484934,138331.94727636583,96621.71431835281,1.199535103806728
3900,100,68390.15920885853,88662.83905121035,50992.837169769686,1.3411718783398578
4800,900,468673.15275338315,510298.0832207594,377951.55456017505,1.2400349915183746
1400,300,420140.3002458402,557698.9697172081,390318.45619976794,1.0764038788645167
3400,500,373977.731235906,670482.9800797508,306698.7216185476,1.219365145254944
3900,100,66813.44317331021,109359.70253953428,54138.05797390288,1.2341307699939563
700,700,2076119.3869890878,2309402.0177156962,2020993.803983018,1.0272764730388717
3900,100,109192.05798638251,131391.21292356975,100419.32952364009,1.0873609543536855
3400,900,572135.2529953684,825862.3757279174,515578.26425623696,1.1096962239490826
1400,300,447852.79971505806,586597.4803974279,427623.7183466632,1.0473057982999803
5000,600,292317.93296327215,336025.83754992887,246007.9907864832,1.188245682706228
2100,700,684185.6549969683,1057785.9160175116,625831.8016929313,1.0932420710264077
1400,300,455215.8766212894,601294.5386884011,433272.21171393426,1.0506463703742979
1500,700,958977.3497606101,1212979.7101396094,903611.3820643927,1.061271879477357
4900,900,460717.64512026997,499580.6277218148,370974.2057652261,1.2419128822445373
1400,300,461447.2600641115,582576.9753657177,431779.61530882766,1.0687101560690035
700,700,2028095.0431435653,2220185.738861715,1968586.995119855,1.0302288129359949
4100,700,416602.224909033,473418.9906475812,336100.21867899963,1.2395178632921946
1800,1000,1133910.8569610992,1481833.2268917216,1062681.507760525,1.0670279370445446
1400,300,469323.2013379309,576701.123377575,441956.6171420448,1.0619214265256502
3400,500,331007.38112820964,509015.5235603254,292042.4806728401,1.1334220294444763
2900,100,90287.46789436617,119705.125084914,69964.63030169682,1.2904730219402942
1700,100,132443.09748423964,165794.02927959085,119351.4281617181,1.1096900935679015
4800,400,204035.52715894257,215841.36460345655,164693.6164350297,1.2388793905648003
1700,100,143737.12804827836,199970.79688762207,116536.407854152,1.2334096330493445
2900,100,100812.15572581094,150581.37224417907,82903.92042485606,1.216011923310513
1700,100,138984.67469290228,230320.71841614853,119697.87534575518,1.1611290032628894
2900,100,85283.27953199651,161828.07181492477,70167.72003027028,1.2154204168983314
1000,800,1661538.7968444538,2019685.8129561963,1600586.4120172965,1.038081283440571
5000,600,308409.281673677,327363.01152602176,242550.04144578037,1.2715284641277573
1700,100,139332.89380453664,223884.6787890141,119739.52909087457,1.1636332200604529
2900,100,97250.15623608524,186359.63020538836,70336.67268244541,1.3826379970395855
400,1000,5090491.677652516,5332321.773375472,5023927.65331403,1.0132493994603162
700,700,2094672.2264237946,2373048.004825587,2056818.451102874,1.0184040430503836
1700,100,133933.5428299486,167685.8147412267,122837.55254113715,1.090330603787433
2900,100,82293.14059404428,107939.37107600391,72008.22045514936,1.1428298057344846
1700,100,147684.62652271602,167938.91434973487,108515.98094733986,1.3609481777101913
4800,400,207959.1007909381,243722.4945929489,158600.55814189446,1.3112129189664279
2900,100,106548.81043677784,136993.25244962037,67972.02274811617,1.567539204057758
1700,100,154915.05335199795,205088.2045226665,119806.55823386947,1.293043182574318
4800,900,429630.3654854029,484338.25366159494,371287.24620356224,1.1571374182076088
3400,500,343193.3929449886,507579.05096136284,289747.2571364786,1.1844577799862845
2900,100,119904.41309715249,168568.1990133175,96621.71431835281,1.2409675603776495
1700,100,133878.46125259096,163104.69005213722,116983.56762476575,1.1444210838398854
1700,100,121205.61294713464,176816.43811544208,110994.57393348514,1.0919958395422877
4100,700,417259.7536318012,527810.9065008936,351164.12579805165,1.1882186219436321
2900,100,86315.25794465742,97699.94554213044,68576.57412486269,1.2586697286378952
3400,900,600058.0816300877,895341.6884231513,523744.4356721914,1.145707793267441
1700,100,154263.37807951987,234524.18841438016,125461.61438054271,1.229566340598945
700,700,2119528.959069472,2321947.5803066804,2047746.1058961095,1.0350545670513922
2900,100,84942.29485540371,144291.03967988226,65065.78471962921,1.3054832923543933
1500,900,1315056.4949121624,1728117.033560864,1234367.335232841,1.0653688390612677
4800,400,211484.9034423765,234815.48136842137,164745.72767357592,1.2837049338323887
2900,100,110830.0856658735,204284.06482943695,100845.66295829043,1.0990069618731408
4900,900,444676.56288067903,486760.72849747696,370238.25752833474,1.201055141760026
5000,600,320687.7358389945,350949.7046667328,258690.3915727318,1.2396584731630123
3400,500,341675.8641120375,517253.4189965837,303829.62180384697,1.1245640306020728
700,700,2124836.5291252714,2388678.6309878407,2070081.303256664,1.026450761031688
4800,400,217083.28798150035,249802.5376468686,162654.05349926784,1.3346318970309432
4100,700,416597.57879849186,520772.0835263527,349615.1888115309,1.19158890154246
300,1000,6976203.714103444,6999355.880337569,6823081.922527074,1.0224417342947067
1600,900,1179351.1682523044,1531680.4283846924,1125394.1429039966,1.0479450028139259
700,700,1917173.2681884659,2164152.6556587648,1877495.4050787939,1.0211334009139728
3400,500,347530.64087755437,522426.1696265832,301053.6343757307,1.1543811507148853
4800,900,460364.992342744,501521.4498349427,367964.3747955158,1.251112944285916
5000,600,316779.89636386925,347397.5212024886,242525.36228813787,1.3061722426684248
4800,400,230646.5675243399,258171.29689389386,176977.28425804104,1.303255208663088
1500,700,977043.9696041058,1211467.8160089497,917312.0237686936,1.065116279180566
3400,900,603718.1410544573,922598.3781279539,535422.6650614932,1.1275543238071932
700,100,304790.0114823144,324486.2494788295,289853.46839274396,1.0515313588358783
700,100,321544.8525343768,340495.0714657356,283016.9905029406,1.1361326822215498
2100,700,702294.7794054487,991397.5950579605,645436.7014745662,1.088092415260837
700,100,318455.1641778404,373003.4968773627,290694.84012540546,1.095496445827725
700,700,2013633.7753805916,2211962.2777384897,1936310.1044236987,1.0399335162173864
700,100,310726.3457531541,360024.18614965264,290795.99922069535,1.068537210229405
3400,500,345706.156887363,557271.2491166911,288734.4631002301,1.1973151842541083
4900,900,426497.47779984405,470979.63847277296,363709.95546471403,1.172630749837205
1200,100,178421.69179529377,215386.0757872864,169081.18989576728,1.0552427026642324
700,100,312777.93169429916,322933.3271952975,298319.7704570473,1.048465313630072
4800,400,216570.45503947733,241289.25619763514,170871.5284850516,1.2674461155676011
300,1000,6681604.792854992,6844690.155766771,6551182.864199796,1.0199081496210267
700,100,283331.55751001183,308293.20279884,263538.8108721111,1.0751037259840472
700,100,337353.1120628267,373240.1739771663,290958.7842822544,1.159453263784488
4100,700,423778.39816328965,543678.069841573,353428.5151901621,1.1990498218155254
700,100,300717.1603809325,309467.20224162936,284102.94994585967,1.0584795421456867
700,100,282651.50552041136,316892.224051515,269558.25098132103,1.048573005988222
5000,600,276136.44287000893,312696.11446952977,233024.74531657892,1.1850090963294908
1600,900,1259966.251661554,1688682.7641980841,1157219.3767807884,1.0887877242140485
1200,100,187590.85217223858,262160.9020411283,165093.24446004868,1.136272127825522
700,100,324535.8573285949,384705.1183469926,304692.49206703226,1.0651258753602537
1000,800,1705091.690364627,2042194.9097472378,1639353.6671333099,1.0400999641195614
700,700,1996556.347196128,2198831.7993982914,1965668.6223614863,1.0157135971359883
1200,100,187307.54869793582,261155.55882223463,169571.99007315317,1.1045901426121822
3400,500,403522.3700272733,599351.9397605758,296071.1582336557,1.36292360402366
4800,400,229970.37984264764,244310.46447419364,171534.09013886217,1.3406686662486709
4200,100,68496.64352281141,82149.52136242144,48308.91139879065,1.417888367580275
4200,100,88935.02386572193,93293.79208434171,82739.16147748545,1.0748842782256436
4800,900,452710.2664761416,497473.3760889018,375263.7901171588,1.2063787618165975
4000,900,537685.8052639097,696677.8862081324,454443.40206240193,1.1831744125313044
300,1000,6628316.901417373,6829442.756692233,6578713.000766746,1.0075400615051675
1200,100,188793.1918231938,242866.27671411948,169630.99954540562,1.1129639766855173
4200,100,62116.75618897503,84498.10104961469,54290.25884700422,1.1441602509950584
5000,300,188042.2586020338,199570.7136916386,142348.1066563424,1.3210028782188616
4800,400,207801.94754420928,225002.23590822966,162289.93398920793,1.280436453674495
1800,700,832156.518443868,1190533.0444359765,791800.8054011764,1.0509670017603037
4200,100,82693.07158462536,99205.71504970414,70156.3045836674,1.1786976534091358
4100,700,364580.85798830166,468967.5573721297,320547.99598906236,1.1373674537049416
1200,800,1433417.9198840873,1794222.5409550483,1361376.698229383,1.0529179188599318
5000,300,192961.9642370646,204737.84927833328,148288.0517849619,1.3012644101419986
1600,900,1223493.5408714262,1613884.9405730607,1136108.5051560048,1.0769161002834162
4200,100,62248.32213163493,71888.58501300501,49719.961742841224,1.251978480063846
1200,100,185264.0853562966,213325.95670885968,174019.86609994428,1.0646145725103273
4900,900,460854.3743445809,482552.82519235567,360454.8977588726,1.2785354761717536
4200,100,86183.15408980563,91856.45856411969,67742.26274582943,1.2722213666403033
400,1000,5192972.75865871,5307632.894562328,5086841.247322347,1.0208639322865107
4200,100,113136.04543021278,135634.20110904292,96621.71431835281,1.1709173887915914
300,1000,6518200.378503414,6696481.471564621,6441804.8466194365,1.0118593365839186
5000,300,170958.91229212732,183058.60309852677,143441.4983667211,1.1918371896468587
4800,400,210469.6234214762,246051.4223919204,167923.72650942532,1.2533644160741206
1200,100,181964.49467872648,214472.10348213796,153730.97300873147,1.1836553891348325
4200,100,65930.81900119827,78338.55351545957,50459.111537190256,1.3066187055752019
1800,700,834700.8997612661,1145055.2886966846,785557.5176193566,1.062558604608405
4200,100,70263.12644460893,78065.8430622387,54138.05797390288,1.2978508848337171
5000,300,181763.5535566384,199251.24216737458,130823.99861272547,1.389374697945962
1200,100,200365.3128392098,267367.39989795117,169725.95749798173,1.1805225069453058
4100,700,387984.9659884807,480259.45851703384,330589.5300235583,1.1736154074838134
1200,800,1427945.3610607472,1743730.7202893952,1368870.5625643195,1.0431558688688303
4200,100,104632.0592220904,104684.02609052007,100419.32952364009,1.0419513824523055
4800,400,223513.68256386794,248976.5607370262,184114.18593069012,1.213994899056881
1200,100,178497.10280631486,200858.70194647656,165726.72080175148,1.0770568677325112
4800,900,427091.67496152874,483189.1868203371,365201.2705148345,1.169469302117831
1600,900,1221219.7267061914,1672568.577745558,1133854.663680525,1.077051376886414
5000,300,167519.13855619973,186246.5740273366,131967.49793690105,1.2693969437557826
300,1000,6828505.0143447565,6967986.38571748,6725235.670999009,1.0153554980669408
1500,900,1289506.7083619914,1737686.495585213,1211849.0721664052,1.0640819372471515
1800,700,845264.1098366708,1173293.9546768707,785942.0348822848,1.0754789441479244
1200,100,173080.08587416,226886.40993203124,157242.31307243727,1.1007220797777675
4900,300,180726.71195286833,190681.88691847282,142348.1066563424,1.2696109291371172
5000,300,178649.53382611592,192967.47542630948,144863.04739585196,1.2332305376535342
1200,800,1412533.8096503557,1779152.6695809173,1364327.8764312323,1.0353330999475134
1200,100,193256.02761606374,290091.5395854735,177737.28703910217,1.0873128021445915
4900,900,448808.6289632164,498369.05613688513,367605.34542089025,1.2208979944221223
2300,700,685705.5849278782,1015238.0973599602,619670.1955313554,1.1065653792496808
1000,800,1649121.6999499688,1935551.9000570397,1595573.948037126,1.0335601818886033
4100,700,400457.6184677622,478939.60051143984,335601.9599153757,1.1932517276381231
4900,300,183932.19929487645,200432.63982006468,148288.0517849619,1.2403710014452378
2100,700,709095.7410633991,1014322.1490852201,655222.8741204954,1.0822206749347956
5000,300,174490.27012417084,181143.02006073165,119734.6411370657,1.457308164680795
1600,900,1190157.4294264126,1566798.9127724287,1113861.7386106867,1.068496554079404
3300,200,135217.36277577595,183075.7414831032,122325.18880262524,1.1053926349866712
300,1000,6820395.366736308,6874295.694169679,6717312.075242484,1.0153459137135745
1800,700,825416.32692645,1148976.8281486023,765561.609213277,1.0781840638203921
4900,300,170641.2465557413,183010.44991882532,143441.4983667211,1.1896225882936722
3300,200,181183.48491868624,246322.7840937807,130136.35656272323,1.3922587792087084
1200,800,1363165.212787849,1719405.7677220611,1296132.3254068983,1.0517176264081731
4800,900,453827.9600137189,501922.0651051149,370985.6419344689,1.2233032999532725
5000,300,165882.3345170804,187057.37450715937,123414.4751336362,1.3441076043750861
3300,200,184968.52586431894,279007.0764855965,137340.04259498307,1.3467924020512552
2300,700,688113.1423243982,992133.7669866178,614784.1442238443,1.1192760073425945
4900,300,179366.99803047912,204607.71395226425,130823.99861272547,1.3710557690676777
3300,200,175899.07611796146,295843.9370636175,154082.1067420537,1.141593140418512
5000,300,169175.22365698023,184288.89476072873,120898.29228647175,1.399318554939676
1800,700,870000.9202328523,1225615.3021580873,799873.8420955621,1.087672673422557
400,1000,5232885.473420594,5441579.820446598,5153513.293050198,1.0154015670198102
300,1000,6850961.800082767,6906854.358378839,6698570.204418707,1.0227498691532015
3300,200,158650.38833181292,261451.24178277954,112828.85828240226,1.4061153391690162
4900,300,168684.2827935588,189311.2121739968,131967.49793690105,1.2782259679895842
1600,900,1182511.351470079,1553965.9038458592,1103893.1243865474,1.0712190567607902
3300,200,151470.95693450066,233026.98488979868,117153.64424146911,1.2929256952715789
1200,800,1377490.7250997184,1669460.91148207,1308924.872461684,1.0523833369512516
4900,900,403793.1679261817,448638.1237751931,357748.1833614705,1.1287078081908444
5000,300,166206.13835351047,190073.45238523933,123747.85279977255,1.3431032102224563
4900,300,183686.29743043674,192986.45471607643,144863.04739585196,1.267999677850878
3300,200,138753.8786027458,187300.45577929987,119662.02494636612,1.1595481412330844
2300,700,697271.3106577484,1018717.6176702577,615085.0707774403,1.1336176795454136
1800,700,851437.0218719306,1198385.3595255073,796345.7078484871,1.0691801481196972
3300,200,177668.9243036985,235692.45977026378,131307.82707961582,1.353071848458604
4800,900,473458.1115921294,506930.50321367057,379257.7210852243,1.2483809432734976
4900,300,164041.478355448,194695.66435916018,122178.20524190378,1.342641087505403
300,1000,6935177.615452578,6940984.086190984,6782454.996429795,1.0225173066541797
1000,800,1661802.1016088477,1940523.817317281,1616071.5959789646,1.028297326519238
3300,200,145616.48088525995,208728.3941377857,121547.61276758194,1.1980200809348798
1200,800,1411288.2443631026,1760731.5376190913,1339284.1976984225,1.0537630823901454
1600,900,1199095.0867720935,1631378.0804374039,1125791.3703514764,1.0651130558921689
4000,900,520100.4100736923,669248.2597628627,453541.86547221005,1.146752813066516
4900,300,164046.66145853454,187934.882892964,123792.0604896955,1.3251791820056977
3300,200,172544.36841961317,233509.44675002742,128909.95551176889,1.338487533678969
1800,700,871033.7824352374,1232090.802005635,805031.6179331471,1.081987046262289
4900,300,169556.85543504517,181364.2289024468,123365.60437395076,1.374425686118131
3500,800,554188.1962339252,807990.1395598168,466757.72510721703,1.1873144597802314
2300,700,653941.0467666792,962675.1650569671,599135.172427782,1.091474974031012
4900,900,452568.7254087622,496318.5084703992,363414.50638478587,1.245323776177441
1500,900,1282537.652760215,1764137.919744305,1209444.9745925602,1.0604348934454653
1200,800,1394495.686793237,1771626.666980752,1333822.0100144139,1.045488585675811
300,1000,6933139.186192968,7112116.247185072,6871351.057400264,1.0089921368121864
4900,300,166618.99000782048,187455.02052358075,126273.31918344137,1.3195106542322503
800,1000,2619178.1143661635,2954618.657095152,2558655.7209476526,1.0236539808474487
3100,900,643106.5365570121,954250.2474113939,580848.5898859337,1.1071844672693525
1600,900,1158029.1362789006,1482033.5511537183,1095603.8115445036,1.056978009821264
3900,700,437245.3082285885,592186.4285139494,365446.52556977374,1.1964686421546136
1800,700,789834.5228496783,1072564.181466248,730137.1019750865,1.0817619330850397
2300,700,689403.1010801686,991227.7358324605,625988.2242487008,1.101303625811136
1200,800,1441083.1917270601,1812934.7485309339,1366128.0559444248,1.0548668446244724
300,1000,6513434.620346834,6509855.968680338,6376089.04656315,1.0215407239109553
400,1000,4836886.172988004,4988326.4940718915,4782066.784922362,1.0114635346035912
3500,800,535240.6986053545,743046.1292475993,469327.0500220524,1.1404428928189947
3300,1000,706074.1223100815,984269.0229471764,620280.1747751886,1.138314830980996
1800,700,823877.0699885674,1066807.6827506982,753009.4850536606,1.0941124731381793
4900,800,443251.0159768865,481579.6434659234,333398.3750765836,1.3294936301806184
800,1000,2535691.287840922,2992312.937069904,2456693.5740749235,1.032156112019687
4900,900,455763.9424292327,502765.6062523692,371517.7675936891,1.2267621690914108
200,100,1129040.8055191387,1025215.9451056282,1014487.1393746038,1.112917810091859
2300,700,687618.7359966426,982692.8511270388,623227.0757075116,1.103319741389655
200,100,1056351.298771616,1020213.1882779832,990559.4667602922,1.0664188614808776
200,100,1125963.8911008807,1039707.8625442223,1017431.9404389191,1.1066724429892982
1200,800,1391057.388598725,1720580.6794031987,1329644.956697605,1.046187090464847
200,100,1092041.8925467809,1039419.3832380224,1017785.9972724338,1.0729582598634149
200,100,1099082.933666033,1045505.9972378192,1044119.1965996657,1.0526412475178746
200,100,986774.9296798625,938071.1030329628,922385.8380523889,1.0698071121337147
200,100,1104391.9067818108,1037835.824240614,1018355.7449878906,1.0844853698890295
1600,900,1187140.3254935502,1628760.2417107762,1112956.9258034066,1.06665433133146
200,100,1112796.387787813,994447.0011055407,994360.324810509,1.1191077922380641
3100,900,694924.5241587536,1078782.2979220538,597274.5170481489,1.1634926726712043
200,100,994249.8597539571,949031.0021073675,943453.8784346236,1.0538404499471814
200,100,1169668.4370069874,1095932.9029771301,1066423.722234613,1.0968139704882338
1800,700,819469.7990631226,1082488.2534036373,764426.6864739114,1.072005744387483
700,200,607514.7513572526,621473.3964467023,576675.890069519,1.0534769388122258
4700,700,386177.6403529288,453066.4623809952,303242.86164300377,1.2734929299261164
800,600,1556142.8518465427,1744964.835725366,1520161.205929946,1.0236696251530675
700,200,643698.7587887764,706582.3196920073,613499.966652838,1.0492237877382427
2300,700,700318.7567303597,1047628.9919460091,630024.7444694195,1.1115734149777545
4500,900,453282.061969474,529706.0907990957,400140.1396991988,1.132808276395925
700,200,625776.2258164632,716970.9354500353,580255.8348724816,1.0784488293064476
3500,800,548777.9545954873,810960.2826925693,467769.55763356533,1.173180138895189
800,1000,2517581.807635633,2941382.753791075,2467017.3752875295,1.0204961800652945
700,200,606793.4170438297,772763.0056363718,586957.6778186704,1.0337941558220611
1200,800,1408639.6839466442,1647266.075126245,1346726.3299824705,1.0459732260265378
2600,500,436865.3974394954,636551.0433415294,392881.4860049353,1.1119521102452958
700,200,557242.1432977238,617387.7671735566,508193.6272251061,1.0965154095702414
4900,800,409756.7469968345,436881.75925616024,335233.60715860885,1.2223021148442512
700,200,591264.906995624,630407.249670109,552295.7514240686,1.070558492385783
1600,900,1213295.1630806767,1629209.540595785,1137773.163255673,1.0663770268661479
700,200,589381.105972305,607742.834482094,564120.9747471545,1.0447778621180899
3900,300,200690.4842157773,271684.78609497,161071.67508960902,1.2459700571446044
700,200,652235.980528239,732585.9398334585,619022.6133753316,1.0536545296331028
4100,100,68280.19334583724,87866.60810557852,49487.17753046848,1.3797552568803948
700,200,609203.5595465237,637980.351003776,573010.1744757434,1.0631635993268256
4100,100,89460.50096644739,90346.8307468175,82739.16147748545,1.081235286518959
2600,500,433813.12836308585,635611.5414821587,384039.4361699239,1.1296056797957041
4100,100,62448.36762371765,104564.21180290953,54290.25884700422,1.150268371342709
700,200,636833.139598813,716860.9706548183,607718.3616983391,1.0479083400065605
2300,700,634190.3683043494,942383.3502944903,571411.6450239808,1.1098660201048824
4100,100,85746.99413067318,104433.35052956404,70156.3045836674,1.2222279186386242
1500,900,1246000.2083512049,1625510.9078876243,1188119.1878513992,1.0487165101714062
3900,300,221953.0199736782,277685.74936525035,152933.29962750513,1.4513060302385565
3100,900,656946.0115693372,989807.1909634884,586378.5833063251,1.1203444843860328
3900,700,418087.373742287,598791.2053382309,362565.00813201076,1.1531376839048417
4100,100,63555.981827224925,85738.1651719238,50932.64373656906,1.2478437631461972
800,1000,2491182.5131195937,2860212.2090611006,2415676.817482289,1.0312565385778714
3500,800,512278.446049775,762227.687758987,444388.2258537937,1.1527723198911162
4100,100,85745.67494356654,109232.14894247323,67742.26274582943,1.2657633723468367
2600,500,428076.7117961503,603036.0115549228,375753.1048100813,1.1392499657787662
3900,300,193783.70156641665,273453.0301493307,162072.45832491765,1.1956609011132868
4100,100,112077.92762291731,133191.47673490338,96621.71431835281,1.1599662499636345
4500,900,520369.5931513502,586160.8496534106,411455.778410947,1.2647035731544012
4100,100,66107.27249753532,80556.93343221585,50459.111537190256,1.3101156656080197
4000,900,527449.5902881114,701921.4873739752,445544.69544427475,1.1838309280333035
4900,800,410538.92548259645,457215.7956295553,334121.1125954038,1.2287129127925807
400,900,4562772.277670349,4684649.256250102,4501576.5716159865,1.0135942830430171
800,600,1574654.2006223882,1881873.1369115838,1528930.1943551565,1.0299058821887654
4100,100,63131.701424341736,81261.88259414876,54138.05797390288,1.1661242347254905
4100,100,106087.19723136067,111179.51861141688,100419.32952364009,1.0564419991112
3900,300,203559.10291905043,286357.77818298526,152617.41232615616,1.3337868845792487
2300,700,644143.1055823962,915983.3267401621,589311.7709115605,1.093042999270185
2600,500,454917.28998420306,765399.363766713,401067.5590396392,1.1342659851958798
800,1000,2571513.1597154103,3036703.1095367335,2521963.3766246284,1.0196473047745438
3900,300,193968.2170135879,265782.1897046535,155208.7495315155,1.249724758424152
400,900,4693690.059677067,4905386.391997968,4628877.507123154,1.0140017860602655
3500,800,511133.72821880894,755927.0728616276,448774.2419868631,1.1389551368988136
3100,900,674287.5793649654,1025172.2118685541,585215.3102867226,1.1522042699713417
2600,500,437668.0772980318,668676.44868408,381901.70549525245,1.1460228404334074
2300,700,644120.9119617634,907976.3463806814,598246.972023061,1.0766806053084947
3900,300,202631.41300477515,285021.95376087324,144863.04739585196,1.3987791686520696
800,600,1508160.1184748,1772694.5048725496,1447621.8881900513,1.0418190901772277
4700,700,363218.5164785626,405490.22357350506,300851.815258477,1.2073003985915898
4500,900,483207.0971970745,538159.0527671354,403949.69072213507,1.1962061323360642
4900,800,386370.2886407983,431256.1330034956,317420.16132413835,1.217220377650336
400,900,4653266.700403462,4852580.422953826,4544434.020624019,1.0239485663749386
3900,300,191209.78977520476,262663.2324310397,153505.95017572524,1.2456180985578618
2600,900,753962.4270722728,1075173.1359453332,692550.2417870748,1.0886754224888122
2600,500,420935.6246741503,654501.5870678992,378900.25933231815,1.1109404501752125
800,1000,2570278.709157617,2976022.00960402,2518992.0282159317,1.0203600012890905
3900,300,187387.47486262128,248332.97883202924,155533.6144614123,1.2048037044050814
1500,900,1242468.847389066,1628349.7541295933,1177485.9993456504,1.0551877882875276
3300,1000,688582.6431703125,1079358.7970422176,595562.0785636178,1.1561895358264627
3500,800,552688.8085966337,834805.7369723666,459183.15349660197,1.203634768366396
4500,700,399072.7710262977,450899.8705522698,316720.3221604706,1.2600163080918507
3900,300,196961.86443451807,232778.83430748477,154997.81062368173,1.2707396552375867
800,600,1630692.1227506623,1947995.28688467,1567130.3812752762,1.0405593192722495
2600,500,442720.81334897334,690921.798335572,397315.6592819537,1.1142797999683118
400,900,4605173.06862142,4795097.631640904,4535418.6547221,1.0153799283395137
3900,700,417743.8542425867,609923.9848510599,362742.4776379776,1.1516265119066131
3100,900,668133.1485226533,972773.8922329332,574896.381218419,1.1621801255847723
3900,300,195208.205263994,244441.65917889948,158651.09333304173,1.2304245824150184
4900,800,377348.1366398064,425372.8755047,320553.0299906165,1.1771785050693562
2600,500,438208.748080006,689220.8289808952,393685.5218759556,1.113093379690196
4500,900,474648.9153101013,539578.6519111593,403148.3248641867,1.1773555439427954
800,1000,2579113.719843609,3004875.019531792,2511963.826657015,1.0267320303238436
2600,900,815521.9568848412,1216677.293354353,712135.0010958698,1.1451788714638014
400,900,4552749.254314198,4687136.873152234,4455446.954442747,1.0218389537270613
4500,700,367850.76263517846,426942.95255234616,314223.0070477426,1.1706678199387472
4000,900,533709.2827808346,646643.4153184912,441557.24975461897,1.2086978145584204
3500,800,533757.3356953049,801583.6073103412,457310.4034335133,1.1671663965827666
2600,500,414333.4474262475,671241.8296177278,377575.8363618394,1.0973515980752075
800,600,1604317.626465188,1809551.105427318,1567796.2659218123,1.0232947107588004
4700,700,369369.6442320807,417673.8512145606,300999.07718896016,1.2271454373934811
400,900,4522265.623183764,4646876.910756188,4415572.497546189,1.024162920141582
3100,900,644827.6731110924,970403.7505923472,569751.2900059599,1.13177044865374
2600,500,472469.9443574307,759128.9933387788,387169.97615170357,1.2203165882168103
4900,800,408583.47705755493,464205.5061403096,327987.9667832871,1.2457270340271966
2500,1000,890115.9823404847,1294497.3967693495,818769.8307032489,1.087138227328132
800,1000,2593607.8000680646,2923196.6707265396,2543420.6236611735,1.0197321575283322
4500,700,376858.97163915506,427321.12208387995,314376.8139529139,1.1987492553938772
4500,900,465436.22150278353,525750.4146901553,396039.72928379977,1.1752260874041116
800,600,1574055.2614887734,1723996.473455382,1537549.9424155199,1.0237425257327921
1500,900,1266930.7613143001,1661697.7020528093,1200844.1283749081,1.0550334813468476
2600,900,784777.3747131116,1212750.5095191367,699143.6954806184,1.12248366077824
3500,800,538781.7259105028,816614.4289865488,468386.7620380885,1.1502923856475045
400,900,4564284.460094053,4769065.248583109,4503165.481405905,1.013572447857072
3900,700,441570.1163084647,546317.0262154725,353336.12732920476,1.2497168620888064
3500,700,471749.41782041575,760709.1587382081,407211.8427777479,1.1584864885127906
800,1000,2645008.604427903,3053292.4605105296,2576756.646525099,1.0264875451063047
3100,900,652827.6888636997,988703.5832162169,581053.6105039878,1.1235240209547228
4500,700,366632.1615758468,426866.39404355106,306224.6436853108,1.1972653708191208
4900,800,417928.93583317194,435697.68890495587,326650.2881667952,1.2794384421904068
800,600,1556653.0511419196,1772953.4333660423,1515937.7590361272,1.0268581555298684
400,900,4476151.296413103,4555162.684774273,4382415.246178014,1.0213891301872495
2600,900,770629.8916442574,1248282.782061289,697756.7161110924,1.1044392319708787
2500,1000,882698.0531904659,1398850.756480294,786141.9437039755,1.122822742457371
4500,900,482744.79260777717,536028.2473819219,392495.3331152168,1.2299376626372973
3500,800,511332.250204663,767252.0267613139,455878.2708677503,1.1216420761431727
3500,700,456375.5945264959,660996.2730383804,404001.0090613834,1.1296397392343018
800,1000,2430022.961723408,2718635.6843597083,2391033.392461181,1.0163065766396904
4500,700,383698.8986720265,435396.96467822726,319949.53683822486,1.1992481766461662
400,900,4509461.100096583,4721861.263303152,4451827.7032136265,1.0129460079601358
800,600,1564648.6128293357,1789446.1749952724,1493082.2845377775,1.047931938535935
3300,1000,674004.7116216127,1134594.1094510716,598064.8182515223,1.1269760250939107
3100,900,621389.3818592873,916336.2792021954,565472.9349907115,1.0988843911150128
4700,700,358204.09016605926,402380.89307108533,293193.8077838082,1.2217314303929214
4400,400,210628.32728183898,268580.5937903568,179665.76338366873,1.1723342461860748
4900,800,400263.3514361175,442652.5727513686,334561.97288434894,1.1963802938670502
4000,900,529888.6391318177,673610.4474183096,450316.54814059054,1.1767025691589386
2600,900,747649.9003581837,1078445.5878449755,685453.3776065765,1.0907377872566346
1500,900,1240634.7328327927,1593527.843681434,1168644.0656474705,1.061601876312474
400,900,4676052.252864805,4823257.751985549,4551092.653022692,1.0274570546831472
3500,800,521432.85108917684,718628.1355221976,461734.7417082756,1.1292909196306882
2500,1000,879177.331499724,1399067.3668706003,789445.5600920095,1.1136642929466298
4500,900,475457.53960091877,541779.1497984804,400281.3761249694,1.1878082967629229
3900,700,423294.9090322944,586658.3151115092,369172.542505644,1.1466045284931312
4400,400,221200.69609351532,247051.55520611673,173018.7907002485,1.27847787629461
3500,700,465967.55691535963,662996.3440604976,404198.76079660363,1.1528178760296561
4500,700,371159.8946023653,432687.3305959196,318538.2831393948,1.165197134059842
800,600,1563948.6849547345,1764743.8778081618,1515783.5143008616,1.031775758345075
4400,400,223045.57255215757,247389.39739128383,179722.61200753736,1.2410545899633558
4900,800,386130.0069318219,433326.817881421,325627.3363341074,1.185803413432207
3100,900,661336.7669432206,955331.135986608,574429.3810598229,1.1512934204776462
3500,700,464949.53823917697,661551.07726698,393717.399023971,1.1809219998704428
3700,700,459393.4121088425,657163.7706485726,385200.3918167886,1.1926088910297425
4400,400,218283.7068214649,249173.97961246027,177440.7856355649,1.2301777521983297
1600,1000,1349970.1350425624,1792643.847143501,1279327.8604738263,1.055218272619008
2600,900,763649.2095627019,1149366.8076234139,679318.8457763368,1.124139591166488
4500,700,392182.1145063687,444921.73510671436,322012.6471732588,1.2179090416139935
2500,1000,875203.3202085393,1357334.8900548152,773016.5815943324,1.1321921690262435
4500,900,439395.54122665105,511427.0441551235,389548.02188249014,1.1279624501833505
4400,400,238778.64118045528,277810.0526896207,188745.047860881,1.2650855950215592
800,600,1497796.4789528986,1677397.2155725649,1456404.658228618,1.0284205495295684
3700,700,444619.7038532583,639352.7011513156,382163.116679687,1.1634291339159235
3500,700,462480.14781792014,696429.5088846252,411363.6902205748,1.124260985625485
4400,400,236468.22925350216,271946.5831136814,186405.30380187446,1.2685702843779505
4700,700,375054.8231481955,414182.76285277953,306334.66293021524,1.2243303436857067
4900,800,413536.7880923583,435652.2623008792,329810.52979162545,1.253861689478596
3100,900,661968.8554058612,1009532.5191944483,587237.7616803473,1.1272586652324181
3900,700,420615.47083655617,568741.6743770096,367544.17285314784,1.1443943392475249
1600,1000,1308577.52669822,1828516.460025244,1228346.7870374618,1.065316033311944
4500,700,339952.27695156354,393964.2227910158,292054.8407900346,1.1640015143456004
4400,400,230768.71396258983,260590.83441517726,173729.84280436506,1.3283193620479787
2600,900,767082.736720936,1148355.9516523483,692794.6894470624,1.1072295276009763
3600,400,251504.25564100334,383238.72254369326,219591.4885800396,1.1453278871021988
1500,900,1251965.0396396841,1626409.1374292292,1187154.0541903004,1.054593576310185
3700,700,435385.9324426373,605725.2437772687,382350.1791319223,1.1387098952879424
4400,400,213098.51427599275,236660.5629886262,176271.41129216005,1.2089227215795864
3500,700,459755.4360031978,684549.9723304297,409549.22117922193,1.1225889642261222
4500,900,491074.60011526884,540033.3255545445,395718.01806343347,1.240971039222555
4400,600,329743.4394953445,385797.0632538054,276392.94653271744,1.193024075440043
4900,600,303758.5870961555,339818.71390015644,248189.58464162383,1.2238973989773632
2500,1000,921060.9086950836,1385253.4551452715,807028.2805198812,1.1412994202653512
4000,900,491538.2827301097,635432.0012256576,438241.5246178014,1.1216150344465632
4500,700,356839.52319147077,402243.7169233064,301203.79402146424,1.1847112495735757
3300,1000,672963.4358832198,1108499.1114972825,585618.6224199488,1.149149651529756
4400,400,229056.53778146819,264577.83707028045,181652.12925316155,1.2609625811885803
1600,1000,1321109.5967050418,1878789.0947482833,1233508.6876437648,1.0710176668707632
2600,900,735956.6027431511,1092437.462277021,674217.7301812329,1.0915711198299731
4400,600,346060.1338983799,394905.275759153,277987.3080645739,1.244877459721986
3500,700,486995.8386071541,726374.3092331607,414016.2606513328,1.176272250372508
4900,600,335943.197476056,363387.01075616525,249621.25622125002,1.3458116610802373
4400,400,236314.38576731656,291812.9833682008,189753.4981181726,1.2453756484644476
3600,400,258364.6850696714,369017.87622107443,211467.41085585929,1.2217706928174303
3700,700,442839.06675100664,625658.0191810296,372435.3774551077,1.189035987335508
4500,900,482558.36759277974,551635.1280806336,404541.5691575726,1.192852365203584
1400,600,906515.2292774013,1201391.6661148672,868663.5462456835,1.0435746189595625
4700,700,364204.2216854098,400285.6013143421,304983.46258027165,1.1941769517734138
4500,700,376240.52298361907,434638.49526911275,305770.67458956456,1.2304663404646181
3900,700,429425.5326114383,578451.9850665458,371553.05443068326,1.1557583163175198
4400,600,352211.70122656506,390458.2196085534,277514.5116622374,1.2691649857043927
2500,1000,891352.680347717,1317921.7422420334,806077.4490290981,1.105790369673945
4900,600,347256.56674461387,374678.64258317667,277514.5116622374,1.2513095789645028
3500,700,429328.30344038387,664816.5167051,375499.0810157588,1.1433538060306625
1600,1000,1297852.3448821835,1722602.5138236925,1207838.4087411445,1.0745248168046377
3500,500,363155.91583060456,527179.8382614501,291854.8181750948,1.2443033084097777
1400,600,928493.2271193707,1199910.6735755461,873674.3967743751,1.0627451491624202
2600,900,770356.8536976535,1129290.1339037453,684896.5697251733,1.1247783793205048
3600,400,262609.0145673805,403132.41481034446,219660.97023143456,1.1955196878657866
3700,700,450648.716904409,643739.3225460507,389127.8150735167,1.1580994712990882
1500,900,1286171.707638019,1670318.6388881544,1213624.7074727179,1.0597771285625643
4400,600,421607.9753884984,448826.70215771033,314954.4837664354,1.3386314439681237
1100,900,1679393.1063736936,2002225.0158230008,1636936.9351330858,1.025936351199233
1400,600,893608.9286205152,1204358.669963057,827212.5075371722,1.0802652528562733
4900,600,386400.8965669868,407703.7340877702,314954.4837664354,1.2268467873393882
3500,500,336538.8950596549,506921.8841806989,285286.43829765776,1.179652622353265
3500,700,447615.7256377071,649269.9245760605,387262.02088473976,1.1558472080868738
1400,600,986993.1922492753,1307118.1341858376,895503.0750144436,1.1021661675850258
3700,700,432292.0800914051,642837.9692244419,387411.4254398045,1.1158475246326314
1600,1000,1360474.7532379602,1844567.1655163716,1260981.6883123142,1.0789012765592232
2600,900,775145.4694376821,1196098.8031825153,700168.1004650295,1.1070848113800886
3600,400,257480.19596044233,403965.5048022344,216872.07133235713,1.1872446017535063
2500,1000,876703.3765629744,1298203.839207412,803828.4245302448,1.0906598346224414
4900,600,300854.5775264021,336132.6832008372,255966.73729335712,1.175365911632495
4400,600,324035.84496960253,385408.2078498128,285053.8665312386,1.1367530246571553
3500,500,337317.22864197876,504687.7520521269,279130.8778589175,1.2084554429426853
1400,600,946853.8313489837,1207551.5632470695,895883.58052675,1.0568938330048028
1100,900,1756101.7524355578,2106428.855722614,1683228.1844084195,1.0432939328738426
3900,700,391063.3644688238,536647.3526403242,336986.35475773225,1.1604724017682226
4000,900,529557.93679344,667686.9664933032,445182.77032136265,1.1895292722383881
3500,700,439831.4457893992,674919.181589859,393133.72447229724,1.1187833004654695
4700,700,386942.5981061366,413182.226725873,308309.98133609886,1.2550440191046481
3500,500,376225.211724326,603071.2414933948,297935.9010008748,1.2627723294186737
2100,300,337232.35572967137,471752.498576676,299133.11088070244,1.1273655221142114
1400,600,915029.2056807261,1103436.8707498845,878599.9670945829,1.0414628271687854
4900,600,295611.0845162976,333984.7108972501,251028.56202702367,1.1775994019536093
3300,1000,716866.5112179496,1108076.7141312284,611385.06099991,1.1725286680141096
3700,700,443269.3981896221,662720.4776729031,391637.0033188283,1.1318373760223068
4400,600,320738.7729673852,389361.85852539784,279554.53498464,1.1473209439618213
2100,300,315367.5648013891,485312.61892008915,284018.98502250947,1.1103749447467224
1600,1000,1340085.0765479016,1768936.8224416277,1259496.0141079659,1.0639851667152855
3600,400,278564.13310744165,408924.7335602324,230688.39182996564,1.2075342452114537
1100,900,1715588.5077011788,2105128.767014768,1652521.462045098,1.038164131059473
2100,300,344627.83828127594,490501.10421688296,300991.7083177042,1.1449745250706798
1400,600,903470.9666002097,1174736.9216751696,866250.1480206442,1.0429677485938835
3500,500,343009.1069778813,477789.9323755369,283698.4097964732,1.2090624943014587
3700,1000,635178.7354457328,910491.4263945011,553222.8585832763,1.1481426076144678
2100,300,334641.56352027936,479105.5202761733,283432.33717714716,1.1806753133857344
2500,1000,896899.6000969269,1286663.2336934253,813894.5995715754,1.1019849505931656
4900,600,302956.2616261723,332618.09474239167,247500.04229161263,1.2240654943776508
2100,300,327080.8950723554,474196.52231311414,288244.82055852877,1.134732948326962
4400,600,328919.7123725525,368458.7483355506,275625.0470974777,1.1933592967558806
3000,800,625964.41152238,986002.5466658213,544550.6792917532,1.1495062541038679
1400,600,909644.519313491,1243534.9890457257,853189.87687873,1.0661689079590255
3700,700,402133.97330958414,590822.9650676175,355201.83339328534,1.1321280902971431
3500,500,340727.4037296512,507884.8253726387,281468.76407543634,1.2105336265246576
2100,300,300117.7354456973,435367.56408310175,260212.3041331786,1.1533572036320574
1100,900,1731947.0234964245,2165919.65843885,1649243.147171673,1.0501465635716496
1600,1000,1334140.2956093154,1769838.459805265,1255981.9133285074,1.0622289074797888
2100,300,311845.58597034693,448697.8342924913,285082.47889777547,1.0938784704554507
1400,600,921937.883551235,1202531.321896339,866162.0081719209,1.0643942759588727
4900,600,324756.68999887287,353926.8573346041,258690.3915727318,1.2553875233806906
3600,400,265720.2622081504,378387.0537075554,227828.70464673545,1.16631599437906
4400,600,357596.4514415438,399324.20416950603,271469.50627959595,1.3172619508625132
3500,500,335021.8375902505,508464.50909740047,295148.7754665942,1.1350947909596503
2100,300,312634.17581665976,464455.48577045626,288848.14114262286,1.0823478890324318
3700,700,423962.54836165434,578653.6747932011,366328.9386747538,1.1573274824953719
1400,600,872833.9351768568,1106659.3816997225,832231.2332734962,1.048787765082613
2100,300,319135.4508382573,433715.27778464305,287853.07687255176,1.108674794466609
3900,700,404916.68296225194,542808.1500314,347542.8392555357,1.1650842348805563
1100,900,1678863.6242442774,2025623.2818896298,1620162.5288882717,1.0362316090573243
4700,700,327107.61718974187,376155.8832871283,279626.9752245012,1.1697999340983478
2500,1000,907817.0286912103,1368351.771818178,824562.1268880317,1.1009686221187356
3700,1000,634502.2798946983,930040.6053227778,531176.9889891726,1.1945213987943137
2100,300,319925.0539815242,442799.7221996878,294637.7447613632,1.0858250840897592
3500,500,332544.6802504021,525968.6225305815,292452.10196499556,1.1370910929209368
4900,600,319092.48046959174,358795.5320620149,247474.8594776917,1.289393521196669
100,400,8160984.854099257,7905293.588881423,7905293.588881425,1.032344309840365
4400,600,353583.8343450551,398828.7036659491,275597.00260015664,1.28297416520906
100,400,7818822.320122279,7612826.790810949,7612826.790810934,1.027059006459991
100,400,8215141.670858047,7907794.928331653,7907794.928331644,1.038866301581147
3600,400,266568.04115149553,374471.39855567407,212336.4745386684,1.2554039136735835
1600,1000,1351583.5221201482,1739022.2371403708,1271710.3118305868,1.062807708285849
100,400,8062792.844128371,7807394.567964859,7807394.567964857,1.0327123567203147
3700,700,436622.339331899,571288.3114645678,371883.2528792001,1.1740844363156313
100,400,8595252.580279127,8304782.105878761,8304782.105878763,1.0349762908523208
4000,900,529099.6180580461,722177.8395882387,455109.26530226914,1.1625771180611648
3500,500,342428.8838615214,555849.1301639036,280484.9070116521,1.220846025227646
100,400,8480870.51525262,8201833.367282477,8201833.367282476,1.03402131395198
1100,900,1674941.0890844127,2036902.2811877707,1605662.7263804325,1.0431462732277226
500,500,2069436.6065427416,2228745.372214054,2042983.7272256636,1.0129481595788334
100,400,7874844.399140891,7644113.083392063,7644113.083392062,1.0301841839899157
4900,600,279643.89661125216,328093.2341902995,237780.35236385604,1.1760597283636611
2300,1000,970535.1479168254,1352115.509642433,889967.2072861401,1.0905291116021776
4400,600,308665.3798374593,354786.3037189723,264800.84695065784,1.165651029412965
100,400,7945525.3985532345,7755942.09685504,7755942.096855042,1.024443620043923
500,500,2057207.36338935,2157665.8152923663,1997005.0680836043,1.0301462906969574
100,400,8164629.955217421,7992693.687139101,7992693.687139108,1.0215116798927215
3000,800,604034.9152028054,906948.5549840719,547548.2250257279,1.1031629500295128
100,400,8502833.082565768,8349153.917199598,8349153.917199595,1.01840655554925
2500,1000,834534.4518391743,1188322.6143257087,765130.685587578,1.0907083816646277
3500,500,391113.2615303227,629555.4845929733,288155.671889586,1.357298501069198
3300,1000,682110.798354728,1060108.58736232,610664.7341129532,1.1169972003468596
3600,400,258643.68929746738,378691.77657040703,215442.83602375118,1.2005211872951467
100,300,6533472.214473772,6281795.328494752,6281795.328494752,1.0400644836098674
500,500,2019109.4744612398,2101555.6276875944,1953916.1450124227,1.0333654694523253
3700,1000,613700.3809577933,938891.6072928781,533409.1622243307,1.150524633657671
100,300,6216824.182563066,5964398.685472699,5964398.6854727,1.0423220362021055
4900,500,276725.27326143504,316193.7027083718,218726.61253679788,1.2651650846322124
400,600,3118997.0365303312,3193956.41321128,3040322.411859892,1.025877066314921
100,300,6488775.398230053,6320825.874671789,6320825.874671788,1.0265708195239573
100,300,6299523.595669878,5952079.080720091,5952079.080720092,1.0583736388979146
1600,1000,1377258.0106289773,1831539.3922049724,1288378.3232625495,1.0689857053333205
1100,900,1718632.354083936,2050732.466742933,1637514.7205112383,1.0495370408318359
500,500,2122356.3181605763,2311777.333561089,2085551.3070061237,1.0176476172179563
100,300,6308450.2243044805,6053141.231729096,6053141.231729104,1.0421779342000328
300,700,4822919.220956104,4911579.220121944,4750804.832407059,1.0151794045625964
3900,700,408536.0525122847,517361.29117331764,352812.3168341129,1.157941582590418
100,300,5650205.778469485,5464458.386796749,5464458.386796751,1.0339919125601793
400,600,3111181.569418108,3259375.684494437,3057860.388710313,1.0174374150319805
100,300,6256909.513180492,5986732.056853281,5986732.056853285,1.0451293717108858
500,500,2025871.9058521742,2146889.375530903,1985888.8685753127,1.0201335723813918
100,300,6278750.902839309,6065810.963995082,6065810.96399508,1.035104941467543
4700,700,357689.50838137255,394440.03542867815,288386.6112971466,1.2403124637877794
100,300,6304759.961968815,6044914.614323584,6044914.614323587,1.042985776346537
2300,800,810836.9871585794,1108880.345373602,710283.4947283737,1.1415681107283218
100,300,6390043.737650063,6187392.639988629,6187392.639988627,1.0327522608395203
400,600,2940021.966355636,3090764.1454696245,2895243.7763801026,1.0154661207946776
4900,500,276694.62970703095,281812.14344231744,204121.41780085766,1.3555394269158774
500,500,2021216.2587183784,2115615.960272794,1970281.3485280545,1.0258515923263325
300,700,4767913.364805037,4854430.6603278,4713345.105716139,1.0115773952182538
2300,1000,950352.4927292009,1429071.8712162185,854502.1127217124,1.1121710275264167
3600,400,265616.2813621779,376558.4527620279,222019.26908719746,1.1963658940695723
400,600,3206089.9488104386,3391628.4357804917,3134260.7625505524,1.022917425096894
1100,900,1659517.4858205405,1956765.0325473454,1593605.5440647325,1.041360261327712
500,500,2098491.221863336,2238048.21871902,2066041.4282661593,1.0157062647211332
300,700,4816628.46953452,4865862.29736679,4715652.209293709,1.0214129998904085
4300,400,210103.03686888117,243966.42128152025,183844.0369507308,1.1428330249579302
2400,400,367831.8851084456,557763.3912425463,329387.2328700594,1.1167156720174165
500,500,2117245.3575209617,2189195.7188757993,2047164.713754969,1.0342330264365727
400,600,3192807.765387779,3280395.077958346,3135592.5318436245,1.018247024434171
4900,500,266094.3704195082,287413.5275445602,199379.1984706554,1.3346145057287504
3700,1000,629661.8031620133,919271.7770474306,522308.5010772516,1.2055361953009525
1600,1000,1256254.7861891724,1644484.1321112453,1195516.6962305906,1.0508048864144568
300,700,4647252.450929218,4713173.516486123,4593369.6552796615,1.0117305594135284
2300,800,769931.6569727261,1121097.940445975,714193.3369900797,1.0780437412333639
500,500,2014265.9987534177,2144636.571912912,1963394.3490815647,1.0259100519952347
400,600,3156256.2202011645,3197629.1387466323,3075099.8848310397,1.0263914469154174
4300,400,216622.23616958936,261968.0392955923,177042.48350723102,1.2235607628083334
200,700,7245560.382766184,7202037.298273294,7126207.248610589,1.01674847923892
500,500,2061569.828864073,2328350.959007724,2013283.8759888585,1.0239836783332394
4900,500,295479.5287665971,313675.59512412513,237834.46181356232,1.2423747446584195
300,700,4892401.784768473,4906437.061138984,4799243.052573373,1.019411130291713
400,600,3127425.4053665306,3181517.1680888925,3031875.5180722545,1.0315151089563959
2300,1000,945528.2661820276,1476355.967334048,858093.0001000103,1.1018948599648601
3600,400,277760.50440959976,415255.92648778216,231920.94214443318,1.197651673200858
1100,900,1683318.249559212,2110416.4212045483,1618846.437532228,1.039825773793137
4300,400,222163.4832809367,252101.598577425,183902.20763561965,1.2080522911455593
200,700,7109891.029911769,7152082.925049241,7070017.65857421,1.005639783839748
2400,400,354085.0160062271,538044.7357616506,317201.1162837889,1.1162792242176078
400,600,3058348.781138186,3167524.501463752,2986164.569075555,1.0241728847800835
3000,800,619844.2172976115,960118.4252215847,545731.150572493,1.1358050876285348
2200,1000,1013823.0857862416,1401430.642127835,930420.2621627828,1.0896399476829826
300,700,4866938.119813306,4891948.490648291,4778074.247090922,1.018598261166931
400,600,3104744.048951238,3197014.360906346,3031567.0286017233,1.0241383481411153
200,700,7175834.989610377,7136042.290103928,7073478.313940563,1.0144704869552066
4900,500,253576.24997289054,283260.99144037405,205105.55517118043,1.2363207313485811
2300,800,796924.6579906705,1134084.1560992068,711823.2398771647,1.1195541439869134
4300,400,226175.1555142744,264440.85423386947,181567.31553406644,1.245682103351021
4700,700,353234.6865505653,410292.4771458003,292759.1565219235,1.2065709259007005
300,700,4896599.763075591,4979554.175387886,4830189.707598883,1.0137489538707416
1100,900,1722551.0620212464,2091912.1019982684,1654942.7829173424,1.0408523362872544
400,600,2990616.7235207697,3036360.881694584,2912809.316457236,1.0267121526369494
200,700,7062773.110255319,6946873.273667815,6890054.482919493,1.025067817353839
2400,400,360802.2576135215,514778.9825041118,329491.45534715184,1.095027660833816
3700,1000,671398.0586238469,910397.7251985427,545289.3787296495,1.2312692761190223
4900,500,267640.963489142,283202.4465515853,201049.11719674026,1.3312217791398562
4300,400,246672.53782725107,286419.86343677685,193134.4675785759,1.2772061917269815
300,700,4475373.281600887,4509910.839310182,4380822.611850519,1.021582857405502
2600,1000,875202.8916900588,1257537.545354008,787278.6833685086,1.11168117488632
1200,300,559746.8291512681,681567.4051767885,523482.94404122926,1.0692742438370308
200,700,7349028.881120232,7275734.418451001,7198864.578860058,1.020859442571144
2300,1000,931004.0041488564,1398846.2369965122,840235.4147764483,1.108027569150436
2300,800,741835.3741806283,1090197.7884798495,676242.9523862078,1.0969953499152478
2000,700,778048.315329122,1090761.2896637635,712620.7248610589,1.091812640561106
3300,1000,713616.8768043618,1004461.3705986438,608960.9276744279,1.1718598753611442
300,700,4610743.373757805,4626107.947507125,4518056.910321964,1.0205146737359791
4300,400,236402.63198032568,281870.3639525139,190740.31086703434,1.2393952327419802
4900,500,257034.5818760888,292575.3114365687,210820.55390471013,1.2192102578018422
200,700,7416090.761960597,7212462.66552206,7167111.370636383,1.0347391547931404
1200,300,527954.0063548513,668535.2525053658,497033.22378939163,1.0622106955541502
2400,400,368587.7654346739,561197.7962302481,325308.1069985357,1.1330420530722678
300,700,4697583.727512522,4701482.308565725,4586560.118843468,1.0242062909440395
200,700,7394522.28539294,7309588.173722192,7245284.561398324,1.0205979106451843
4300,400,236360.61669597318,268131.87245706853,177770.07170679214,1.3295861020173199
1200,300,563263.4764907856,700620.9532205984,526735.4895559824,1.06934787508925
4900,500,259461.7778397055,291777.1833516665,208894.35854642538,1.2420717325501245
2300,800,749112.4713730634,1085977.2791646367,682917.3247626177,1.0969299565411599
3000,800,587636.9623562085,920087.4329004367,518452.9301627593,1.1334432272795334
200,700,6768688.411387555,6637532.1097572185,6571233.917775779,1.0300483130082532
3700,1000,656510.6971198572,879022.9898281595,544646.9250196608,1.205387686887534
4300,400,225396.2980485283,257576.76063558087,180370.74643848935,1.2496277944128469
1200,300,523729.74794229335,676958.4135712116,496006.5900600076,1.055892720858672
2400,400,384468.86604703363,603923.6950651435,346032.58774494845,1.1110770478369383
2300,1000,989753.6925270801,1418574.5477564402,877204.6527390012,1.1283041983836424
2600,1000,831097.1741231459,1331566.5876086694,755905.7150999764,1.0994720075812956
200,700,6879314.656955155,6839138.586998801,6777085.365482945,1.0150845512427635
1200,300,524404.8661311393,671469.1635808552,504428.43597742537,1.0396021094944932
2000,700,769780.3272668867,1078411.8589681527,707001.765857421,1.0887954803526276
4300,400,228637.52855343168,271485.75234975485,185876.5973753281,1.230050107339545
4900,500,268767.55537427956,288090.1939511285,208283.00259983508,1.2903960093692848
200,700,6986612.405738436,6934279.340879943,6879840.178265202,1.0155195796278158
2200,1000,986480.4947913316,1459125.8224134592,893343.1178454267,1.1042571158666723
2400,400,373918.7720237089,522821.7113901466,341743.0569701032,1.0941517739639712
2300,800,781321.5490812513,1133449.2235995524,698756.9727122204,1.1181592164276473
4300,400,243713.87229128013,284911.120604489,194166.37016743244,1.2551806581187164
1200,300,499362.66543214046,604655.4462490658,455371.5322330626,1.0966049260553312
4900,500,333757.4200181997,345612.2751950839,288145.1780149138,1.1582960447838038
3700,1000,635596.1988645005,885632.1069366225,543127.313871787,1.1702526877787296
2300,1000,963620.8843022217,1349622.2063500874,876171.1402490197,1.099808975708042
2600,1000,840244.8377647373,1312002.3382859516,759082.2693192399,1.1069219658078506
1200,300,524415.1710950293,633030.8205619411,498894.33807110705,1.0511547858462262
2300,800,755649.978154323,1123718.3389301526,695907.1356596942,1.0858488718297086
2400,400,365935.5626647976,502862.71873091167,318504.7118080026,1.1489172658939713
1200,300,535909.8602357893,675083.5249181864,505484.24699959,1.0601910216130315
3000,800,586966.2244036066,922519.6873107853,523569.9489846736,1.121084633565913
2000,700,786920.6457381229,1075936.9554251696,707347.8313940563,1.1124946042277994
2300,800,780714.4374806965,1193535.8666040595,712762.4639710042,1.0953360718956948
2300,1000,960560.4840843802,1396091.7429814138,873726.54840244,1.0993834236131559
3300,1000,694098.1871009934,980877.7691605274,616586.8178572542,1.1257103898411331
1200,300,530809.0178262264,634146.7910038835,503742.8845269656,1.053730055809477
3700,1000,616250.7241022991,867802.8828662769,549928.7834943078,1.1206009625220459
2600,1000,823355.4952330954,1272787.3243051753,743285.174609935,1.1077248993499433
1200,300,538276.176731542,643527.9016282106,515616.0533323856,1.043947668527203
2400,400,378849.24313560314,566227.3302475695,323164.2540356268,1.1723117219945913
2300,800,768720.5779704673,1076239.8037129703,693727.8034944027,1.1081011516308208
2300,1000,959819.4267287262,1400692.1337636283,884668.043012582,1.0849486813836176
2600,1000,871164.9317399308,1378766.4304307043,775988.7312691165,1.1226515239662762
3700,1000,634866.0352206819,938630.6684902859,557136.5722216431,1.1395159945955156
2400,400,364381.51602647913,551352.3257195604,333028.9036307962,1.0941438177103127
2300,800,754378.3796892435,1049213.3996147856,702639.8243386802,1.0736345330258774
2300,1000,970687.932171017,1459127.51155763,896263.1814000345,1.0830389469471737
2000,700,758584.1528232471,1058710.475506723,689005.4482919492,1.1009842588382779
2200,1000,989894.620402092,1500171.0598390568,897097.2273772835,1.1034418457585775
2600,1000,844281.444530167,1275768.1157338275,775074.4702202866,1.089290741688616
3000,800,612833.3021419412,962573.7996109193,535713.679079369,1.1439567927313399
3700,1000,573973.8490397865,809194.1728699809,516980.19296457974,1.1102434036174218
2400,400,381256.9754384741,576819.5465456146,347881.4132166498,1.0959394809662886
2300,1000,898027.6413394905,1270482.2651295858,831663.78868215,1.0797964917560021
2600,1000,853844.7209830316,1225918.2867643228,772911.9466636969,1.104711506490078
3300,1000,700936.3303470296,1113089.829353647,624668.2779454786,1.122093685711711
2000,700,774552.5351426321,1114609.3752621626,719886.4578860059,1.0759370823798475
2600,1000,857423.8281391741,1203950.8411653647,782590.9611265148,1.0956219413842192
3000,800,622473.3503578019,966929.7746464254,533528.8040057655,1.1667099239708063
2200,1000,980748.2868919377,1436891.6028010976,878427.9336299232,1.1164812152992412
2000,700,766051.8604920602,1069899.7217901386,716711.1370636383,1.0688432492211166
2600,1000,883985.2082866754,1328050.7307965027,792848.1989307997,1.1149488760632604
3300,1000,643059.660896988,883612.9249595704,579644.4587784682,1.1094036200262483
3000,800,609809.7472470035,1026968.7359697408,546451.22237777,1.115945435337379
2600,1000,810740.0664962126,1114969.7440745807,735702.582295748,1.1019943194521777
2000,700,792676.0388463615,1186478.3870858997,724528.4561398324,1.0940578415230342
2200,1000,1028096.8702537572,1481215.838394919,917077.5914998649,1.1210576725272745
2000,700,716649.5853351876,1049326.7909897072,657123.3917775779,1.090586021289831
3000,800,619390.3582277677,960625.3761042692,531857.982679042,1.1645784747044936
2000,700,735774.2944855001,1036821.8477315499,677708.5365482946,1.0856795433519932
2200,1000,1002024.0489137544,1441336.9906333324,915997.1011694297,1.0939161790299297
3000,800,608824.1381305894,856532.1591953068,538690.5319929882,1.1301927581279896
2000,700,751113.2556569108,1026131.9760382229,687984.0178265203,1.0917597446955651
2200,1000,983271.573250903,1423731.7302769176,913441.3915116418,1.0764473587338759
2200,1000,991695.8655552248,1387334.8848308397,924880.2267858812,1.0722424772789656
2200,1000,1025678.2283952306,1558253.2075382946,937002.4169182178,1.0946377617345597
2200,1000,937302.8428164362,1297832.9394563627,869466.6881677023,1.0780204182309625
