P,n,Paper,Min Time,Time opt,mast
700,100,0,320193.4882899293,289853.46839274396,0.0
2300,200,9510.079622978476,246345.6333650091,175510.05349941883,0.05418538387608643
700,100,74761.82462809558,356715.2336297942,283016.9905029406,0.2641601993408194
700,100,77938.11439889878,360380.83543868223,290694.84012540546,0.2681097275936386
600,200,0,693854.1462697618,672788.5384144388,0.0
3400,200,9510.079622978476,180355.9426703426,118727.3891319598,0.08010013268638863
2700,100,12994.080272317964,115041.6098753802,75147.1955092299,0.17291503940053193
1800,100,12994.080272317964,153934.38748733408,112720.79326384487,0.11527669293368793
700,100,0,364459.9536675651,290795.99922069535,0.0
1800,100,99819.09240190385,198193.74320149494,110062.16297336579,0.9069337700192146
2300,200,23738.952177031053,326756.48024726694,186717.3811552116,0.1271384165210506
2700,100,99819.09240190385,164626.62592369778,82989.09935373723,1.2027976346198137
4100,200,9510.079622978476,157322.4565451839,98456.85928016178,0.09659133647476277
700,100,0,317955.19772472815,298319.7704570473,0.0
600,200,0,802551.9919498748,715749.9610949778,0.0
1800,100,77938.11439889878,219980.5270484929,113047.99338210211,0.6894250138122135
3400,200,23738.952177031053,260614.93873506135,126308.8166638196,0.18794374616155304
4200,300,22596.291007034677,248403.05368873407,149566.55544035122,0.15107850107603985
200,800,0,8251726.431243703,8168260.189376298,0.0
600,200,67293.51377084746,782053.8443715555,676965.1406845619,0.0994046956432628
700,100,0,317315.691270488,263538.8108721111,0.0
2700,100,77938.11439889878,172590.02101830897,75365.32892140141,1.0341375207183203
1800,100,0,217135.36209130564,113087.33303027043,0.0
600,200,0,851679.9725003694,684783.9574551154,0.0
700,100,73383.29175993473,376007.0600222623,290958.7842822544,0.2522119823292456
1900,500,0,869110.3872968875,537627.2966383325,0.0
2300,200,67293.51377084746,329480.6242496877,176599.6019177118,0.38105133329917407
1700,500,0,918313.2214114747,600877.5668310776,0.0
600,200,64572.99963858343,694605.0595663657,592892.5650959571,0.10891180534222514
4100,200,23738.952177031053,181213.2094432183,115155.9162563489,0.20614617944757357
3400,200,67293.51377084746,250470.86197730052,137320.72161632078,0.49004631623527334
2700,100,8421.815662984507,184210.98836107762,75391.55535351361,0.11170767897670132
1800,100,0,169593.3085051665,116013.24406662953,0.0
4800,400,13342.391885270283,218139.80949413995,164693.6164350297,0.08101341250547953
700,100,0,309467.2022416293,284102.94994585967,0.0
600,800,0,3000584.2120951675,2722753.396458766,0.0
2300,200,21988.132541426476,407041.75590522273,178639.29324916055,0.12308676406795963
600,200,0,715150.4337176544,644345.0433280801,0.0
4200,300,13747.547513575282,229207.7352594024,148288.0517849619,0.0927083965841774
1800,100,3830.59077303096,166116.8327750993,102487.31533915432,0.03737624271213121
700,100,0,312264.0180258228,269558.25098132103,0.0
3400,200,21988.132541426476,294680.9586724223,154040.8405168634,0.14274222646181522
200,800,0,8296000.03193243,8213223.37538592,0.0
2700,100,12459.012753399815,125546.06093617204,77342.16271108635,0.16108953146216998
600,200,0,693103.1981553615,658141.1372050137,0.0
3300,700,1862.7564851300651,768710.993500005,431891.3484006417,0.004313021068905712
1800,100,75719.89859572516,196737.98998647303,113150.63833198782,0.6691955053188511
4100,200,67293.51377084746,190852.93461020547,137320.72161632078,0.49004631623527334
700,100,65024.82779751735,389851.0477180325,304692.49206703226,0.21341132285994072
3400,200,64572.99963858343,246791.7025108785,112828.85828240226,0.5723092533380246
2700,100,12967.147757479688,128401.18114281575,68324.87689276955,0.18978662453838877
600,200,0,826431.8983054842,722193.048937887,0.0
1800,900,20253.48208673394,1437120.592090627,1000350.3492479969,0.020246388779650338
2300,200,64572.99963858343,303167.6739384542,154667.6256772062,0.41749525381186303
1800,100,53001.990216049686,158716.12582051285,110484.480534501,0.47972339607913306
1700,500,20283.00204746246,842306.1015825213,587354.4317892954,0.034532815195882756
1000,100,0,243528.6849476379,202897.42787492074,0.0
4200,300,22467.63562536799,228595.30364990907,150495.8541588521,0.14929072798013987
600,200,0,717259.216558688,668511.8702217006,0.0
1400,1000,54424.45611283723,1944125.739572668,1462088.9833986587,0.037223764579859125
1000,100,87763.86084260106,255010.74712558117,198111.89335205845,0.4430014743569113
2700,100,75719.89859572516,176921.3368583408,96621.71431835281,0.783673723136814
4800,400,20080.345240725746,247152.49325181835,158600.55814189446,0.12660954965089438
1300,1000,54424.45611283723,2037657.2343011044,1574557.3667370172,0.03456492425272633
1800,100,0,171965.44028989688,104828.20871495818,0.0
1900,500,20283.00204746246,801911.1043640963,525527.6494956854,0.03859549933657484
3400,200,20114.908062587696,221793.7937953267,113707.94882260237,0.17689975301523814
4100,200,77211.1651674527,179305.8039687589,153927.2635835206,0.5016081191202238
600,200,0,822468.3469568689,709004.755314729,0.0
1000,100,77938.11439889878,296830.16230781627,203486.38808778382,0.3830138965623408
200,800,0,8247703.071352948,8185967.258587394,0.0
1800,100,47290.783852739885,216381.95041246398,118491.52469273478,0.3991068895043047
2300,200,20114.908062587696,279609.78517914953,168090.01130297742,0.11966747998089637
2700,100,53001.990216049686,119442.48052948144,73656.32035633399,0.7195850941186996
4200,300,16408.942548630057,230008.82973186427,141716.16858857358,0.11578737071468563
4500,800,13907.133377178276,516831.16857138195,363033.78619450214,0.03830809667320404
1000,100,0,300406.68543364,203557.19945448675,0.0
2700,100,1986.433608998078,155152.99344335467,69885.47247663878,0.028424127913882248
2100,1000,54424.45611283723,1446023.8454157794,974725.9889324391,0.05583564686978869
3400,200,18665.163422534042,193457.83737094374,116142.55362441417,0.16070908413891172
1700,500,0,826315.191928665,574681.2191213008,0.0
4400,1000,54424.45611283723,623699.9866526765,465210.1310813914,0.11698897439384297
600,800,0,3050007.1573979883,2737741.125128639,0.0
1000,100,0,239252.52479969477,208823.83931993315,0.0
4100,200,64572.99963858343,155801.59188746172,112828.85828240226,0.5723092533380246
2300,200,18665.163422534042,256637.38790845335,171688.99231435137,0.10871496868220498
2700,100,47290.783852739885,206909.6929157934,101002.65383885024,0.4682132801004649
1000,100,0,245138.00508945744,184477.16761047777,0.0
4800,400,28016.18783254863,234992.6110302273,164745.72767357592,0.17005714338194783
3400,200,18480.79637518776,251763.5866269429,127445.83216550946,0.14500902902173682
200,800,0,7845776.706170324,7776793.95244139,0.0
4200,300,10460.738706951384,236478.8795482617,144122.41027926438,0.07258231864622391
1000,100,73383.29175993473,300256.6793110989,203671.14899757807,0.3603028318989223
1900,500,0,774851.0737067088,514188.4592137955,0.0
3300,700,61851.74833032464,708846.4391734377,428485.9187014672,0.1443495471631069
1000,100,33722.92225476102,221433.4029536945,198872.06496210178,0.16957093627597952
4100,200,20114.908062587696,167623.006870184,94294.39658459708,0.21332029040072834
1700,500,66480.3534121002,973894.8985661331,613397.4432370953,0.10838055186741899
2300,200,18480.79637518776,360376.11771581497,188398.18667944876,0.09809434316176315
3400,200,10183.37946247113,194777.20710907702,117972.68298030012,0.08631980900334038
1000,100,0,264348.1662802482,188690.77568692472,0.0
1000,100,47290.783852739885,322950.31102980947,213284.7444469226,0.2217260497246137
4100,200,18665.163422534042,145982.0095153596,96313.33715195321,0.19379624852045238
3400,200,22566.67935407699,230699.58605860718,125118.48623201098,0.18036247107586417
200,800,0,7921286.83732214,7853549.234770103,0.0
2200,600,9785.51131474131,869035.9338244252,552785.8930654349,0.01770217264495744
4200,300,30354.250856294544,228148.8624162108,144863.04739585196,0.20953756946275393
2300,200,0,289684.481003789,174394.4009274002,0.0
1900,500,66480.3534121002,908625.8645540649,548829.291317401,0.12113120502829182
3300,600,9785.51131474131,599187.2688921911,368523.92871028994,0.02655325896743616
4800,400,10079.616472739934,233431.97336023924,162654.05349926784,0.06196966049041812
600,800,0,3034220.457643828,2728655.7528624646,0.0
1300,1000,32785.350020067905,2118645.1265422544,1511811.4301999528,0.021686137149877018
1700,500,35058.14007898205,874043.0655987366,584084.9613456802,0.06002232962514766
4200,300,8687.452132062237,224376.3299946821,142541.23944888773,0.0609469383432531
4100,200,18480.79637518776,177114.13025198426,115640.3076979828,0.15981275684127338
1400,1000,32785.350020067905,2008498.8306644035,1403824.8994713847,0.023354301546021406
2300,200,22566.67935407699,327933.3303382192,184957.76225601623,0.12200990690426106
200,800,0,8133271.926653148,8035705.186190534,0.0
1800,900,35345.08108177137,1485993.6166772565,1028639.4460273675,0.03436100104684397
3300,700,48232.35892184143,738466.34433784,428695.65539033717,0.11250955850701301
4100,200,10183.37946247113,171023.6550914384,97831.00539829765,0.10409153438638105
4200,300,12984.415127899938,214683.39503412737,144424.07057131143,0.08990478579184416
1900,500,35058.14007898205,841937.2839115578,522602.33383560856,0.06708378016928268
700,900,0,2867191.077914188,2572329.4694948494,0.0
200,800,0,8101809.261705083,8002932.060086483,0.0
1000,800,0,1962402.698813415,1633652.0378752595,0.0
1700,500,17275.433112252234,852685.2932274544,579494.5142729572,0.029811210782428647
4800,400,37026.179612342785,247602.26192116187,176977.28425804104,0.20921430548316533
2200,600,17300.89366834403,976701.6087631079,555974.6161291478,0.031118135912027306
2100,1000,32785.350020067905,1527436.653285273,935883.2663142566,0.035031452319032104
4500,800,22222.662674861775,484932.3439410352,365032.1500171519,0.060878645001043306
4200,300,21638.660093106202,204528.26777313743,143926.53843627588,0.15034517142011872
4100,200,22566.67935407699,173420.82674410616,124828.15119872103,0.1807819721542764
3300,600,17300.89366834403,611022.6329021653,370649.7440860985,0.04667720386804096
4400,1000,32785.350020067905,636563.3150293524,446671.55892271333,0.07339923343035298
600,800,0,2903183.5325031695,2592264.6508137966,0.0
1900,500,17275.433112252234,767963.792667502,518495.0917179091,0.03331841205094967
200,800,0,8292075.205594411,8196768.335666549,0.0
4800,400,11391.009459891866,250336.4533648644,170871.5284850516,0.06666417489727312
1700,500,41583.8887780742,882852.9594808081,607659.2436076939,0.06843290744857136
700,900,0,2976633.88375555,2645072.8612132305,0.0
3300,700,43637.52471376262,722388.2111655797,417579.05957087834,0.10450122848259288
4200,300,18365.683796110832,229355.83102702035,147318.8723806816,0.12466619856180208
3500,200,9510.079622978476,177856.0103991019,115335.1780139038,0.08245601894187066
1300,1000,11835.997128063658,2085498.8942880337,1518164.5386384798,0.007796254507879901
4600,900,20253.48208673394,521380.0146625309,391441.44101008575,0.05174077132577308
1400,1000,13516.355195317898,2063021.6503920022,1409724.2144500169,0.009587942844970642
1000,800,0,2021407.0456424255,1642644.6750771834,0.0
1900,500,41583.8887780742,855028.6777076625,543695.1127016209,0.07648383773663858
2200,600,12821.377441596649,972518.7825595214,526407.9593418369,0.024356351787741017
600,800,0,2919783.130237892,2617849.744923368,0.0
200,800,0,8039867.651697091,7977869.7401856305,0.0
3500,200,23738.952177031053,240309.44065093607,122699.99333056761,0.19347150340159874
4800,400,38196.14028701521,236186.9280177382,171534.09013886217,0.22267375689633617
2100,900,20253.48208673394,1284589.3343845373,857443.1564982831,0.023620786909592056
1800,900,43084.041722139846,1519352.4367662333,1009874.2268053377,0.0426627797586567
3300,600,10610.795124079985,718568.6570189828,350938.63956122455,0.030235471184781954
1700,500,11716.408434088415,847655.0775942801,602107.2687514614,0.019459005134390313
3500,200,67293.51377084746,265456.8877288824,137320.72161632078,0.49004631623527334
700,900,43084.041722139846,2989852.057222288,2596819.4403565824,0.016591081017255385
1900,500,11716.408434088415,806991.5868373284,538727.5562513076,0.02174829985608329
200,800,0,8134611.310855531,8080357.979894822,0.0
4500,800,22686.77649692142,505829.5977703921,363820.7670483286,0.06235701353987798
1000,800,32173.103233405658,1969871.0112385205,1637193.4517174787,0.019651375467972243
2200,600,42344.93258939453,1013166.051030803,569865.5931910096,0.0743068770870699
600,800,67047.92976735103,2961679.7684709714,2678568.395396845,0.025031255458167048
3500,200,21988.132541426476,256125.69838148644,154001.93236168398,0.14277828988395974
2100,1000,13516.355195317898,1541388.7895100194,939816.1429666779,0.014381914267455963
4800,400,22194.517606019283,223618.74892055854,162289.93398920793,0.13675843633958953
3500,200,64572.99963858343,223339.72178783338,112828.85828240226,0.5723092533380246
1700,500,19642.388650516023,842247.7541083487,577468.9262004602,0.03401462444006458
3300,700,47528.84571779319,767801.6254775523,436294.8229612157,0.10893745058721051
1900,500,19642.388650516023,800827.7273962955,516682.723442517,0.03801634496242512
3300,600,42344.93258939453,772819.3522007361,379910.395460673,0.11146031563060486
4400,1000,15233.370177862094,612020.705716374,448548.61368864175,0.03396146975595443
1300,1000,0,2026836.4715679502,1486570.34921987,0.0
3500,200,20114.908062587696,195353.4441525142,110459.15028481373,0.18210268692745102
700,900,43088.87535685674,2995680.7348086727,2591667.802698343,0.016625925325766785
1400,1000,0,1948114.6960976124,1380386.7528470221,0.0
4700,800,13907.133377178276,501795.3800670303,347585.5399734595,0.04001067874756867
4800,400,18789.24664631442,247085.21437799925,167923.72650942532,0.11189155360520066
1800,900,43088.87535685674,1519943.651094198,1007870.8121604668,0.04275237940911459
4600,900,35345.08108177137,580047.5578909182,402511.08757592645,0.08781144711971235
2100,900,35345.08108177137,1358826.393029024,881690.9537377435,0.04008783455465129
2200,600,16735.642718997835,888430.4803984842,570107.7330624772,0.02935522840410902
1000,800,0,1936135.1216871326,1555358.790488278,0.0
3500,200,18665.163422534042,181507.24771095626,112824.19494943091,0.16543582190770323
1700,500,77416.64199583024,982773.0822863058,592142.3164673113,0.13073992491820832
600,800,0,2991314.377947438,2667644.0200288277,0.0
1900,500,77416.64199583024,944737.120950518,529811.5463128575,0.1461210925556446
4800,400,68117.3543853776,250718.7514836643,184114.18593069012,0.36997341644831444
3500,200,18480.79637518776,235415.31305506104,123804.52267506633,0.1492740004635526
3700,100,12994.080272317964,89203.16170974617,54837.142668897504,0.2369576465859141
700,900,0,2855460.8011917532,2545969.6882529985,0.0
2300,900,20253.48208673394,1215260.9820170994,782882.8820201715,0.02587038566288654
1600,400,0,725388.6674073095,494080.84930508904,0.0
4500,800,10918.00515733174,474167.6946410291,345635.28677517286,0.0315882248574742
3300,600,16735.642718997835,671597.9834471706,380071.82204165147,0.04403284260616353
3700,100,99819.09240190385,120419.43131601377,82739.16147748545,1.2064310372430604
3300,700,39531.428079881196,732207.8872192361,434370.38609917474,0.09100857089934175
2200,600,41874.01463545452,900372.9117721525,559109.06996928,0.07489417876507579
3500,200,10183.37946247113,197415.0837442131,114602.03489514868,0.08885862691520333
1800,400,0,657905.6295131547,439182.9771600792,0.0
600,800,0,3080955.9268889227,2732256.1118888496,0.0
1000,800,35849.240108018,1932806.5116549872,1570709.8469540207,0.022823591624855595
3700,100,77938.11439889878,140826.46079865747,54996.32110480643,1.4171514172806612
2100,1000,0,1477827.8874308032,920257.835231348,0.0
1600,400,20080.345240725746,668425.7875577261,475801.6744256834,0.04220318321696479
3500,200,22566.67935407699,241377.4533784522,124934.25083644566,0.1806284441855705
1300,1000,22370.309647134134,2133860.5665340894,1551977.462538233,0.014414068623488816
3700,100,8421.815662984507,109887.95942761003,70156.3045836674,0.12004360424857856
700,900,44514.27070659009,2912052.5069420924,2523184.284312108,0.017642100493157578
1800,400,20080.345240725746,636267.7935924401,422934.82171171857,0.047478581119085386
1400,1000,22370.309647134134,1982259.8102333557,1441121.9294997877,0.015522843132987957
1600,400,28016.18783254863,699599.5972121855,494237.18302072777,0.056685714460649274
4700,800,22222.662674861775,475709.3904591426,349498.8670376986,0.06358436255664524
1800,900,23191.77054439625,1443019.5664432843,990099.3232094994,0.023423680837613304
3700,100,11089.890472806428,94366.27299258302,56438.87549187383,0.19649382409121832
4400,1000,5478.701447687448,601286.5432771199,439213.9668149616,0.012473878022179552
3300,700,92517.04642495468,732735.9510793933,439108.1552362621,0.21069307258749476
3300,600,41874.01463545452,617291.826365153,372739.37997952,0.11234126814761368
1600,400,0,708566.58848745,487962.16049780353,0.0
3700,100,12967.147757479688,104855.59752413438,67742.26274582943,0.19141887548298664
600,800,0,2937070.01538668,2659289.91339521,0.0
2300,900,35345.08108177137,1316113.5820887608,805022.1751518529,0.043905723559856176
4600,900,43084.041722139846,531064.3486353008,395168.17570643645,0.10902710382767825
1000,800,67047.92976735103,2017667.6174144829,1607141.037238107,0.04171875909694508
2100,900,43084.041722139846,1384543.1560713563,865606.4801188608,0.04977324305176615
2200,600,10516.982614719738,822839.0007665931,551250.0941949554,0.019078423251933804
1800,400,28016.18783254863,605629.8723860756,439321.9404628691,0.06377142876823043
700,900,24464.841859638564,2929041.372173087,2573237.4179462316,0.009507417267064536
3700,100,75719.89859572516,167061.58181554958,96621.71431835281,0.783673723136814
1600,400,37026.179612342785,739392.0045101225,519048.8816174227,0.07133466793525202
3700,100,53001.990216049686,97182.77574145456,53749.206746514,0.9860980919404401
4500,800,35849.240108018,466853.50730652054,349046.63265644904,0.10270616231185017
3700,100,10719.795347175563,111773.60798672841,54138.05797390288,0.1980084943634848
3300,700,67760.94213900881,713306.8377526208,398256.60107731994,0.170143927195957
1600,400,22701.729917091852,759178.2580294183,512614.58545515477,0.044286156814938846
3700,100,47290.783852739885,139828.56361113567,100431.59248451471,0.47087557493456583
1800,400,0,632371.2881766743,433744.14266471425,0.0
600,800,0,2950161.208718927,2693452.659964941,0.0
3300,600,53627.50732354772,625093.6573001301,367500.06279663695,0.14592516506105607
1300,1000,34959.565944001086,1996610.78954158,1550148.9404405733,0.022552391600554916
4700,800,22686.77649692142,473982.60169640154,348339.03228031466,0.06512843636387255
2200,600,21744.50555714893,920943.672683985,542939.0125591919,0.04004962814267894
700,900,0,2755876.300373354,2504237.283530294,0.0
1000,800,0,1980496.671053377,1600586.4120172965,0.0
1800,900,44514.27070659009,1465079.9870780895,981238.3327880421,0.04536540126811948
1600,400,38196.14028701521,657615.1001907312,477757.0677120039,0.07994887541891933
2100,1000,19355.87075851322,1542273.7105458267,960747.9529998585,0.020146668747069475
1700,1000,54424.45611283723,1710695.8244928203,1204073.2804459543,0.045200285561257506
1800,400,37026.179612342785,727453.8673104469,461376.7836599313,0.08025150142715852
2300,900,43084.041722139846,1234790.5802010824,790336.3514128729,0.05451355191383912
1400,1000,34959.565944001086,1950321.5858182935,1439424.0161233896,0.024287190954443753
1600,400,22194.517606019283,735848.2150632273,484746.3810534401,0.04578583455906705
4400,1000,19355.87075851322,655964.0477493241,458538.79574993247,0.042212067851002705
2100,900,43088.87535685674,1467108.1226432156,863889.2675661144,0.04987777597730036
4600,900,43088.87535685674,527627.0969496868,394384.2308454,0.10925608071218175
3300,700,25661.451129799905,710483.4190893866,410732.4463929058,0.062477292347272256
3300,600,21744.50555714893,665423.7801596571,361959.3417061279,0.06007444221401842
700,900,40712.234675893036,2886511.824192032,2543901.544693501,0.016003856265906783
2200,600,24575.21580707186,891852.0454055967,551194.0052003133,0.044585419244791695
1800,400,22701.729917091852,651138.9137332826,455657.4092934709,0.049821926416806196
1600,400,16481.902388091556,741840.9071979191,499543.35544619424,0.03299393778017496
4500,800,67047.92976735103,528516.0001298366,357142.45271957933,0.18773441593625287
1000,800,40828.80999211364,2032689.3211223606,1639353.6671333099,0.024905431213942866
4700,800,10918.00515733174,450546.7402889399,330927.4022315485,0.03299214596225083
1800,400,38196.14028701521,630372.585661136,424672.9490773368,0.08994248484628425
1300,1000,43908.799549583106,2068265.431281683,1545823.8933273938,0.028404787724602438
1600,400,68117.3543853776,732159.7027044251,521822.1198249747,0.13053749888606672
3300,600,24575.21580707186,610564.878001198,367462.6701335422,0.06687812886718754
2100,1000,34959.565944001086,1488676.9321840508,959616.0107489263,0.036430786431665634
3600,1000,54424.45611283723,930861.6698978422,568590.1602105895,0.0957182517767806
2200,600,40394.65277207093,789669.7428483099,529601.6939013157,0.07627364722817133
1800,900,17153.509809631636,1514357.2604618997,1000703.4403124234,0.017141451821406996
700,900,0,2960606.637129673,2600624.373155824,0.0
1400,1000,43908.799549583106,1949831.1485507577,1435407.9009468658,0.0305897713957257
2300,900,43088.87535685674,1290676.194357503,788768.4616908,0.054628040356090875
1700,1000,32785.350020067905,1763895.4651967098,1156091.0936823168,0.028358794734454563
1800,400,22194.517606019283,678660.206984191,430885.67204750236,0.05150906387895043
4500,1000,54424.45611283723,617719.1771903494,454872.1281684716,0.11964781472097576
4700,200,9510.079622978476,120847.76949632613,85887.8985209922,0.11072665400765487
1000,800,0,1928179.7210064991,1595573.948037126,0.0
300,700,0,4909573.866413903,4750804.832407059,0.0
4700,200,23738.952177031053,154299.61783449925,115155.9162563489,0.20614617944757357
2100,900,23191.77054439625,1283609.733081751,848656.5627509995,0.027327627643882187
3300,700,33736.693922925755,707290.1541380661,416960.01080395165,0.08091110190130017
1800,400,16481.902388091556,670693.0708494609,444038.5381743949,0.03711818000269682
4400,1000,34959.565944001086,620343.9657014259,457998.55058471486,0.07633117157110894
4500,800,19372.669183184087,478993.18956206494,355685.869337177,0.05446567000056872
300,700,0,4854430.660327801,4713345.105716139,0.0
4700,200,67293.51377084746,172395.64668286633,137320.72161632078,0.49004631623527334
3300,600,42819.71681943254,564446.9621044768,353067.7959342105,0.12127902151520903
4600,900,23191.77054439625,525614.9866477645,387430.1699515432,0.05986051769612289
1800,400,68117.3543853776,697420.7737702946,463841.88428886636,0.14685468624682507
4700,200,77211.1651674527,186143.03971946894,153927.2635835206,0.5016081191202238
1000,800,56652.31769517611,1972814.2095997587,1616071.5959789646,0.03505557416895131
1300,1000,16553.960186188986,2048874.0994192709,1565181.9222530297,0.01057638089913541
2700,400,0,491005.27756437403,292788.6514400528,0.0
4700,800,35849.240108018,458130.771058285,334193.5844583023,0.10727088063682129
300,700,0,4857705.239126795,4715652.209293709,0.0
500,500,0,2222204.961092958,2042983.7272256636,0.0
4700,200,64572.99963858343,143750.2415874381,112828.85828240226,0.5723092533380246
1400,1000,19093.37990019766,1921147.6531193273,1453383.2135206705,0.013137195835602036
2100,1000,43908.799549583106,1457434.9161408148,956938.6006312439,0.04588465709358855
2300,900,23191.77054439625,1253118.8597991725,774860.3399030864,0.029930258848061445
1700,1000,13516.355195317898,1835139.822913527,1160949.3530764845,0.011642502026035778
3600,1000,32785.350020067905,1003744.6127968783,545931.905349983,0.060053918261197894
1800,900,24381.53813231601,1333660.9950988311,973870.0547062254,0.025035720129695196
500,500,0,2164370.4342771918,1997005.0680836043,0.0
2700,400,20080.345240725746,470034.2821497816,281956.5478078124,0.07121787167862807
3300,1000,54424.45611283723,1042511.2965156605,620280.1747751886,0.08774173079538222
300,700,0,4715851.102787832,4593369.6552796615,0.0
4700,200,20114.908062587696,132463.2279876138,89579.42667687622,0.22454830097478287
2100,900,44514.27070659009,1352227.0535822802,841061.4281040361,0.05292630147947273
500,500,0,2073321.2967189008,1953916.1450124227,0.0
4700,200,18665.163422534042,116937.16768487351,84018.01751553366,0.22215667513320148
4500,1000,32785.350020067905,598733.010051931,436745.5242799864,0.07506739782649736
2700,400,28016.18783254863,474684.8444328805,292881.29364191275,0.09565714315234565
4500,800,40828.80999211364,493408.78623518674,364300.8149185133,0.1120744404627429
300,700,0,4954148.752473356,4799243.052573373,0.0
4500,700,16040.660367473318,449546.4714535232,316720.3221604706,0.05064613554966676
4700,200,18480.79637518776,164669.24859257592,115640.3076979828,0.15981275684127338
2800,900,20253.48208673394,1050060.5671022206,643082.3673737124,0.031494382546122746
1300,1000,0,2113863.2569700554,1585696.3978615995,0.0
500,500,0,2334259.0245963144,2085551.3070061237,0.0
4700,800,67047.92976735103,502332.11639116035,341944.90154002275,0.19607816775564188
4700,200,12583.525389483519,138235.29097450938,85341.94087936604,0.1474483150936395
2700,400,3137.283409214654,512242.9283013208,289162.76177647617,0.010849541586685305
300,700,0,4891948.490648293,4778074.247090922,0.0
4600,900,44514.27070659009,520986.8559000774,383962.8258735817,0.11593380324074978
2300,900,44514.27070659009,1207561.517518761,767925.6517471634,0.05796690162037489
500,500,0,2178123.6560917646,1985888.8685753127,0.0
4700,200,22566.67935407699,160476.15104278747,124828.15119872103,0.1807819721542764
1400,1000,18965.716115613304,2013550.090841236,1472432.3694429137,0.012880534623664158
300,700,0,4979554.175387884,4830189.707598883,0.0
4400,1000,43908.799549583106,613240.6990737393,456720.6957558209,0.09613928152942364
2700,400,37026.179612342785,529653.4414853888,307584.5224399542,0.12037725214073777
500,500,0,2135964.5804066923,1970281.3485280545,0.0
2100,1000,24766.632288313147,1399425.434834227,968922.1423471136,0.025561013837828647
1800,900,44546.44314970347,1460283.6419481877,989295.0451585837,0.04502847089723641
4500,700,61851.74833032464,426085.7282886092,314223.0070477426,0.1968402915860549
1700,1000,0,1729460.747258942,1136789.0905799007,0.0
300,700,0,4520441.905300239,4380822.611850519,0.0
3300,1000,32785.350020067905,1108025.2611284733,595562.0785636178,0.05504942507276474
3600,1000,15233.370177862094,1008113.8429890425,548226.0833972287,0.02778665707305363
2700,400,22701.729917091852,525418.5325338402,303771.60619564727,0.0747328896252093
2100,900,17153.509809631636,1304277.7289834546,857745.8059820773,0.01999836045830816
500,500,66958.74249201118,2222596.760038005,2066041.4282661593,0.03240919643523488
4500,800,17836.242064534585,474768.55579103675,354571.98845269467,0.05030358473146621
1300,800,0,1686345.0311348739,1256655.4137501998,0.0
300,700,0,4638311.485763197,4518056.910321964,0.0
1300,1000,13821.653346812378,1898289.4959131817,1471405.164591496,0.009393506071218433
2300,900,17153.509809631636,1219667.364177795,783159.2141575487,0.02190296621624227
500,500,0,2224470.1155660157,2047164.713754969,0.0
2800,900,35345.08108177137,1157506.8028692603,661268.2153033076,0.0534504460728684
4500,1000,15233.370177862094,587645.4852532699,438580.86671778304,0.034733321341317035
2700,400,38196.14028701521,502829.39212011924,283115.2993848912,0.13491372726942638
4700,800,19372.669183184087,479363.5035759466,340550.30042921205,0.05688636644503844
300,700,0,4701482.308565723,4586560.118843468,0.0
500,500,0,2122087.770831952,1963394.3490815647,0.0
1000,500,0,1290496.47008227,1021491.8636128318,0.0
4500,700,48232.35892184143,420902.95176627,314376.8139529139,0.15342212523683593
4600,900,17153.509809631636,520919.4313841743,391579.60707877437,0.04380593243248454
2700,400,22194.517606019283,518608.5789231616,287257.1146983349,0.07726359581842564
500,500,77416.64199583024,2345995.2465223977,2013283.8759888585,0.038452919093590686
1400,1000,13643.809952897607,1796118.9889979698,1366304.7956921037,0.009985919683452707
1300,800,0,1669598.6241030581,1263572.8269824488,0.0
4200,400,13342.391885270283,274576.53182188777,188221.2759257482,0.0708867359422946
2100,1000,18965.716115613304,1523576.606717692,981621.5796286091,0.019320801935496238
1000,500,20283.00204746246,1216186.5673578016,998502.5340418022,0.020313420703460445
1800,900,21965.224639233482,1461719.9454310196,1011353.9228939315,0.021718632955297437
4400,1000,24766.632288313147,605560.5340657028,462440.1133929406,0.05355640994592668
1700,1000,19355.87075851322,1828354.4414503034,1186806.294882178,0.016309208033341956
2100,900,24381.53813231601,1225638.061201388,834745.7611767646,0.029208340151311064
4500,800,56652.31769517611,469414.43539659766,359127.0213286588,0.1577500837602809
1400,300,29335.535693343267,597697.9451784373,448699.6663210537,0.06537900046565467
4200,400,20080.345240725746,283340.9460281423,181257.78073359368,0.11078335594453256
800,800,0,2393671.6715934076,2042065.0473440746,0.0
2700,400,18789.24664631442,511263.80474100955,296025.69211626326,0.06347167542111512
1000,500,0,1209077.2399226488,976958.0725062113,0.0
3600,1000,5478.701447687448,1003428.4563033673,536817.0705516197,0.010205900199965087
4500,700,43637.52471376262,422361.33782971615,306224.6436853108,0.14250167520353574
900,100,0,270371.2472573688,225441.58652768974,0.0
2300,900,24381.53813231601,1179887.7159790748,762159.1732483503,0.03199008683238831
3300,1000,15233.370177862094,1027814.4586294082,598064.8182515223,0.025471102316965828
900,100,74761.82462809558,291738.88363249326,220124.3259467316,0.3396345420096249
4700,800,40828.80999211364,453800.8620422494,348798.6525815553,0.11705552670553146
900,100,77938.11439889878,313126.6545638791,226095.98676420422,0.3447125069061068
2800,900,43084.041722139846,1127289.6059065443,649204.8600891456,0.06636432406902154
1400,300,24250.04118563051,595962.0379551065,426028.47753376426,0.05692117420415543
1000,500,66480.3534121002,1360708.798505365,1042775.6535030619,0.06375326580436412
900,100,0,299585.202524817,226174.66606054085,0.0
4200,400,28016.18783254863,260079.2147640338,188280.83162694392,0.14880000045920433
900,100,0,267881.8374694444,232026.48813325906,0.0
1300,800,32173.103233405658,1674375.8562647104,1259379.5782442144,0.025546788108363912
4500,1000,5478.701447687448,608720.9824587507,429453.6564412958,0.012757375249956359
900,100,0,264423.2115246345,204974.63067830863,0.0
2700,400,68117.3543853776,551174.1538292232,309227.9228592443,0.22028202937023758
2100,1000,13643.809952897607,1364062.0327214347,910869.8637947357,0.01497887952517906
900,100,73383.29175993473,319534.3693351079,226301.27666397564,0.32427254870903005
3500,900,20253.48208673394,833615.2062919268,514465.89389896987,0.03936797818265343
1400,300,0,629785.2195550447,451487.5624765563,0.0
1000,500,35058.14007898205,1219991.0435683334,992944.4342876563,0.03530725272067509
800,800,0,2370018.175583845,2053305.8438464794,0.0
900,100,44228.1965323315,255154.1332986802,220968.961069002,0.2001556975168126
900,100,0,259560.40670451196,209656.41742991636,0.0
4600,900,24381.53813231601,505387.62340641604,381079.58662417514,0.06398017366477662
4200,400,10079.616472739934,273373.6102034903,185890.3468563061,0.05422345292911586
5000,200,9510.079622978476,104776.56830134243,80734.62460973267,0.11779431277410092
900,100,47290.783852739885,354197.4873136511,236983.04938546955,0.19955344475215234
1400,300,12363.198753808472,602654.263829076,425148.5057657208,0.029079718230554587
1000,500,17275.433112252234,1198543.8206177116,985140.6742640273,0.017536006342605086
4500,700,47528.84571779319,428681.6212297033,319949.53683822486,0.1485510689825598
1700,1000,34959.565944001086,1746450.0005117762,1185408.0132780855,0.02949158901611027
2100,900,44546.44314970347,1293997.855074662,847967.1815645003,0.05253321604677581
4400,1000,18965.716115613304,621781.4532812935,468501.2084591089,0.04048168024580164
5000,200,23738.952177031053,145733.2517526882,115155.9162563489,0.20614617944757357
1400,300,2302.0093664055544,627719.8892634421,432367.2308377932,0.005324199435616284
1300,800,0,1600468.2352893443,1196429.8388371367,0.0
800,800,32173.103233405658,2405263.0113020954,2046491.8146468485,0.015721100374377794
1000,500,66958.74249201118,1305678.4386504735,1033020.7141330796,0.06481839287046975
3600,1000,19355.87075851322,982853.5427921335,560436.3059165841,0.034537146423547674
4200,400,37026.179612342785,299352.6866690932,197732.90728282768,0.18725350333003657
5000,200,67293.51377084746,174696.0933972278,137320.72161632078,0.49004631623527334
3300,1000,5478.701447687448,1019108.3066828906,585618.6224199488,0.009355408516634663
1400,300,39354.21547446247,544033.7357507222,390318.45619976794,0.10082591496601095
2800,900,43088.87535685674,1196768.5876983106,647916.9506745858,0.06650370130306714
4700,800,17836.242064534585,450322.7318139596,339483.81873130344,0.052539299608420256
2300,900,44546.44314970347,1248005.56636871,774230.9049067177,0.05753637947980208
2500,800,15414.94597850265,1040879.4907129732,653460.8151501039,0.023589702123090188
5000,200,77211.1651674527,169219.66852392696,153927.2635835206,0.5016081191202238
1400,300,0,573470.761941189,427623.7183466632,0.0
1000,500,0,1266621.5581945307,1023582.3568774845,0.0
4900,600,9785.51131474131,341033.8068031078,248189.58464162383,0.03942756634558703
4500,700,41304.78583936929,434068.26974505524,318538.2831393948,0.1296697697755029
4200,400,11391.009459891866,273157.18909791304,195281.74684005897,0.05833115303511398
5000,200,64572.99963858343,132978.25953799265,112828.85828240226,0.5723092533380246
4500,1000,19355.87075851322,645328.4552625576,448349.04473326734,0.04317143302943458
1400,300,0,601434.8659942589,433272.21171393426,0.0
1300,800,35849.240108018,1615019.8174861686,1208238.343810785,0.029670669112312274
800,800,0,2284553.623904372,1944198.4881103474,0.0
3500,900,35345.08108177137,892380.3548961054,529014.5722426461,0.0668130575910855
1000,500,28692.71934445983,1255958.8445990926,981697.1745407823,0.029227668255113082
4600,900,44546.44314970347,532321.6392254985,387115.45245335886,0.11507275895960416
5000,200,20114.908062587696,128631.94750964748,89579.42667687622,0.22454830097478287
1400,300,0,569196.1108982739,431779.61530882766,0.0
4200,400,38196.14028701521,292949.0982153423,182002.69246171578,0.20986579797466323
2100,900,21965.224639233482,1370127.1998225683,866874.7910519412,0.025338405114513678
5000,200,18665.163422534042,115685.73792854589,78976.93646460163,0.23633688843957606
1000,500,77416.64199583024,1364200.0627899768,1006641.9379944293,0.07690583818718137
1700,1000,43908.799549583106,1756273.008065674,1182100.6243091836,0.03714472240909549
4700,800,56652.31769517611,452402.6085921696,343845.0204210563,0.16476119859407115
5000,200,18480.79637518776,149515.19863320567,115640.3076979828,0.15981275684127338
2300,900,21965.224639233482,1295626.618949669,791494.374438729,0.027751586553991167
1400,300,0,573099.8659215536,441956.6171420448,0.0
2500,800,22222.662674861775,1066801.284710839,657057.8700308733,0.033821469445024066
4400,1000,13643.809952897607,569645.4635544259,434733.34408385115,0.03138431900513708
1300,100,0,202650.84070314432,156074.9445191698,0.0
4200,400,22194.517606019283,276663.3603453318,184665.28802035813,0.12018781571755101
800,800,0,2289929.096181515,1963387.3086925258,0.0
4900,600,17300.89366834403,350996.64355032984,249621.25622125002,0.06930857544042446
4500,700,92517.04642495468,457187.063875506,322012.6471732588,0.2873087353465838
1300,800,67047.92976735103,1671396.0931250907,1236262.3363370053,0.05423438682602861
5000,200,12583.525389483519,131784.58681913136,81435.57132645712,0.15452123911599955
1300,100,87763.86084260106,239275.57329569888,152393.764116968,0.5759019166639848
4300,300,22596.291007034677,223052.55725803442,146088.26345336632,0.15467560824451698
2800,900,23191.77054439625,1107142.2331762998,636492.4220632496,0.03643683685850958
1300,100,77938.11439889878,258153.7635892898,156527.99083675677,0.4979180655310431
2900,200,9510.079622978476,216145.50361731075,139197.6286374701,0.06832070140897854
3600,300,22596.291007034677,301645.8524497845,174494.31468040976,0.12949585806517702
5000,200,22566.67935407699,152666.14262968863,124828.15119872103,0.1807819721542764
1300,100,0,252326.33251407923,156582.46111883596,0.0
1300,100,0,200497.09002541497,160633.72255379474,0.0
3600,1000,34959.565944001086,909489.5304899234,559776.006270207,0.06245277673999823
1000,200,9510.079622978476,444368.9343885938,403673.1230486633,0.023558862554820186
1300,700,0,1449414.9665751779,1096339.5767093212,0.0
4200,400,18789.24664631442,285952.32410201244,190302.23064616925,0.09873371732173462
3300,1000,19355.87075851322,1023072.793309175,611385.06099991,0.03165905088825203
2900,200,23738.952177031053,254316.05170139673,148086.19884723678,0.16030495996132466
3600,300,13747.547513575282,313041.2763475199,165677.74126313053,0.08297763724181471
1300,100,0,203656.94604969397,141905.51354652137,0.0
4300,300,13747.547513575282,216731.50654488796,148288.0517849619,0.0927083965841774
1300,100,73383.29175993473,246840.02280211935,156670.1146135216,0.46839368146859894
1000,200,0,537086.0533602813,429449.97665698663,0.0
4700,400,13342.391885270283,227178.96005647315,168197.73593364735,0.07932563307828204
800,800,67047.92976735103,2400154.9551574695,2008926.2965476336,0.03337500727755607
1300,100,33722.92225476102,198301.42835278128,152978.51150930906,0.22044221715877338
1000,200,67293.51377084746,549353.7178138924,406179.08441073715,0.16567449273877136
1300,100,0,222061.74125502288,145146.75052840365,0.0
3600,300,1271.237840680285,303305.69082393154,175578.49651866077,0.007240282072612324
1300,800,0,1668906.3464480527,1231220.3169363819,0.0
1000,200,0,617987.6969366097,410870.37447306927,0.0
2900,200,67293.51377084746,305221.3574804768,140061.75324508178,0.4804560289424369
1300,100,47290.783852739885,280320.0938255967,164065.1880360943,0.2882438646419978
1000,200,64572.99963858343,488717.65629546955,355735.5390575743,0.18151967557037524
4200,400,68117.3543853776,283148.5537635324,198789.37898094274,0.3426609345759251
3500,900,43084.041722139846,879457.7413644961,519363.8880713165,0.08295540508627691
4300,300,22467.63562536799,215996.29306487745,146995.95057376253,0.15284526912252414
4500,1000,34959.565944001086,610841.2085519512,447820.8050161656,0.07806597092499779
4900,600,10610.795124079985,361697.52103031817,277514.5116622374,0.03823510006926907
1000,200,0,479353.8681177201,386607.02599684807,0.0
4600,900,21965.224639233482,535356.6655317057,395747.1872193645,0.055503173107982334
3600,300,16408.942548630057,319650.54096514557,165335.53002000254,0.09924631775544482
2900,200,21988.132541426476,357483.09298998304,154293.44126561526,0.14250853672758543
1000,200,0,462973.39312731114,394884.6823230082,0.0
4700,400,20080.345240725746,227007.36871183463,161975.0381023603,0.12397185069983407
1300,700,61851.74833032464,1461002.0021846837,1087695.024396032,0.05686497312486031
4500,700,67760.94213900881,396427.0741704757,292054.8407900346,0.23201444617630498
2500,800,18254.242969308172,1045641.9520933504,654877.3806869915,0.027874291443932254
1000,200,9473.97202886763,537530.9776456926,433315.8293627322,0.021863895539659346
4300,300,16408.942548630057,236267.9967249076,138420.44373767654,0.11854421287455909
1700,1000,24766.632288313147,1699488.6742800153,1196903.8228993756,0.020692249297289855
2900,200,64572.99963858343,288756.50195753016,122667.42726123251,0.5264070591540881
800,800,0,2403775.502592289,2000733.0150216208,0.0
1000,200,0,478079.1574778265,401107.1221330204,0.0
3300,500,8397.590111466117,529908.1886015526,309542.98897358536,0.02712899471350236
3600,300,10460.738706951384,287319.48998005176,168142.81199247512,0.062213415982477635
1300,800,40828.80999211364,1725551.0321768697,1261041.2824102384,0.03237706057812573
2900,200,20114.908062587696,232747.56090701034,133312.76758512002,0.1508850834541737
2800,900,44514.27070659009,1091278.4186252996,630796.071078027,0.07056840197263031
1000,200,18510.092136007257,537650.4761611503,425402.85318883735,0.043511913465682804
4700,400,28016.18783254863,236116.5181480671,168250.95592194988,0.16651428622815723
1600,700,0,1282103.163345411,890775.9060763236,0.0
2900,200,18665.163422534042,213861.76519423295,136167.13183552006,0.1370753952949541
4300,300,10460.738706951384,227265.1469444408,140770.7263192815,0.07431046909018162
1300,700,48232.35892184143,1461322.081581954,1088227.4329139327,0.04432194729064149
4700,400,10079.616472739934,238622.33038853735,166114.77804180546,0.06067862589686774
1200,800,0,1793513.6512910381,1361376.698229383,0.0
4900,600,42344.93258939453,401713.1666755561,314954.4837664354,0.1344477845909848
800,800,0,2418453.704345025,2049192.0839166373,0.0
3600,1000,43908.799549583106,939549.7901120362,558214.1837015589,0.07865941216043752
3300,1000,34959.565944001086,1037654.3692392576,610664.7341129532,0.0572483786783317
3300,500,20283.00204746246,564131.5648917157,302576.5254672128,0.06703428832141947
2500,800,5804.779761285583,1043045.0572597127,622143.5161953112,0.009330290536152228
3600,300,30354.250856294544,287695.450609797,151790.5107443542,0.19997462758009438
2900,200,18480.79637518776,280172.6501863846,149419.2515043904,0.12368417181265787
2100,400,0,593766.5184847526,376442.5518514964,0.0
4500,700,25661.451129799905,422147.8825856215,301203.79402146424,0.08519630774628036
3500,900,43088.87535685674,931992.317356134,518333.5605396686,0.08312962662883393
4700,400,37026.179612342785,249421.0157171592,176977.28425804104,0.20921430548316533
4300,300,30354.250856294544,209566.42785305984,144863.04739585196,0.20953756946275393
2900,200,0,234223.05384731485,138312.80073552427,0.0
1300,700,34747.0543098582,1367388.881687639,1060008.3819876143,0.03277998070609993
3600,300,8687.452132062237,310179.8284886017,166298.11269036902,0.05224023286564552
2100,400,20080.345240725746,571013.0988452195,362515.56146718736,0.05539167797226628
1600,700,61851.74833032464,1278523.4701485406,883752.2073217762,0.06998765923059728
4500,1000,43908.799549583106,608123.1698774291,446571.34696124715,0.09832426520054689
1300,800,9532.628903367195,1593722.8453018402,1227364.575413174,0.007766745997340014
800,800,0,2312624.080183264,1994467.4350464076,0.0
3300,500,10489.585127245202,536355.7725350871,296047.900759458,0.03543205373298052
1700,1000,18965.716115613304,1805356.5578722712,1212591.363070635,0.015640649185877906
2900,200,22566.67935407699,292052.6869389916,146690.63903063358,0.15383857827059
4700,400,11391.009459891866,244636.9849900609,174507.09292090376,0.0652753379202466
2800,900,17153.509809631636,1076893.878031313,643309.3544865579,0.026664480611077547
4300,300,8687.452132062237,211382.95268703563,139226.32690356477,0.06239805592285436
1200,800,0,1754037.9276596063,1368870.5625643195,0.0
4900,600,16735.642718997835,332043.0333738141,255966.73729335712,0.06538209962733373
3600,300,12984.415127899938,274324.03392114735,168494.74899986334,0.07706124496443785
2100,400,28016.18783254863,619038.9369554272,376561.66325388785,0.07440000022960216
2500,800,35849.240108018,1038069.0206017022,628283.9387816082,0.05705897906213899
4500,700,33736.693922925755,409526.0072279558,305770.67458956456,0.11033332077450024
1300,700,47528.84571779319,1475471.8949466615,1107517.627516932,0.042914753261628386
4300,300,12984.415127899938,205774.40864614947,141065.37125569955,0.09204537592974521
3300,500,66480.3534121002,645107.2477325265,315992.62227365514,0.21038577715440157
3600,300,21638.660093106202,277338.4825602539,167914.29484232186,0.12886728978867318
4700,400,38196.14028701521,245733.43118833966,171534.09013886217,0.22267375689633617
800,800,56652.31769517611,2313005.728794904,2020089.4949737056,0.028044459335161052
1600,700,48232.35892184143,1248133.6222459914,884184.7892425704,0.05455008897309722
2100,400,0,572050.9480730995,371780.6937126122,0.0
1300,800,56652.31769517611,1595928.0384134934,1243131.996906896,0.045572246419636704
3300,1000,43908.799549583106,1090772.200512691,608960.9276744279,0.07210446114706773
3600,300,18365.683796110832,262106.9103811532,171872.01777746188,0.10685674162440177
4300,300,21638.660093106202,211491.75761775693,140579.40963543227,0.15392481835869296
3500,900,23191.77054439625,837506.4926666011,509193.9376505997,0.045546046073136975
500,100,0,427737.6414490867,405794.8557498415,0.0
1200,800,32173.103233405658,1768490.9900094052,1364327.8764312323,0.023581650561566688
3600,1000,24766.632288313147,930809.110412292,565204.5830358163,0.0438188808648491
3300,500,35058.14007898205,538923.7405385884,300892.2528144413,0.11651393397822783
500,100,74761.82462809558,464607.9515565722,396223.7867041169,0.18868585667201382
1300,700,39531.428079881196,1437758.8155028343,1102632.5185594435,0.035851861263377055
500,400,0,1703691.6469405913,1581058.717776285,0.0
500,100,77938.11439889878,456503.98513741314,406972.77617556765,0.1915069482811704
2100,400,37026.179612342785,642592.7580611253,395465.81456565537,0.09362675166501828
500,100,0,471683.4725082845,407114.3989089735,0.0
4700,400,22194.517606019283,242035.50722787975,165020.04461393706,0.13449588901725945
500,400,0,1635804.4154960215,1522565.3581621868,0.0
4900,600,41874.01463545452,324000.0567941125,251028.56202702367,0.16680976179494153
4300,300,18365.683796110832,203057.96757321767,143892.85209275878,0.12763444138470212
500,100,0,434655.5240897565,417647.6786398663,0.0
4000,800,13907.133377178276,662183.7564119695,408413.0094688149,0.034051641487292485
500,100,0,412514.8204835174,368954.33522095555,0.0
1600,700,34747.0543098582,1225812.9729664288,861256.8103649366,0.04034459163827683
500,400,28016.18783254863,1697678.6526731676,1581558.9856663288,0.017714285768952898
1700,1000,13643.809952897607,1520956.0026914107,1125192.1846876147,0.012125759615621146
500,100,108036.51286879281,461651.3259044963,407342.2979951562,0.2652229179255956
2800,900,24381.53813231601,1025696.0708910971,626059.3208825735,0.03894445353508142
500,100,0,408260.2798586187,397744.12992420356,0.0
3300,500,17275.433112252234,557014.7647838297,298527.4770497052,0.05786882093059679
2100,400,22701.729917091852,640885.0420815398,390563.49368011794,0.058125580819607225
3900,800,13907.133377178276,667627.4666217295,418885.1379167332,0.033200350450110175
500,100,0,419813.82086211623,377381.55137384945,0.0
2500,800,67047.92976735103,1102932.3379626998,642856.4148952428,0.10429689774236271
500,400,0,1670690.3292671205,1561478.9135929714,0.0
500,100,0,495406.88077747816,426569.4888938452,0.0
4500,1000,24766.632288313147,605804.680847855,452163.666428653,0.054773601081061385
4000,300,22596.291007034677,239013.27456837764,157044.8832123688,0.14388428673908557
1300,700,85580.95991384673,1494903.9781579725,1114659.16329205,0.07677769378496897
100,600,0,12161289.647439552,12161289.647439567,0.0
1100,1000,54424.45611283723,2296185.0603682077,1860840.5243255657,0.029247243598460742
4700,400,18789.24664631442,253164.81010419363,170057.31249232145,0.11048773128860781
500,400,37026.179612342785,1836786.7593279937,1660956.4211757525,0.02229208372976626
2100,400,38196.14028701521,583402.4418544595,364005.38492343156,0.10493289898733162
1200,800,0,1738700.0335414046,1296132.3254068983,0.0
3700,200,9510.079622978476,175059.23387700677,109100.8440672063,0.0871677914528347
500,400,0,1748487.6442648247,1640366.6734564954,0.0
100,600,0,12231441.554841254,12231441.554841252,0.0
3300,500,41583.8887780742,535873.9314946,313036.58004032716,0.13284034975310913
4900,600,53627.50732354772,337161.9746106113,247500.04229161263,0.21667676024217417
1600,700,47528.84571779319,1360195.2896397207,899858.0723575073,0.0528181578604657
4000,300,13747.547513575282,247758.96487210158,149109.9671368175,0.09219737471312746
100,600,0,11580975.105520397,11580975.10552041,0.0
500,400,0,1608108.5814659079,1528822.6166784125,0.0
3700,200,23738.952177031053,225391.17892339494,116067.56125864504,0.2045270178816901
2100,400,22194.517606019283,624574.7176026743,369330.57604071626,0.060093907858775504
4700,400,68117.3543853776,248141.39095836953,184114.18593069012,0.36997341644831444
3700,200,67293.51377084746,246218.72581664118,137320.72161632078,0.49004631623527334
3300,1000,24766.632288313147,1000579.1852542877,616586.8178572542,0.04016730745944501
500,400,0,1715777.2525113525,1551188.4193710084,0.0
1300,700,67760.94213900881,1368805.0072451232,1010959.0642731967,0.06702639556204366
3500,900,44514.27070659009,850843.930744175,504636.8568624217,0.08821050246578788
100,600,0,12537043.0502022,12537043.05020221,0.0
4000,300,1215.9666302159246,252564.53252985497,158020.6468667947,0.007694985777655609
2500,800,19372.669183184087,1082255.038604758,640234.5648069186,0.030258705555871512
500,400,0,1733130.1418467287,1598538.7374278216,0.0
4000,800,22222.662674861775,644811.3802123198,410661.16876929585,0.0541143511120385
3300,500,11716.408434088415,527760.6878196083,310176.4717810559,0.03777336290793413
3700,200,21988.132541426476,291194.92227633187,153939.42557382103,0.14283626471557903
3600,1000,18965.716115613304,966025.414373328,572612.5881166887,0.03312137474656498
500,400,68117.3543853776,1816289.9284040725,1669830.783439919,0.04079296840189585
100,600,0,12542370.127374504,12542370.127374498,0.0
2100,400,18789.24664631442,605269.0043371108,380604.4612923385,0.04936685866086731
3900,800,22222.662674861775,644450.8136646708,421190.9423274829,0.05276149233423754
1100,1000,32785.350020067905,2408217.717507522,1786686.2356908533,0.018349808357588246
1600,700,39531.428079881196,1262878.0860536261,895888.9213295479,0.04412536770877176
3700,200,64572.99963858343,225964.20552694055,112828.85828240226,0.5723092533380246
4000,300,16408.942548630057,254112.23974252603,148801.97701800228,0.11027368639493869
2800,900,44546.44314970347,1068468.7725277434,635975.3861733753,0.07004428806236775
400,500,0,2718432.4590311833,2553729.6590320794,0.0
4900,400,13342.391885270283,221199.79988679258,161332.52222206988,0.08270119193267703
1200,800,35849.240108018,1733503.5993337564,1308924.872461684,0.02738830994982671
4900,600,21744.50555714893,354517.90679675795,258690.3915727318,0.08405610051827292
100,600,0,12300399.53932416,12300399.539324159,0.0
3700,200,20114.908062587696,194511.8787689173,104488.38540455353,0.19250855475187678
2100,400,68117.3543853776,641981.8693622982,397578.7579618855,0.17133046728796256
400,500,0,2628184.84706104,2496256.3351045055,0.0
1300,700,15088.820126242585,1356544.6586783458,1042628.517766607,0.01447190429680941
3300,500,19642.388650516023,578130.9531416007,297483.99228508555,0.06602838861894889
4000,300,10460.738706951384,249546.3532282321,151328.5307932276,0.06912601775830848
4900,400,20080.345240725746,225880.77341292953,155363.812057366,0.12924724860195466
3700,200,18665.163422534042,174391.08959778224,106725.58981702923,0.17488929744528628
4500,1000,18965.716115613304,613578.5676689845,458090.0704933509,0.041401718433206225
100,600,0,12127502.072289024,12127502.072289018,0.0
400,500,0,2540431.582727967,2442395.1812655283,0.0
1600,700,85580.95991384673,1331063.0546313373,905660.5701747905,0.09449562311996182
4000,300,30354.250856294544,265257.3141009163,144863.04739585196,0.20953756946275393
800,500,0,1548239.165007494,1276864.8295160397,0.0
2500,800,40828.80999211364,1134133.2711623968,655741.466853324,0.06226357803485716
1200,800,67047.92976735103,1809444.901709628,1339284.1976984225,0.050062510916334096
3300,500,77416.64199583024,687424.5155711453,305043.0115134634,0.2537892660176985
1100,1000,11835.997128063658,2392251.964386017,1794194.454754567,0.00659683073743684
3700,200,18480.79637518776,221992.22256365023,117112.38631425194,0.15780394334718417
100,600,0,11944658.276302205,11944658.27630222,0.0
1300,700,33736.693922925755,1360935.1813541306,1058436.9505023388,0.03187407044596673
400,500,0,2805982.45254485,2606939.1337576546,0.0
4900,400,28016.18783254863,231340.64042306234,161383.56996595193,0.17360000053573837
3900,800,22686.77649692142,641269.6525701468,419793.19274807145,0.05404274506789425
4000,800,22686.77649692142,640707.1948544371,409298.3629293697,0.05542845647989154
3500,900,17153.509809631636,831905.0932231672,514647.48358924635,0.03333060076384693
4900,600,24575.21580707186,362922.6204367047,247474.8594776917,0.09930388831794514
4000,300,8687.452132062237,245031.54281499144,149668.30142133211,0.05804470318405057
2800,900,21965.224639233482,1120588.1298748103,650156.093288956,0.0337845401526849
400,400,0,2071774.8953193137,1976323.3972203562,0.0
100,600,0,12126268.114406899,12126268.114406893,0.0
3300,1000,18965.716115613304,1080991.467545511,624668.2779454786,0.030361260184351226
3700,200,10183.37946247113,194053.52536073502,108407.33030622173,0.09393626273892923
3600,1000,13643.809952897607,838053.5792472365,531340.7538802625,0.02567807918602125
400,500,0,2651851.6026997655,2482361.0857191407,0.0
400,400,0,1991568.3769578133,1903206.6977027336,0.0
800,500,0,1443276.4946323487,1248128.1675522528,0.0
4900,400,10079.616472739934,235095.8558251745,159334.58301969094,0.0632606950839685
100,600,0,11651237.265828967,11651237.265828945,0.0
1600,700,67760.94213900881,1185925.8904865268,821404.2397219724,0.08249402530713067
4000,300,12984.415127899938,241537.54625046847,151645.274099877,0.08562360551604206
2500,100,12994.080272317964,130605.61964051788,81158.9711499683,0.16010651796345546
400,400,0,2069005.6647145667,1976948.732082911,0.0
3300,400,13342.391885270283,440640.2365409942,239554.35117822498,0.05569672109751718
3700,200,22566.67935407699,227423.18127237057,124878.707025026,0.1807087844812052
1200,800,0,1732534.1874159416,1333822.0100144139,0.0
2500,800,17836.242064534585,996891.309355321,638229.5792148504,0.02794643596192567
500,600,0,2627573.5757240774,2432257.9294879134,0.0
400,500,0,2585490.993019156,2462851.685660068,0.0
2500,100,99819.09240190385,157913.23763310767,83088.51270910182,1.201358516927326
2300,700,1862.7564851300651,974721.9692095645,619670.1955313554,0.0030060449874191333
400,400,0,2050533.4693705528,1951848.6419912141,0.0
800,500,0,1423758.3728162532,1221197.5906327642,0.0
2500,100,77938.11439889878,189550.4152560772,81394.55523511353,0.957534741405852
400,500,0,2705549.320205545,2582551.7853326993,0.0
2500,100,0,191103.0322558204,81422.8797817947,0.0
3900,800,10918.00515733174,644809.3782810619,398809.9462790456,0.02737646154314431
4900,400,37026.179612342785,256769.5262618846,176977.28425804104,0.20921430548316533
4000,300,21638.660093106202,248493.48597782815,151122.86535808968,0.1431858775429702
400,400,0,2222899.4417069308,2076195.5264696907,0.0
3300,400,20080.345240725746,415309.21701888257,230691.72093366468,0.08704406538498988
1100,1000,0,2308522.9200816797,1756855.8672598463,0.0
2500,100,12459.012753399815,123301.7306959156,83529.53572797326,0.14915697357608332
500,600,0,2684394.3777531167,2446288.3109682505,0.0
4900,600,49800.72311689013,313948.1251877051,237780.35236385604,0.20944002572880416
400,500,0,2701911.432650114,2558955.892193711,0.0
2200,400,0,600858.6113111589,359331.52676733746,0.0
400,400,0,2128421.9276947295,2050458.341820619,0.0
2500,100,16395.960866428646,148014.93424782366,73790.86704419111,0.22219498866451323
800,500,66480.3534121002,1621531.4542395219,1303469.5668788273,0.0510026126434913
1600,700,25661.451129799905,1159248.0480936663,847135.6706853681,0.030292020532010792
2500,100,75719.89859572516,174194.58554675535,96621.71431835281,0.783673723136814
4000,800,10918.00515733174,623346.8048058662,388839.6976220695,0.028078422095532622
4500,1000,13643.809952897607,558959.1976603001,425072.60310421,0.03209759898252656
400,500,0,2593073.498218007,2454242.936351956,0.0
4000,300,18365.683796110832,232225.91625523628,154684.81599971568,0.11872971291600198
400,400,0,2014875.4408694,1911028.2708480156,0.0
500,600,0,2561762.3224137635,2316195.021104082,0.0
4900,400,11391.009459891866,246397.237931435,167384.35443433624,0.06805301187429966
2500,100,53001.990216049686,124290.1009340965,79548.82598484072,0.6662824945543514
3500,900,24381.53813231601,777656.9378980112,500847.45670605876,0.048680566918851774
3300,400,28016.18783254863,422821.73102775007,239630.14934338318,0.11691428607508911
1200,800,40828.80999211364,1853083.9528274767,1366128.0559444248,0.02988651745673144
800,500,0,1456275.2532359494,1241180.5428595704,0.0
2300,100,12994.080272317964,141435.21781805353,88216.27298909597,0.14729799652637904
2200,400,20080.345240725746,534937.1197313073,346037.581400497,0.05802937692332659
2900,400,13342.391885270283,453506.57116879546,272596.3306510836,0.048945603388727214
400,400,0,2076613.4507130794,1938985.5242137604,0.0
2300,700,61851.74833032464,1005004.6453084743,614784.1442238443,0.1006072601439836
400,500,94620.34021712586,2758929.5690222,2516604.844986073,0.037598409780399786
2500,100,1986.433608998078,137520.17224650376,75476.31027476989,0.026318636957298375
2300,100,99819.09240190385,188570.03106954647,86135.60580524278,1.1588598172467743
3300,1000,13643.809952897607,919096.4244114632,579644.4587784682,0.02353823925385281
400,400,0,2107959.814558413,1998173.421784777,0.0
4800,100,12994.080272317964,67070.38307335162,42511.79157511906,0.30565826070531993
2300,100,77938.11439889878,177213.23639651437,88472.34264686253,0.880931962093384
2500,100,47290.783852739885,186658.96629982328,101184.76326029963,0.46737060332970776
2500,800,56652.31769517611,991904.0732626772,646428.6383915858,0.08763893542237829
4800,100,99819.09240190385,86903.04635706157,82739.16147748545,1.2064310372430604
800,500,19268.75231751211,1450618.527791654,1231425.842830034,0.015647513351863002
2300,100,0,204808.27820784552,88503.13019760294,0.0
500,600,0,2779484.3258218938,2507408.610040442,0.0
400,400,0,2204518.959076298,2087288.4792998987,0.0
3900,800,35849.240108018,659461.9935567548,402746.11460359505,0.08901200733693682
1600,700,33736.693922925755,1136100.3497458359,859980.0222831502,0.03922962516426676
4900,400,38196.14028701521,243322.71238862057,171534.09013886217,0.22267375689633617
2200,400,28016.18783254863,544587.3572685014,359445.2240150747,0.07794285738339275
4800,100,77938.11439889878,73161.93605632188,54290.25884700422,1.4355819267418997
2900,400,20080.345240725746,437390.2860137997,262511.2686486529,0.07649326958074869
2300,100,0,145464.22908941377,90792.97361736224,0.0
1100,1000,0,2409068.1516028466,1834155.1829997299,0.0
4800,100,8421.815662984507,88676.87461483179,70156.3045836674,0.12004360424857856
3700,300,22596.291007034677,279240.17386734736,169778.25212147977,0.13309296523365416
4500,200,9510.079622978476,118498.23281050922,89705.13845525852,0.10601488149669083
800,500,66958.74249201118,1515660.8085905348,1291275.8926663497,0.051854714296375795
2300,100,16395.960866428646,150369.54157683603,80207.4641784686,0.20441938957135217
3300,400,10079.616472739934,426309.5975397379,236587.71418075322,0.04260414158716246
500,600,0,2700967.929072604,2508474.0254749,0.0
4800,100,11089.890472806428,66810.31242749817,43958.40781420668,0.2522814411222225
2200,400,0,581631.5063805495,354881.5712711298,0.0
4800,100,12967.147757479688,95076.10481908385,67742.26274582943,0.19141887548298664
2300,100,75719.89859572516,173837.89904647358,96672.95443360659,0.7832583481011574
1200,800,9532.628903367195,1701222.4773501807,1329644.956697605,0.007169303997544629
4900,400,22194.517606019283,215593.6225119745,162289.93398920793,0.13675843633958953
2300,700,48232.35892184143,1055562.0624174806,615085.0707774403,0.07841575289882724
800,500,0,1479434.9873501593,1279477.9460968554,0.0
4800,100,75719.89859572516,123455.56008682164,96621.71431835281,0.783673723136814
2300,100,53001.990216049686,145082.64163016537,86466.11520091382,0.6129798949900034
2200,400,37026.179612342785,633148.1315229437,377490.095721762,0.09808516841097152
4500,200,23738.952177031053,158945.8729888645,115155.9162563489,0.20614617944757357
3700,300,13747.547513575282,321139.7006458614,161199.96447223512,0.0852825716096429
2900,400,28016.18783254863,482849.99904746475,272682.5837355739,0.10274285745992681
2300,100,0,162124.88661312326,82039.46768996728,0.0
3300,400,37026.179612342785,468599.12363050086,251660.06381450797,0.1471277526164573
4800,100,53001.990216049686,70516.8267236038,50459.111537190256,1.050394836559602
500,600,8145.888852158312,2612840.971304994,2460079.907864832,0.0033112293735321563
800,500,28692.71934445983,1438468.1897245622,1227121.468175978,0.023382134604090464
2300,100,47290.783852739885,193104.77272018677,101398.54388547938,0.46638523632203843
4800,100,10719.795347175563,71271.02990461627,54138.05797390288,0.1980084943634848
4000,900,20253.48208673394,685592.724521216,450157.6571615986,0.04499197506588964
4000,800,35849.240108018,589986.4892310944,392677.46173850517,0.09129436649942238
4500,200,67293.51377084746,178390.97627846338,137320.72161632078,0.49004631623527334
4800,100,47290.783852739885,103686.25525249935,100419.32952364009,0.47093307709853793
3700,300,1215.9666302159246,306128.32574257755,170833.13174788616,0.007117861844331439
3500,900,44546.44314970347,832296.6780351141,508780.3089387002,0.08755536007795969
2200,400,22701.729917091852,583224.8825515071,372810.6076037489,0.06089346562054091
4900,400,18789.24664631442,239836.42536482727,167923.72650942532,0.11189155360520066
3100,800,13907.133377178276,911590.4593889838,526984.528346858,0.02639002215265167
800,500,77416.64199583024,1605988.634259163,1258302.4224930366,0.0615246705497451
4500,900,20253.48208673394,531315.5549763009,400140.1396991988,0.05061597194912584
4500,200,77211.1651674527,182926.37727552486,153927.2635835206,0.5016081191202238
500,600,0,2586977.4808180854,2425500.4144578036,0.0
3900,800,67047.92976735103,704403.6363290081,412087.4454456685,0.1627031604780858
2900,400,3137.283409214654,475140.01102967595,269220.50234361575,0.01165321133384718
3300,400,11391.009459891866,407717.6900244836,248540.40506916595,0.04583162024187527
100,800,0,16336520.378752599,16336520.378752597,0.0
4100,100,12994.080272317964,79751.35917200631,49487.17753046848,0.26257468946006696
2200,400,38196.14028701521,583529.4697671453,347459.6856087301,0.10992970370101408
1200,800,56652.31769517611,1682660.6966509756,1346726.3299824705,0.042066689002741575
4100,100,99819.09240190385,89645.64410719278,82739.16147748545,1.2064310372430604
2300,700,47929.475943233716,946744.7702992734,599135.172427782,0.07999776702979493
1500,1000,54424.45611283723,1869296.4325871097,1364616.3845054149,0.03988260490699192
4500,200,64572.99963858343,145024.10675791494,112828.85828240226,0.5723092533380246
3700,300,16408.942548630057,312777.59651528124,160867.0021816241,0.10200315991531828
500,600,0,2606333.241989342,2388931.655260444,0.0
1100,1000,34959.565944001086,2290251.3465626636,1831994.2023388594,0.019082792892777235
4100,100,77938.11439889878,103990.26813783044,54290.25884700422,1.4355819267418997
4900,400,68117.3543853776,230951.70999870432,184114.18593069012,0.36997341644831444
4100,100,8421.815662984507,98659.22671398042,70156.3045836674,0.12004360424857856
2900,400,37026.179612342785,559296.9849922854,286371.7967544401,0.12929408563264427
100,800,0,16426446.750771865,16426446.75077184,0.0
2200,400,22194.517606019283,601672.9790125361,352542.8225843201,0.0629555225187172
3300,400,38196.14028701521,420358.16681584297,231639.79040582007,0.16489455555152113
4500,200,20114.908062587696,142906.13118150784,89579.42667687622,0.22454830097478287
4100,100,11089.890472806428,84875.73081313519,50932.64373656906,0.21773639966864733
3700,300,10460.738706951384,318205.03239631647,163598.41166835418,0.06394156642643535
4100,100,12967.147757479688,88636.59365532716,67742.26274582943,0.19141887548298664
500,600,0,2609037.45433978,2425253.6228813785,0.0
3100,800,22222.662674861775,902875.1503760205,529885.3790571559,0.04193862211182984
4100,100,75719.89859572516,128898.90240034723,96621.71431835281,0.783673723136814
4500,200,18665.163422534042,121313.79170046285,87752.15162733514,0.21270319959561845
2700,1000,54424.45611283723,1206701.4267857801,758120.2136141193,0.07178868883258546
4000,800,67047.92976735103,622133.9247242153,401785.25930952677,0.1668750363877803
2200,400,18789.24664631442,549093.5254386014,363304.2585063231,0.05171766145424195
2900,400,11391.009459891866,479980.4533290781,282821.84025111987,0.04027627233376918
100,800,0,16371934.517174782,16371934.517174788,0.0
4100,100,53001.990216049686,86296.75254087332,50459.111537190256,1.050394836559602
3300,400,22194.517606019283,457905.47813887603,235028.54838954672,0.09443328377807579
500,600,0,2495994.5699019013,2330247.453165789,0.0
4500,200,18480.79637518776,170880.4774379862,115640.3076979828,0.15981275684127338
3700,300,30354.250856294544,292670.56759096513,147688.0645080203,0.2055294783462081
4500,900,35345.08108177137,579204.4702329044,411455.778410947,0.08590250261710991
3900,800,19372.669183184087,650010.5190136754,410406.77231212734,0.04720358066715955
2300,700,47528.84571779319,1032887.9162968487,625988.2242487008,0.07592610192441945
4100,100,10719.795347175563,83935.38731077635,54138.05797390288,0.1980084943634848
3500,900,21965.224639233482,903134.6508526399,520124.87463116477,0.042230675190856125
3500,700,1862.7564851300651,741409.868419168,407211.8427777479,0.004574416285203028
4000,900,35345.08108177137,753397.9273554684,462887.7507123154,0.0763577801040977
4100,100,47290.783852739885,112346.19066366262,100419.32952364009,0.47093307709853793
4500,200,10183.37946247113,148938.32188076264,89134.91602956009,0.11424680603383285
100,800,0,15553587.904882792,15553587.90488278,0.0
3300,400,18789.24664631442,412502.91861286736,242202.8390042154,0.07757649218136292
3700,300,8687.452132062237,291564.6494360274,161803.56910414284,0.053691350445246776
3400,300,22596.291007034677,340579.93749555084,184758.68613219858,0.12230164372822273
2900,400,38196.14028701521,447240.7530425513,263590.1063238642,0.14490733669679132
1500,1000,32785.350020067905,1986352.409952176,1310236.572839959,0.02502246594216579
2200,400,68117.3543853776,626869.6634261238,379506.9962363452,0.17948906096834175
1100,1000,43908.799549583106,2299389.3243230036,1826882.7830232836,0.02403482038235591
4500,200,22566.67935407699,153559.5853443298,124828.15119872103,0.1807819721542764
5000,800,13907.133377178276,467255.99896947877,326730.40757505194,0.042564551859115604
100,800,0,15707098.469540237,15707098.469540207,0.0
3700,300,12984.415127899938,281356.4088712555,163940.8368647319,0.0792018351023389
3400,300,13747.547513575282,334779.1973855892,175423.49074919705,0.07836776850615833
3300,400,68117.3543853776,445878.1099981043,253004.66415756347,0.26923359145251263
2300,700,39531.428079881196,995382.5004479326,623227.0757075116,0.0634302160813594
2900,400,22194.517606019283,510549.06034748734,267446.279201898,0.08298682513830902
3100,800,18254.242969308172,877711.6162322048,528126.9199088641,0.034564121390475995
2500,500,10931.997937899587,668663.8735550116,408596.74544513266,0.026754980453870408
3400,300,0,321113.22752419795,185906.64337269965,0.0
3500,700,61851.74833032464,711287.8282656315,404001.0090613834,0.1530980045669316
3700,300,21638.660093106202,266636.4644588878,163376.07065739424,0.13244693672724744
100,800,0,16071410.372381108,16071410.372381069,0.0
4000,800,19372.669183184087,607961.486291912,400146.60300432413,0.048413928889394414
3900,800,40828.80999211364,719332.3767711677,420347.09413674613,0.09713118173437717
2300,600,9785.51131474131,824407.8503263001,528751.7238017203,0.01850681685609187
4500,900,43084.041722139846,541953.6745098995,403949.69072213507,0.10665694939664175
2900,400,18789.24664631442,484912.6132371121,275610.12714272784,0.06817328100786439
3400,300,16408.942548630057,339651.1650033679,175061.14943294384,0.09373263343569789
3500,1000,54424.45611283723,966843.2150556301,584835.5933594635,0.09305941144964781
2400,700,1862.7564851300651,978122.6380561503,593850.6040508824,0.0031367425955677905
3700,300,18365.683796110832,267749.96196905477,167226.82810780074,0.10982498444730182
1100,1000,16553.960186188986,2299840.9813862103,1849760.4535717624,0.0089492453761915
2700,1000,32785.350020067905,1312658.4241360214,727909.2071333106,0.045040438695898424
1500,1000,13516.355195317898,1931459.2489935993,1315742.600153349,0.010272795905325687
2300,700,85580.95991384673,1036416.525450338,630024.7444694195,0.1358374582349451
1500,900,15464.719191718372,1599959.78648062,1200420.4190975963,0.012882752530437474
2500,500,20283.00204746246,649403.0571331017,399401.01361672085,0.05078355175865111
5000,800,22222.662674861775,449639.65130717814,328528.93501543667,0.06764293889004813
100,800,0,16005864.12017297,16005864.120172966,0.0
3400,300,10460.738706951384,311551.5200985357,178033.5656390913,0.05875711509456221
4000,900,43084.041722139846,736072.4323556703,454443.40206240193,0.09480617724145934
2900,400,68117.3543853776,523118.3843421131,287901.85921377916,0.2365992167309959
2300,600,17300.89366834403,904102.4228643605,531801.8067322284,0.032532596635301274
3500,700,48232.35892184143,691031.1323696848,404198.76079660363,0.11932831962865016
3400,300,30354.250856294544,317076.9371257031,160719.3643175515,0.18886492604786692
3100,800,8712.494773030128,908252.7451288467,501728.6420929929,0.017364953965325565
3900,800,17836.242064534585,608475.3579217431,409121.52513772465,0.043596440100604046
100,800,0,16393536.671333125,16393536.671333099,0.0
2400,700,61851.74833032464,961827.9637035064,589168.1382145174,0.10498148884589595
4500,900,43088.87535685674,547924.2861077298,403148.3248641867,0.10688094852278648
2500,500,11209.707872015493,622094.4912476144,390783.2290024846,0.028685232732810605
2300,700,67760.94213900881,991658.7493776877,571411.6450239808,0.11858516137900033
4000,800,40828.80999211364,634271.1787036344,409838.41678332747,0.09962172485577146
1100,1000,0,2387985.3380672615,1874004.8338364356,0.0
3400,300,8687.452132062237,285500.1466505067,176080.3546133319,0.04933799770644299
1500,900,35345.08108177137,1728984.0006302858,1234367.335232841,0.028634167539036637
100,800,0,15955739.480371244,15955739.480371261,0.0
1500,1000,0,1851260.2836254023,1288360.9693238873,0.0
2300,600,12821.377441596649,941410.7427155991,503520.656761757,0.02546345868718379
2500,500,66480.3534121002,746738.5444560795,417110.26140122476,0.15938316451091028
5000,800,22686.77649692142,455931.13361592795,327438.69034349575,0.06928557059986441
3400,300,12984.415127899938,303376.6733042596,178406.2048233847,0.07278006468863575
2700,1000,15233.370177862094,1289176.6337278576,730968.111196305,0.02083999280479022
2400,700,48232.35892184143,973543.4365154527,589456.5261617136,0.08182513345964582
3500,700,43637.52471376262,671584.8429034448,393717.399023971,0.1108346362694167
4000,900,43088.87535685674,678804.3275918615,453541.86547221005,0.0950052875758102
2300,700,25661.451129799905,919375.5847642501,589311.7709115605,0.04354477951476551
3100,800,35849.240108018,901120.752283389,506680.5957916196,0.07075313403705234
3400,300,21638.660093106202,306421.63038275903,177791.60630363494,0.12170799591152466
3500,1000,32785.350020067905,1042727.0863182915,561529.9597885539,0.058385753865053514
2500,500,35058.14007898205,715744.1289801886,397177.77371506253,0.08826813180168774
100,800,0,16160715.959789652,16160715.959789645,0.0
4500,900,23191.77054439625,527189.4080779232,396039.72928379977,0.05855920209403326
1100,1000,13821.653346812378,2117409.742429204,1738933.3763354046,0.007948351291030982
4000,800,17836.242064534585,613639.382228887,398893.4870092815,0.04471429753908107
3400,300,18365.683796110832,307560.4470802244,181982.13647025375,0.10092025597860167
3900,800,56652.31769517611,589633.3912801031,414377.33230229863,0.13671673925891012
2300,600,42344.93258939453,1019182.9280647985,545088.8282696613,0.07768446240920945
1500,900,43084.041722139846,1719537.8929639314,1211849.0721664052,0.035552316465547254
2500,500,17275.433112252234,652242.3047548938,394056.2697056109,0.043840015856512725
1500,1000,19355.87075851322,1979655.2284341971,1345047.1341998018,0.014390477676478197
2400,700,47929.475943233716,918896.8844910312,574171.2069099577,0.08347593081369906
2300,700,33736.693922925755,936925.6866164944,598246.972023061,0.05639258617363346
5000,800,10918.00515733174,408934.79200124304,311071.7580976556,0.03509802761941578
3500,700,47528.84571779319,734936.2940166871,411363.6902205748,0.11553972031976872
2700,1000,6429.550459269568,1208712.0066427568,715756.0940688263,0.008982879101622165
2300,600,16735.642718997835,870314.1247673787,545320.4403206304,0.030689556967932154
3100,800,67047.92976735103,916929.325007091,518432.59265745385,0.12932815320052976
2500,500,41583.8887780742,685140.4773824562,413208.28565323184,0.10063662860084026
4500,900,44514.27070659009,550950.2523719941,392495.3331152168,0.1134135031702987
4000,800,56652.31769517611,583129.1399697524,404017.89899474115,0.14022229667580524
4000,900,23191.77054439625,711921.0266593461,445544.69544427475,0.05205262408358512
1500,900,43088.87535685674,1761834.8514106164,1209444.9745925602,0.03562698284092883
3500,1000,15233.370177862094,1006997.1299860956,563889.6857800067,0.02701480548769103
2400,700,47528.84571779319,1004598.3441779544,599905.3815716716,0.07922723679069855
2300,600,41874.01463545452,824952.1615761009,534799.9799706156,0.07829845961803378
2500,500,11716.408434088415,661470.0736838335,409432.94275099377,0.02861618402116222
1500,1000,34959.565944001086,1834680.3008174286,1343462.4150484968,0.026021990308332594
5000,800,35849.240108018,410604.2518571762,314141.9693908041,0.11411795812427798
3500,700,39531.428079881196,716213.9331452921,409549.22117922193,0.09652424186293822
1500,900,7182.303444955976,1621672.882759958,1188119.1878513992,0.0060451034865824285
3100,800,19372.669183184087,955111.3232299467,516318.19742493436,0.03752079488928067
2300,600,10516.982614719738,863089.2748053087,527282.6987951747,0.01994562430883989
4500,900,17153.509809631636,545351.8196162116,400281.3761249694,0.042853629553517486
2500,500,19642.388650516023,703729.2837681506,392678.8698163129,0.05002150652950674
3500,1000,5478.701447687448,1026858.0704443599,552154.7011388089,0.00992240297218828
5000,800,67047.92976735103,463361.0549400572,321428.2074476214,0.20859379548472542
4000,900,44514.27070659009,671051.608742117,441557.24975461897,0.10081200281804328
1500,1000,43908.799549583106,1929769.0612485688,1339714.0408837413,0.032774755066848967
2700,1000,19355.87075851322,1316282.9169318338,747248.4078887788,0.025902859817660752
2400,700,39531.428079881196,974324.7124771792,597259.2808863652,0.06618805156315764
3500,700,92517.04642495468,745492.327163181,414016.2606513328,0.2234623497140096
1500,900,44514.27070659009,1638163.532828919,1177485.9993456504,0.037804501056766235
2300,600,21744.50555714893,860007.8838191798,519332.96853487915,0.04187006578552799
2500,500,77416.64199583024,853615.8337194736,402656.77519777167,0.19226459546795346
1500,1000,19093.37990019766,1824961.4138184933,1356490.9992859592,0.014075566966716468
5000,800,19372.669183184087,448813.297928423,320117.2824034593,0.060517411111743025
1500,900,17153.509809631636,1667857.7508508707,1200844.1283749081,0.01428454318450583
3100,800,40828.80999211364,965159.8550488012,528823.7635913902,0.07720683676322289
4500,900,24381.53813231601,508965.30265475553,389548.02188249014,0.062589300324238
3500,1000,19355.87075851322,1055272.5137922738,576448.7717999151,0.03357778124511579
2300,600,24575.21580707186,893285.2011276208,527229.0484524736,0.04661202921046404
3500,700,67760.94213900881,678704.0115561936,375499.0810157588,0.18045568035934834
4000,900,17153.509809631636,698232.7217425795,450316.54814059054,0.03809211515868221
2400,700,85580.95991384673,987684.1980279802,603773.7134498603,0.14174343467994271
5000,800,40828.80999211364,432031.92794673925,327870.733426662,0.12452715606971432
2700,1000,34959.565944001086,1239203.2599259159,746368.008360276,0.04683958255499867
1500,900,26441.949805469478,1552769.535437298,1168644.0656474705,0.022626178990452234
2300,600,40394.65277207093,768003.356159073,506575.5332969107,0.0797406311930882
1500,1000,18965.716115613304,1932655.6146463747,1374270.2114800527,0.013800572811068742
2400,700,67760.94213900881,925264.3997086575,547602.8264813148,0.12374103796069601
3100,800,17836.242064534585,883708.2503401082,514701.2735603633,0.03465358059278783
3500,700,25661.451129799905,662172.6114380497,387262.02088473976,0.0662637949137736
4500,900,44546.44314970347,544372.2708837837,395718.01806343347,0.11257117724309103
3500,1000,34959.565944001086,967350.8238259688,575769.6064493558,0.06071797738610938
4000,900,24381.53813231601,610761.1726291314,438241.5246178014,0.05563493362154488
5000,800,17836.242064534585,424145.72599971446,319114.7896074252,0.05589287192385134
1500,900,44546.44314970347,1686425.4773903391,1187154.0541903004,0.03752372574769701
1500,1000,13643.809952897607,1679437.0967237656,1275217.80931263,0.010699199660842186
2400,700,25661.451129799905,878011.00426227,564757.1137902455,0.045438030798016185
3500,700,33736.693922925755,629472.0427922169,393133.72447229724,0.08581480504683353
2700,1000,43908.799549583106,1297887.5892547981,744285.5782687452,0.05899455912032814
3100,800,56652.31769517611,832636.5468984474,521313.4180577305,0.10867227992374907
1500,900,24549.368714437423,1692042.2595094587,1213624.7074727179,0.02022813853679663
4500,900,21965.224639233482,556127.0883946129,404541.5691575726,0.05429658238824359
5000,800,56652.31769517611,424836.3304594061,323214.3191957929,0.17527787084475657
2400,700,33736.693922925755,866105.281479372,573320.0148554335,0.058844437746400136
4000,900,44546.44314970347,660629.1607853958,445182.77032136265,0.10006326866052537
3500,1000,43908.799549583106,950745.2552272434,574163.1603787463,0.07647442848931425
2700,1000,24766.632288313147,1230924.3724445442,753606.1107144217,0.03286416064863683
4000,900,21965.224639233482,753461.5440991288,455109.26530226914,0.04826362878954986
3500,1000,24766.632288313147,926269.7229543842,581353.2854082682,0.042601689729714405
2700,1000,18965.716115613304,1309521.8889969734,763483.4508222515,0.024841031059923736
3500,1000,18965.716115613304,977747.6645458535,588972.9477771654,0.032201336559160396
2700,1000,13643.809952897607,1081320.2652919032,708454.3385070167,0.019258559389515935
3500,1000,13643.809952897607,850863.0249335496,546521.9182768414,0.02496479920863177
